843 1000
1 2
2 3
1 4
1 5
5 6
2 7
7 8
5 9
2 10
3 11
7 12
6 13
10 14
6 15
14 16
6 17
4 18
17 19
18 20
17 21
6 22
14 23
7 24
12 25
13 26
20 27
7 28
9 29
24 30
4 31
16 32
3 33
12 34
12 35
34 36
34 37
2 38
8 39
39 40
23 41
36 42
20 43
36 44
42 45
25 46
41 47
28 48
41 49
27 50
46 51
47 52
11 53
47 54
3 55
28 56
22 57
9 58
23 59
10 60
46 61
16 62
5 63
34 64
6 65
15 66
35 67
50 68
17 69
28 70
29 71
4 72
33 73
53 74
66 75
41 76
41 77
70 78
31 79
56 80
78 81
2 82
82 83
55 84
46 85
77 86
19 87
17 88
88 89
73 90
90 91
85 92
66 93
4 94
62 95
17 96
12 97
97 98
79 99
15 100
83 101
92 102
48 103
99 104
13 105
46 106
48 107
24 108
100 109
21 110
60 111
106 112
104 113
75 114
86 115
105 116
74 117
39 118
32 119
45 120
18 121
90 122
76 123
69 124
122 125
40 126
26 127
101 128
110 129
109 130
61 131
41 132
44 133
97 134
40 135
70 136
75 137
128 138
110 139
114 140
89 141
13 142
131 143
17 144
108 145
29 146
4 147
140 148
106 149
66 150
61 151
22 152
114 153
137 154
142 155
77 156
151 157
14 158
79 159
131 160
157 161
67 162
139 163
22 164
76 165
31 166
2 167
80 168
51 169
48 170
146 171
9 172
167 173
162 174
29 175
52 176
57 177
8 178
82 179
88 180
116 181
46 182
144 183
103 184
27 185
68 186
181 187
31 188
44 189
166 190
136 191
112 192
128 193
179 194
101 195
112 196
125 197
70 198
164 199
115 200
143 201
104 202
180 203
155 204
99 205
48 206
182 207
135 208
108 209
36 210
88 211
123 212
134 213
176 214
3 215
117 216
146 217
54 218
138 219
89 220
103 221
97 222
62 223
71 224
214 225
129 226
87 227
120 228
90 229
100 230
67 231
177 232
3 233
75 234
55 235
53 236
153 237
17 238
105 239
86 240
217 241
203 242
70 243
235 244
42 245
66 246
178 247
133 248
147 249
89 250
200 251
136 252
158 253
116 254
249 255
119 256
216 257
202 258
227 259
109 260
115 261
176 262
13 263
260 264
235 265
22 266
34 267
49 268
232 269
79 270
223 271
136 272
87 273
168 274
195 275
109 276
11 277
187 278
7 279
161 280
208 281
269 282
202 283
195 284
54 285
126 286
191 287
27 288
250 289
177 290
162 291
41 292
33 293
33 294
8 295
224 296
33 297
273 298
116 299
211 300
49 301
12 302
270 303
252 304
172 305
285 306
199 307
25 308
210 309
84 310
61 311
146 312
134 313
294 314
202 315
129 316
116 317
296 318
235 319
193 320
18 321
213 322
172 323
235 324
159 325
295 326
256 327
326 328
24 329
23 330
37 331
20 332
27 333
144 334
202 335
39 336
123 337
37 338
186 339
80 340
277 341
16 342
243 343
90 344
6 345
49 346
339 347
176 348
140 349
221 350
31 351
323 352
332 353
166 354
210 355
297 356
240 357
321 358
341 359
225 360
268 361
131 362
296 363
192 364
113 365
223 366
287 367
227 368
97 369
106 370
44 371
40 372
284 373
59 374
190 375
105 376
294 377
28 378
306 379
152 380
69 381
49 382
197 383
69 384
328 385
251 386
51 387
74 388
230 389
142 390
332 391
258 392
363 393
368 394
273 395
33 396
218 397
317 398
150 399
323 400
72 401
361 402
362 403
39 404
53 405
51 406
348 407
158 408
58 409
175 410
252 411
346 412
105 413
298 414
309 415
263 416
44 417
332 418
11 419
408 420
90 421
58 422
51 423
85 424
258 425
62 426
171 427
11 428
189 429
3 430
378 431
424 432
222 433
80 434
314 435
86 436
16 437
384 438
415 439
366 440
66 441
59 442
35 443
59 444
384 445
211 446
47 447
140 448
75 449
188 450
287 451
287 452
14 453
170 454
108 455
227 456
176 457
25 458
217 459
76 460
446 461
388 462
165 463
47 464
109 465
163 466
86 467
336 468
168 469
102 470
230 471
301 472
358 473
113 474
76 475
170 476
313 477
387 478
222 479
49 480
231 481
147 482
475 483
25 484
424 485
424 486
112 487
42 488
438 489
30 490
291 491
73 492
333 493
120 494
455 495
190 496
475 497
169 498
322 499
139 500
222 501
410 502
98 503
325 504
237 505
454 506
381 507
94 508
481 509
433 510
498 511
363 512
259 513
97 514
386 515
422 516
378 517
108 518
164 519
322 520
343 521
408 522
414 523
331 524
274 525
14 526
192 527
144 528
54 529
332 530
329 531
88 532
135 533
223 534
452 535
217 536
60 537
148 538
475 539
185 540
462 541
248 542
505 543
46 544
94 545
77 546
118 547
497 548
286 549
344 550
253 551
414 552
82 553
550 554
102 555
454 556
30 557
185 558
508 559
523 560
411 561
301 562
401 563
239 564
440 565
264 566
265 567
519 568
304 569
532 570
381 571
163 572
557 573
91 574
351 575
462 576
14 577
436 578
57 579
73 580
125 581
372 582
373 583
50 584
480 585
134 586
368 587
557 588
476 589
513 590
569 591
279 592
363 593
285 594
49 595
457 596
219 597
158 598
43 599
595 600
582 601
24 602
164 603
112 604
103 605
56 606
392 607
387 608
528 609
150 610
452 611
194 612
483 613
420 614
58 615
93 616
415 617
122 618
128 619
344 620
441 621
379 622
233 623
524 624
444 625
178 626
372 627
221 628
111 629
511 630
54 631
81 632
352 633
169 634
90 635
492 636
67 637
251 638
266 639
525 640
441 641
131 642
128 643
258 644
235 645
407 646
538 647
516 648
285 649
172 650
382 651
75 652
291 653
562 654
100 655
149 656
438 657
309 658
326 659
107 660
286 661
449 662
646 663
71 664
491 665
426 666
213 667
432 668
186 669
373 670
3 671
455 672
122 673
641 674
271 675
242 676
554 677
4 678
425 679
93 680
196 681
567 682
340 683
82 684
572 685
555 686
248 687
207 688
277 689
557 690
342 691
391 692
460 693
398 694
328 695
247 696
19 697
457 698
359 699
170 700
601 701
643 702
381 703
639 704
215 705
52 706
679 707
528 708
552 709
447 710
3 711
621 712
645 713
607 714
338 715
19 716
458 717
460 718
643 719
170 720
175 721
83 722
222 723
619 724
600 725
171 726
548 727
276 728
510 729
128 730
270 731
482 732
97 733
68 734
568 735
489 736
424 737
418 738
150 739
639 740
291 741
557 742
6 743
476 744
295 745
247 746
253 747
495 748
15 749
142 750
539 751
565 752
507 753
729 754
182 755
169 756
234 757
699 758
265 759
753 760
468 761
192 762
581 763
1 764
542 765
537 766
650 767
563 768
642 769
99 770
692 771
295 772
541 773
414 774
31 775
272 776
744 777
655 778
149 779
307 780
113 781
63 782
148 783
586 784
156 785
757 786
473 787
171 788
83 789
490 790
775 791
378 792
30 793
367 794
755 795
624 796
94 797
393 798
90 799
36 800
422 801
216 802
692 803
758 804
190 805
312 806
295 807
701 808
96 809
217 810
752 811
723 812
636 813
481 814
487 815
552 816
728 817
375 818
477 819
712 820
598 821
549 822
158 823
421 824
386 825
416 826
223 827
718 828
686 829
750 830
414 831
728 832
822 833
299 834
258 835
96 836
672 837
796 838
253 839
631 840
404 841
6 842
724 843
655 3
24 2
741 3
206 5
573 5
197 4
143 9
694 6
242 10
791 707
349 10
71 4
681 1
397 4
507 8
170 2
177 8
313 5
356 1
97 44
419 5
599 1
542 4
490 8
156 9
68 8
384 2
189 10
677 1
767 797
244 3
324 9
190 6
528 10
322 2
293 2
717 2
563 1
105 1
398 54
618 6
104 5
645 10
436 7
128 2
811 2
103 2
612 2
276 8
83 530
819 1
759 1
62 9
487 2
586 4
243 7
328 4
337 6
368 10
84 425
487 2
11 9
391 9
125 3
750 4
682 8
492 1
777 6
82 4
721 133
343 1
342 3
36 8
168 6
744 7
470 1
723 8
448 8
426 9
693 529
805 5
644 6
401 6
266 5
803 9
490 7
428 2
254 7
754 10
436 803
327 6
471 1
666 5
256 3
779 10
357 2
642 3
762 4
209 7
669 598
835 9
58 1
691 7
672 7
170 2
324 3
723 1
573 9
489 5
179 369
554 3
164 9
460 7
299 9
485 3
99 9
242 4
800 9
781 5
227 428
353 5
27 10
271 4
141 5
468 9
265 7
169 3
197 8
150 9
815 382
168 5
836 5
731 3
836 3
830 1
542 4
185 8
723 3
273 2
11 589
632 2
664 9
371 2
143 3
810 5
649 5
570 6
211 10
163 2
832 560
668 2
431 9
768 6
728 6
833 7
737 2
472 1
591 7
217 4
87 124
64 9
522 9
713 8
104 8
643 2
641 6
374 3
33 8
714 2
249 139
677 4
147 9
502 10
606 1
684 1
723 3
235 6
729 8
22 4
60 750
586 10
505 5
286 10
459 9
688 5
481 3
382 8
623 6
375 9
719 501
207 2
87 9
647 2
826 6
810 4
152 9
547 7
424 5
621 1
799 106
125 2
381 5
152 2
268 10
433 3
161 6
461 6
276 1
258 5
154 96
416 3
204 1
79 2
675 1
527 5
337 9
238 7
614 1
408 7
766 752
349 3
391 7
330 2
656 1
480 10
667 7
836 3
260 10
135 2
35 338
89 3
621 8
32 9
8 3
83 7
354 1
807 8
243 1
470 6
43 456
350 8
161 2
734 3
22 4
84 5
609 8
150 9
513 10
709 5
546 184
320 5
415 2
245 4
411 7
747 2
634 6
48 3
642 2
655 4
81 542
410 10
667 10
530 5
831 9
316 9
516 8
577 2
290 6
196 4
540 811
94 6
717 8
81 3
833 8
533 3
635 9
379 9
276 9
199 9
596 398
729 3
531 9
377 3
297 9
816 9
248 5
147 10
255 1
166 1
345 784
537 1
302 7
33 4
144 9
102 2
111 10
61 3
798 10
575 9
439 177
478 6
504 8
599 10
820 5
441 5
470 7
397 5
544 8
424 5
184 728
301 5
457 1
233 6
506 7
598 6
154 1
502 6
549 6
124 3
714 554
490 6
13 9
146 4
294 6
701 4
434 7
41 3
110 9
462 3
436 198
401 9
574 5
422 10
754 7
764 9
143 5
80 2
122 7
842 5
90 152
30 1
785 10
277 10
265 4
646 4
680 8
183 7
366 3
316 5
294 682
241 4
781 9
321 6
597 3
597 3
679 3
593 9
408 4
495 7
74 277
626 9
441 10
3 1
288 9
214 10
425 9
674 10
827 5
70 8
570 581
31 6
176 2
127 7
144 9
783 4
311 4
101 4
192 3
664 6
808 736
700 4
176 9
302 3
550 6
379 5
23 9
62 6
720 10
429 5
42 557
167 4
516 10
750 4
650 10
833 3
229 6
241 5
524 4
84 1
604 525
566 7
179 9
102 6
24 10
246 10
771 9
30 10
136 6
500 2
705 670
581 8
33 9
383 10
305 7
711 1
452 10
386 1
216 8
206 8
681 216
656 1
59 8
533 4
637 1
592 6
604 9
345 6
180 4
489 8
48 300
813 3
97 8
219 8
139 4
448 2
250 6
615 8
584 6
192 8
738 199
176 3
614 1
287 8
531 3
772 3
318 1
63 10
152 8
623 6
473 371
594 7
23 6
325 8
27 4
214 1
46 10
660 6
65 1
439 4
747 828
735 1
356 2
405 4
763 3
163 5
93 6
534 7
131 8
650 5
100 144
241 4
630 8
275 5
572 7
54 3
120 3
108 1
656 2
425 8
507 145
788 2
671 10
69 6
182 7
136 9
418 2
139 5
601 5
411 6
790 323
325 3
620 2
347 9
723 2
680 8
369 6
196 7
639 10
347 3
671 226
482 2
772 1
132 9
202 9
308 7
790 4
53 4
16 7
627 8
451 822
430 3
759 4
565 5
841 6
612 3
805 10
85 9
433 8
28 5
408 16
707 5
627 4
782 3
191 8
3 7
616 5
634 6
395 1
166 6
387 619
555 5
607 10
732 9
201 5
681 4
73 8
216 4
87 8
611 2
529 392
552 10
162 1
211 7
606 4
99 9
111 3
661 7
522 4
792 5
726 754
671 5
596 7
466 10
44 7
778 6
607 3
297 10
50 8
3 8
13 74
344 3
76 5
814 5
451 7
732 6
801 5
87 3
362 2
298 10
683 299
348 4
148 7
661 8
842 3
627 1
736 5
511 6
445 9
462 9
683 211
597 7
110 3
215 2
419 6
213 8
833 6
526 5
206 5
11 5
699 87
425 2
263 3
352 7
256 5
149 8
517 7
666 6
753 9
100 4
443 152
165 5
340 4
162 7
359 4
457 1
180 1
521 3
365 6
795 6
471 714
767 7
386 9
106 8
89 1
559 10
416 7
112 3
564 7
366 6
150 265
165 6
825 1
773 5
540 3
391 5
718 6
69 9
396 2
511 2
842 548
130 3
565 4
434 8
569 4
66 4
810 10
435 2
775 5
21 6
316 153
650 6
372 10
582 2
483 3
266 1
465 4
338 9
101 4
825 3
92 351
399 6
200 2
735 7
445 8
58 6
576 2
499 2
666 6
187 9
766 608
276 6
420 1
193 6
403 10
82 8
69 6
435 8
665 1
23 10
404 397
466 3
504 3
688 2
619 2
99 5
690 3
506 6
459 5
112 9
604 685
260 10
527 4
668 5
711 9
802 7
351 10
70 8
174 1
546 9
166 756
779 7
654 9
817 3
788 1
473 6
509 7
731 2
390 2
54 2
427 33
563 1
569 5
561 1
828 8
693 10
423 6
85 3
414 3
173 9
787 190
732 10
660 9
421 10
664 1
51 9
692 2
32 9
531 3
71 1
706 676
655 6
428 6
211 5
414 7
572 5
353 6
197 1
90 7
227 1
687 179
27 2
656 8
441 7
725 8
242 1
511 6
189 8
609 7
495 7
244 253
441 9
839 10
787 9
826 3
809 2
483 6
663 8
65 7
307 3
721 508
363 9
446 3
171 6
321 4
219 8
249 2
352 7
695 9
732 7
270 309
176 8
382 6
439 3
336 8
71 1
31 4
102 9
635 9
211 5
622 95
55 8
375 8
523 4
697 3
269 9
725 5
376 2
97 7
7 4
371 419
785 2
694 10
331 1
496 3
713 3
69 1
132 8
674 9
691 4
268 680
385 5
784 8
351 1
820 2
832 2
574 8
744 7
359 4
698 2
74 487
4 5
645 3
661 6
536 2
388 8
365 6
341 4
408 1
776 7
607 705
481 5
699 7
409 4
829 3
757 5
152 6
623 4
648 6
199 7
140 352
317 10
172 2
23 2
805 4
649 1
775 6
300 7
833 7
365 7
350 739
160 2
374 3
312 7
434 1
317 6
313 7
424 1
14 10
235 3
766 301
96 3
306 6
226 6
237 4
836 3
722 8
237 8
288 8
595 4
37 63
226 8
674 4
785 6
784 1
704 5
812 4
827 4
112 1
699 4
76 510
819 3
376 6
365 7
61 6
139 9
5 10
330 5
75 1
198 8
197 330
601 1
776 2
494 3
805 1
82 3
757 10
472 3
503 4
315 4
637 320
78 9
553 3
328 7
83 4
679 3
575 9
480 3
418 9
613 9
428 141
622 7
658 1
685 7
767 5
92 7
47 10
153 9
843 7
685 8
837 262
416 10
142 2
146 1
278 9
271 5
296 8
70 2
426 5
480 9
272 193
567 1
660 5
349 10
814 6
350 10
193 6
639 5
26 10
578 1
638 394
594 1
542 10
731 3
309 2
719 7
146 4
686 3
484 9
348 9
495 210
246 1
327 5
363 10
135 3
506 1
163 6
767 9
836 7
522 7
467 538
578 10
368 6
747 5
361 8
210 7
458 1
552 3
371 4
364 4
67 676
641 8
654 8
129 1
674 8
88 5
309 9
284 7
703 3
570 4
30 839
59 3
180 4
332 4
254 2
324 5
621 5
453 6
742 4
714 8
372 187
94 2
784 4
478 2
317 7
378 4
651 4
715 7
354 6
320 10
582 80
752 2
318 6
721 10
748 7
146 8
579 10
125 8
616 10
293 1
792 443
520 5
758 8
212 6
171 6
97 7
331 7
738 5
690 7
294 10
764 251
