497 1000
1 2
1 3
2 4
3 5
2 6
2 7
4 8
5 9
8 10
1 11
8 12
4 13
11 14
7 15
10 16
6 17
1 18
11 19
2 20
2 21
3 22
1 23
21 24
5 25
7 26
23 27
2 28
4 29
29 30
22 31
11 32
21 33
16 34
22 35
18 36
8 37
20 38
34 39
5 40
21 41
10 42
2 43
7 44
36 45
9 46
35 47
20 48
1 49
19 50
7 51
10 52
40 53
53 54
8 55
7 56
8 57
55 58
3 59
25 60
43 61
29 62
57 63
16 64
32 65
58 66
58 67
60 68
52 69
24 70
38 71
55 72
46 73
73 74
54 75
15 76
73 77
3 78
43 79
34 80
26 81
60 82
40 83
83 84
51 85
11 86
57 87
12 88
38 89
69 90
88 91
58 92
45 93
52 94
56 95
92 96
40 97
85 98
87 99
4 100
9 101
10 102
70 103
5 104
63 105
100 106
52 107
101 108
74 109
76 110
71 111
58 112
93 113
76 114
70 115
9 116
38 117
40 118
18 119
17 120
65 121
29 122
25 123
36 124
95 125
27 126
84 127
101 128
74 129
80 130
124 131
46 132
129 133
30 134
29 135
102 136
98 137
71 138
55 139
114 140
18 141
118 142
130 143
80 144
126 145
145 146
15 147
91 148
76 149
126 150
11 151
67 152
130 153
2 154
123 155
16 156
141 157
61 158
10 159
45 160
12 161
46 162
55 163
10 164
52 165
65 166
4 167
127 168
60 169
116 170
81 171
34 172
93 173
9 174
118 175
61 176
58 177
157 178
15 179
158 180
50 181
106 182
130 183
108 184
4 185
84 186
23 187
25 188
110 189
87 190
178 191
16 192
67 193
100 194
114 195
45 196
100 197
189 198
84 199
123 200
175 201
48 202
192 203
80 204
87 205
133 206
120 207
120 208
140 209
17 210
55 211
167 212
138 213
31 214
53 215
8 216
16 217
157 218
69 219
203 220
209 221
168 222
102 223
56 224
53 225
75 226
139 227
2 228
186 229
39 230
132 231
193 232
153 233
45 234
223 235
96 236
177 237
55 238
182 239
41 240
31 241
236 242
236 243
62 244
207 245
43 246
132 247
58 248
133 249
175 250
59 251
11 252
84 253
182 254
104 255
213 256
95 257
16 258
1 259
6 260
254 261
190 262
198 263
171 264
104 265
220 266
212 267
131 268
255 269
40 270
180 271
259 272
260 273
221 274
215 275
201 276
20 277
70 278
182 279
27 280
92 281
40 282
93 283
226 284
151 285
234 286
256 287
132 288
218 289
87 290
256 291
220 292
52 293
71 294
141 295
19 296
143 297
104 298
266 299
97 300
94 301
34 302
287 303
132 304
124 305
60 306
227 307
230 308
280 309
221 310
16 311
82 312
175 313
184 314
200 315
13 316
231 317
202 318
277 319
316 320
320 321
295 322
38 323
150 324
177 325
319 326
80 327
87 328
233 329
28 330
111 331
232 332
5 333
241 334
328 335
86 336
320 337
67 338
300 339
111 340
18 341
1 342
144 343
311 344
262 345
239 346
43 347
12 348
46 349
249 350
124 351
337 352
69 353
227 354
236 355
237 356
179 357
142 358
207 359
75 360
273 361
121 362
252 363
95 364
74 365
122 366
297 367
190 368
43 369
102 370
136 371
173 372
88 373
358 374
293 375
258 376
304 377
226 378
62 379
361 380
217 381
266 382
365 383
200 384
150 385
19 386
66 387
65 388
121 389
237 390
89 391
206 392
261 393
333 394
233 395
23 396
204 397
50 398
93 399
154 400
266 401
344 402
12 403
53 404
371 405
357 406
90 407
293 408
233 409
159 410
219 411
344 412
395 413
121 414
256 415
342 416
35 417
65 418
260 419
369 420
81 421
95 422
164 423
273 424
209 425
85 426
50 427
163 428
118 429
81 430
385 431
65 432
68 433
90 434
275 435
408 436
210 437
195 438
77 439
118 440
232 441
111 442
235 443
369 444
438 445
135 446
254 447
226 448
224 449
398 450
402 451
358 452
335 453
92 454
253 455
220 456
337 457
266 458
4 459
163 460
435 461
349 462
352 463
314 464
31 465
174 466
317 467
211 468
436 469
181 470
220 471
175 472
195 473
399 474
463 475
70 476
162 477
187 478
441 479
246 480
353 481
186 482
458 483
212 484
82 485
158 486
224 487
407 488
268 489
240 490
180 491
58 492
384 493
408 494
71 495
232 496
345 497
383 8
89 4
464 1
74 8
317 2
330 6
288 1
1 6
199 9
262 26
161 8
331 1
461 5
63 6
425 6
61 8
73 9
137 2
485 6
290 438
52 4
196 4
179 3
35 3
397 9
477 3
372 8
57 3
93 9
443 446
378 8
56 6
306 6
194 1
97 7
215 10
128 9
69 1
132 2
359 351
320 10
120 7
21 7
172 4
411 10
412 2
196 5
141 2
219 6
245 36
479 1
387 6
450 6
79 1
101 9
372 10
185 1
298 4
26 8
193 190
136 8
26 2
11 4
328 10
144 7
291 6
95 2
284 8
472 4
408 480
323 7
420 8
354 3
434 9
443 1
296 9
134 6
219 1
465 9
86 240
25 7
462 3
177 2
243 10
311 4
47 2
176 6
188 8
250 3
487 485
340 7
475 3
351 6
190 3
34 1
256 1
286 2
71 7
319 8
204 245
334 5
277 9
53 2
135 10
182 3
291 10
410 1
12 9
65 6
245 349
94 9
217 2
189 6
409 7
269 1
380 9
205 6
328 9
272 10
229 31
434 4
59 8
112 2
159 7
364 1
438 10
158 10
43 7
324 8
222 245
319 7
113 5
379 9
192 2
354 10
149 6
322 4
47 3
277 1
212 420
241 4
138 9
208 2
46 3
345 2
354 9
122 3
288 6
100 2
94 191
91 6
117 7
280 6
238 7
391 6
208 9
7 5
291 7
313 9
299 469
171 9
107 10
332 8
374 3
384 2
21 2
484 4
486 2
371 4
61 331
148 10
336 6
10 5
243 2
304 9
400 10
309 9
235 6
449 6
189 188
35 2
420 6
438 7
262 3
175 9
46 8
2 8
72 5
468 5
331 439
169 9
398 2
328 5
378 7
309 5
404 6
13 7
300 8
315 2
341 143
172 3
408 3
356 6
344 9
118 4
333 10
125 6
82 8
166 7
14 351
1 2
23 6
442 8
5 7
463 3
194 6
17 7
431 5
315 3
221 371
325 4
228 4
272 9
25 1
19 1
331 10
192 6
381 2
195 6
393 252
358 3
187 6
405 8
320 9
308 4
457 5
59 5
436 3
329 6
60 55
416 1
374 4
37 1
383 5
401 6
117 7
339 7
129 1
116 5
353 284
399 10
270 9
18 6
301 6
194 10
374 1
450 6
323 5
357 2
270 14
191 5
372 6
357 1
80 8
487 9
412 6
27 8
447 7
289 3
334 183
228 1
29 10
322 5
221 3
420 9
72 1
206 1
136 3
73 9
288 213
325 9
71 10
112 5
224 2
359 3
269 5
347 7
387 10
223 3
157 164
38 9
51 9
60 4
373 1
15 5
463 3
393 7
411 6
382 4
153 237
120 3
287 10
468 10
62 4
263 9
160 3
175 4
433 6
40 9
434 226
245 6
343 9
302 1
356 3
492 4
96 4
77 8
460 9
211 10
452 309
208 9
127 10
131 4
204 7
8 7
5 7
367 9
115 10
384 4
295 161
244 9
410 5
483 2
279 7
162 4
348 4
215 2
153 5
344 8
54 61
244 4
329 2
149 8
201 2
148 8
277 9
20 5
194 9
402 6
241 352
30 10
389 6
196 7
198 7
488 7
276 4
67 3
384 4
208 4
224 403
290 10
43 2
456 3
362 7
424 4
116 10
291 7
202 3
5 9
40 468
281 2
266 4
466 3
411 3
206 9
160 3
197 2
350 4
222 2
483 93
375 2
26 1
381 6
286 4
368 1
224 3
429 10
298 9
427 1
402 71
19 9
314 3
344 3
400 10
92 1
343 6
232 5
328 3
348 10
40 256
339 4
312 1
160 1
151 5
12 3
48 6
328 6
133 3
24 9
392 199
162 3
271 4
408 7
82 1
52 2
428 9
18 9
208 5
249 8
272 153
100 10
23 5
102 3
49 5
299 8
203 3
307 9
32 1
372 1
281 474
194 5
492 4
327 10
346 3
403 10
126 9
87 4
198 2
178 5
292 145
372 10
309 8
252 9
178 6
65 5
30 2
215 7
58 7
353 5
469 424
175 8
269 6
469 9
200 5
496 10
336 2
417 6
179 4
226 7
158 82
166 4
41 10
116 9
203 7
209 7
90 9
340 7
217 10
306 9
169 445
496 8
39 9
197 3
433 1
29 9
434 8
286 6
374 10
433 10
142 368
78 2
11 6
128 3
148 1
488 8
34 9
288 1
123 8
422 9
20 336
413 3
82 10
163 10
345 7
59 4
155 2
344 8
373 1
215 1
4 107
51 7
431 1
317 7
41 9
384 4
175 5
39 6
141 8
414 3
126 23
363 4
149 6
128 7
438 7
303 7
409 4
377 4
396 4
54 3
400 19
108 2
391 4
405 9
60 7
448 3
332 3
126 8
181 9
425 3
150 273
1 6
469 1
251 4
362 6
165 9
15 9
248 1
389 4
124 6
83 262
469 1
143 10
425 8
471 6
169 10
66 5
290 9
418 6
74 3
170 153
470 7
359 5
104 4
412 3
185 6
288 4
173 10
137 7
157 9
78 197
414 9
281 5
35 7
449 9
355 8
118 4
115 3
377 6
256 6
52 251
38 7
244 8
106 2
429 4
431 1
283 3
133 9
2 2
273 1
383 451
428 4
431 10
93 10
389 3
190 2
467 1
117 7
478 4
119 10
224 321
119 5
493 4
483 3
383 4
482 1
490 5
232 8
212 2
360 5
228 36
105 1
255 7
114 6
386 7
399 8
386 4
427 6
28 1
295 2
386 394
133 1
246 6
132 6
436 3
298 9
90 9
127 2
375 6
242 6
247 76
320 1
143 2
304 6
321 8
347 4
445 7
243 3
105 10
495 9
16 433
256 3
71 9
143 5
459 1
240 4
120 10
439 3
459 6
191 2
100 88
73 10
426 7
387 8
19 8
447 10
299 1
325 8
405 1
399 9
241 225
25 1
333 5
285 6
488 10
18 9
139 10
379 3
369 9
323 7
187 271
450 4
36 3
480 10
22 4
423 7
289 4
101 7
104 7
336 1
429 495
240 8
160 4
55 10
345 7
385 8
466 2
398 8
80 2
397 5
316 256
445 1
433 7
331 5
242 10
91 5
260 2
473 4
418 9
421 3
269 38
52 8
244 6
154 10
275 4
49 8
326 7
218 7
1 1
191 8
422 35
298 9
80 8
494 4
448 9
366 7
216 4
29 6
384 10
391 10
477 70
23 9
26 1
461 8
231 1
405 8
207 4
428 5
82 5
2 10
313 303
483 5
4 5
459 1
83 1
57 5
417 3
195 4
43 10
405 2
337 229
390 2
186 5
400 7
49 7
111 3
420 9
388 4
369 9
448 10
81 453
118 6
287 4
145 7
487 2
281 6
68 1
92 4
403 6
60 1
12 322
227 8
293 6
253 6
158 2
215 8
382 1
430 7
461 2
259 10
448 464
360 8
301 3
437 4
449 3
244 9
329 9
41 5
468 8
300 1
250 14
497 3
81 6
194 3
319 9
139 6
70 3
381 4
16 2
54 4
493 441
494 3
57 1
361 9
46 7
68 3
493 7
249 10
14 2
195 7
71 419
380 9
395 2
44 9
148 9
283 4
364 8
242 1
407 2
433 2
27 164
304 7
362 5
92 5
11 10
41 7
28 9
191 3
153 3
19 4
223 475
131 7
410 10
24 5
258 8
249 9
214 9
10 4
46 1
114 5
29 325
246 10
5 6
254 3
92 10
102 10
189 8
450 3
49 6
357 3
74 362
325 1
394 10
17 5
303 3
432 7
39 7
334 5
494 7
437 2
347 347
108 7
42 5
102 4
421 3
360 7
208 7
304 9
104 8
36 1
37 437
180 2
99 1
180 7
326 7
200 2
334 6
352 6
422 4
276 5
295 418
325 5
31 9
295 10
338 6
313 6
259 6
253 4
267 7
301 2
148 455
1 5
110 2
152 4
19 7
196 4
255 10
315 9
174 4
393 4
114 129
320 8
96 6
103 8
107 6
464 6
192 1
318 4
351 6
248 10
496 227
461 3
425 10
138 7
112 6
164 6
223 3
312 7
91 4
323 7
308 387
494 1
143 7
395 5
128 4
197 6
364 10
56 5
224 9
187 3
108 315
268 9
323 10
116 2
17 1
417 3
209 9
64 2
410 4
99 4
16 71
3 9
347 2
457 6
360 5
120 9
106 1
457 10
222 6
198 10
243 331
40 2
130 1
223 1
15 6
349 9
418 4
296 7
2 7
434 1
28 361
228 8
105 10
240 2
214 1
143 9
497 1
447 6
335 7
244 6
313 492
111 8
96 2
426 5
361 1
210 5
342 1
16 10
444 7
102 1
52 121
97 5
132 4
96 4
185 9
453 4
42 8
283 3
228 2
160 3
65 34
327 10
149 7
52 8
237 7
283 9
360 3
456 3
465 10
240 6
190 35
48 8
102 10
163 10
320 3
391 7
228 9
366 10
315 4
378 10
80 299
326 9
267 1
29 5
172 2
61 10
338 6
149 2
282 3
482 9
48 84
