213 1000
1 2
2 3
3 4
3 5
4 6
3 7
5 8
2 9
4 10
2 11
1 12
12 13
11 14
5 15
6 16
5 17
6 18
2 19
8 20
18 21
13 22
22 23
6 24
15 25
7 26
1 27
5 28
17 29
18 30
7 31
7 32
15 33
32 34
34 35
14 36
24 37
20 38
16 39
21 40
29 41
11 42
2 43
24 44
40 45
30 46
36 47
37 48
15 49
44 50
30 51
29 52
27 53
21 54
41 55
6 56
45 57
37 58
44 59
42 60
15 61
37 62
35 63
7 64
38 65
62 66
63 67
40 68
7 69
55 70
2 71
58 72
20 73
56 74
66 75
34 76
30 77
75 78
46 79
74 80
24 81
12 82
57 83
56 84
44 85
58 86
70 87
2 88
58 89
23 90
52 91
70 92
79 93
12 94
73 95
14 96
78 97
38 98
66 99
54 100
65 101
42 102
96 103
82 104
59 105
24 106
42 107
75 108
16 109
22 110
4 111
103 112
93 113
45 114
66 115
56 116
20 117
1 118
13 119
67 120
103 121
51 122
9 123
44 124
82 125
37 126
50 127
93 128
73 129
93 130
103 131
101 132
74 133
39 134
20 135
28 136
128 137
135 138
32 139
109 140
87 141
101 142
15 143
63 144
61 145
55 146
34 147
86 148
17 149
49 150
118 151
39 152
126 153
12 154
9 155
143 156
106 157
50 158
34 159
124 160
67 161
19 162
109 163
10 164
57 165
87 166
58 167
3 168
74 169
69 170
66 171
35 172
145 173
28 174
136 175
169 176
173 177
129 178
8 179
91 180
88 181
138 182
10 183
3 184
182 185
6 186
76 187
186 188
188 189
57 190
45 191
136 192
176 193
111 194
190 195
172 196
123 197
157 198
181 199
8 200
155 201
27 202
80 203
196 204
24 205
174 206
85 207
12 208
127 209
107 210
125 211
49 212
136 213
142 9
120 6
67 7
60 10
110 1
55 9
151 2
138 4
84 7
19 87
35 10
161 7
88 1
90 4
133 1
205 6
72 7
81 5
49 9
70 97
42 4
41 6
208 8
4 7
78 8
33 10
83 3
133 10
126 7
119 75
37 9
21 4
142 7
159 9
36 6
178 7
158 7
73 8
78 2
183 13
66 8
100 8
11 4
82 7
188 8
73 8
104 10
43 2
179 5
84 102
103 8
83 3
164 1
56 6
74 4
144 1
18 1
29 3
192 8
112 169
13 8
26 9
93 7
100 7
53 5
175 8
32 8
61 7
127 2
161 14
15 3
201 2
123 9
133 4
89 6
56 7
65 5
74 7
134 8
172 105
98 5
169 2
58 10
37 9
163 1
17 5
68 10
140 7
68 9
173 147
193 4
47 7
79 6
98 8
59 2
145 10
60 8
166 3
8 2
116 193
75 10
3 6
108 2
9 2
11 1
67 4
174 2
3 5
135 4
49 92
24 9
92 4
137 5
121 8
81 6
158 10
98 9
50 9
16 9
20 57
139 5
85 9
57 8
197 6
38 6
192 4
72 10
8 2
88 1
152 209
47 6
197 5
31 1
96 1
123 9
18 5
5 8
54 7
49 8
196 46
45 2
107 10
16 7
80 9
128 9
81 5
142 8
111 1
33 10
153 145
164 1
188 9
10 8
24 4
68 1
61 7
103 10
5 3
40 6
87 146
118 4
173 10
34 10
41 3
183 8
83 9
119 9
104 10
12 5
151 37
143 8
82 6
169 3
3 9
39 10
66 6
46 8
144 9
168 5
17 57
12 5
150 4
15 8
98 7
40 7
44 3
170 4
106 8
115 6
209 60
184 1
88 5
114 5
207 8
76 1
141 2
178 8
77 9
183 9
6 51
192 3
55 7
48 1
179 7
147 9
51 6
61 1
45 7
164 5
112 167
17 9
113 4
139 5
131 5
134 6
93 10
31 6
100 6
144 3
205 80
73 4
203 5
145 5
103 6
164 10
80 9
34 1
125 1
45 5
148 152
55 5
20 10
170 7
34 2
154 2
48 5
75 5
138 5
160 1
142 99
63 6
92 4
43 5
205 2
148 4
181 2
23 3
31 8
55 1
9 49
15 2
29 3
75 1
173 2
47 4
72 1
130 4
109 1
16 7
191 159
5 7
112 6
140 5
2 8
150 9
71 7
100 8
140 7
168 8
114 160
178 2
188 2
75 9
122 2
120 3
96 5
80 3
103 7
206 5
93 17
176 5
87 1
9 4
180 9
192 9
49 10
142 8
154 10
65 9
59 27
85 2
129 1
22 6
59 6
83 7
12 1
25 5
119 5
16 4
80 210
173 7
41 5
182 10
2 8
162 6
165 8
142 1
121 10
159 9
126 87
42 6
132 4
48 5
165 2
78 10
148 9
63 7
120 4
67 2
99 112
187 3
152 8
91 9
199 2
169 4
192 4
65 7
211 3
100 4
40 79
59 9
185 7
204 5
156 10
69 6
78 6
62 2
117 9
32 6
189 156
114 2
115 4
70 10
191 3
132 10
44 10
51 10
189 2
24 7
85 192
132 3
74 5
153 1
49 8
13 1
138 7
17 7
154 8
138 3
153 22
201 2
50 1
132 7
160 7
13 4
152 1
19 9
120 1
111 5
175 42
10 5
97 7
141 7
153 7
82 8
50 10
107 5
198 4
99 3
205 146
211 6
129 9
88 4
29 6
157 10
121 7
160 10
198 7
131 8
84 93
210 9
186 1
86 9
30 9
50 9
98 6
108 2
26 4
70 7
13 113
24 3
91 1
17 6
208 1
32 1
62 2
156 4
107 6
55 2
74 107
198 9
194 9
131 4
181 10
92 6
185 7
16 2
116 4
200 7
187 64
29 8
152 6
146 8
143 9
111 6
117 2
101 10
178 2
131 9
154 133
52 1
168 5
45 9
187 6
148 1
184 4
53 3
188 7
170 7
64 50
76 5
179 2
176 4
104 3
144 1
26 10
39 10
145 10
155 2
139 120
111 6
129 9
42 9
147 6
212 3
177 9
74 10
75 9
101 3
13 111
124 5
186 9
131 9
166 1
93 2
167 9
56 6
149 6
146 8
148 139
165 2
36 2
207 7
151 9
15 1
175 9
73 3
183 9
103 3
38 65
179 7
81 1
98 7
26 4
145 3
44 10
119 5
213 4
104 2
99 72
90 2
207 1
144 7
191 3
147 7
171 6
165 7
195 7
190 3
107 10
156 7
60 3
158 2
23 6
52 10
79 9
25 8
127 4
18 5
169 35
61 1
212 2
5 2
196 1
113 3
167 2
60 6
183 9
143 3
115 192
213 3
54 6
15 9
59 8
121 8
86 5
93 5
69 10
200 7
54 16
191 6
87 9
27 10
54 3
102 2
135 7
12 1
75 6
198 8
24 198
181 10
132 6
108 4
13 7
7 6
134 2
48 6
155 6
65 5
191 123
15 2
186 6
16 7
155 9
131 10
137 4
94 2
62 2
211 1
192 132
156 3
63 4
59 9
118 6
58 8
110 2
78 8
191 1
165 9
176 101
190 3
184 8
38 7
21 5
125 5
91 7
107 10
89 10
209 7
135 27
186 5
191 4
15 9
59 3
62 8
96 8
58 2
49 4
70 1
120 159
58 5
125 10
36 8
54 6
22 8
46 2
139 6
26 6
168 7
50 191
138 5
193 9
134 9
22 6
100 1
175 4
28 10
7 1
3 6
161 21
48 1
170 8
88 8
2 6
170 5
19 10
78 10
49 8
105 1
86 165
37 7
116 2
179 7
6 3
127 6
128 8
65 7
68 9
28 3
174 26
120 2
187 8
80 2
137 10
187 6
164 9
178 8
127 4
191 7
16 146
207 1
132 9
126 10
151 8
34 6
147 6
186 4
170 10
213 6
49 196
115 3
182 7
151 10
164 6
52 6
157 7
40 3
146 9
4 4
144 117
71 8
134 4
65 10
124 6
36 10
10 3
128 4
128 9
35 10
182 39
199 6
141 5
34 9
21 8
35 8
61 3
56 1
137 1
20 3
124 55
70 2
129 3
3 6
127 10
180 1
98 3
56 3
210 10
120 6
96 32
47 8
75 8
119 1
128 1
183 1
81 9
8 4
10 3
142 6
13 164
39 2
70 4
159 2
78 4
45 5
160 7
169 3
47 8
97 4
29 211
22 5
127 9
53 7
2 9
160 8
166 6
151 4
35 7
160 5
146 127
121 7
69 1
164 1
131 6
92 1
4 7
82 2
77 6
160 7
145 116
141 7
191 5
143 10
11 6
127 4
150 5
208 10
204 3
71 4
8 175
86 7
98 2
57 2
106 9
71 8
151 8
58 5
189 7
91 2
66 41
24 6
70 6
3 8
11 3
76 6
212 7
81 2
191 4
90 6
78 210
77 10
207 4
152 10
62 1
130 10
145 7
153 1
33 7
16 2
42 170
77 6
106 6
75 4
22 4
164 9
52 10
166 3
211 5
163 7
200 160
64 6
154 5
117 5
73 7
44 8
4 4
20 2
51 10
160 5
82 84
28 2
126 9
83 6
22 9
117 8
171 2
104 10
97 3
99 7
150 161
191 5
4 10
180 7
72 7
95 2
204 9
190 3
120 3
113 1
112 170
56 3
150 6
212 9
44 6
6 6
200 8
83 10
171 6
87 5
101 168
170 6
169 8
15 8
155 9
35 4
59 1
53 2
212 2
129 10
45 46
155 4
62 6
77 2
171 4
96 2
59 6
171 3
41 7
1 9
43 86
131 2
90 3
109 1
82 8
75 1
109 3
14 4
207 2
119 2
148 138
15 3
111 1
175 2
28 8
151 10
29 2
127 7
45 9
45 8
209 158
128 1
89 4
34 7
13 8
171 5
27 8
123 3
98 8
71 1
127 182
35 9
158 6
180 6
18 4
169 7
139 6
154 10
136 9
171 7
180 18
127 1
68 5
98 6
3 3
22 7
143 3
118 5
24 8
65 8
175 196
48 2
159 7
180 6
141 9
165 10
195 9
128 4
208 9
92 4
57 117
69 7
22 8
169 8
59 8
100 8
19 2
196 5
140 2
101 1
124 115
83 3
25 10
81 5
158 2
7 1
172 1
98 6
64 7
190 9
54 21
144 4
39 1
87 8
193 1
63 3
76 9
64 5
210 5
95 3
131 92
184 2
39 7
40 2
35 9
42 5
70 5
108 6
74 9
116 2
109 148
81 10
90 5
29 9
15 8
109 7
104 7
150 2
56 4
41 1
18 36
177 10
189 3
104 10
194 7
35 5
182 9
4 10
111 2
56 8
68 50
34 9
155 6
97 8
129 7
190 8
139 2
172 9
57 10
67 4
41 87
108 5
55 4
67 2
212 1
6 8
197 4
206 1
166 10
2 3
140 172
178 4
182 7
121 7
151 7
155 7
44 6
126 9
185 6
31 3
30 77
200 8
197 7
81 7
177 4
43 6
74 8
6 4
32 2
138 3
126 67
