368 1000
1 2
2 3
3 4
3 5
2 6
2 7
1 8
8 9
9 10
8 11
10 12
1 13
10 14
8 15
13 16
14 17
5 18
13 19
9 20
10 21
4 22
5 23
4 24
24 25
2 26
1 27
11 28
9 29
29 30
19 31
25 32
17 33
32 34
13 35
29 36
1 37
26 38
32 39
20 40
10 41
33 42
5 43
15 44
4 45
8 46
22 47
37 48
4 49
31 50
2 51
2 52
29 53
14 54
5 55
20 56
37 57
11 58
38 59
43 60
33 61
22 62
28 63
20 64
52 65
61 66
26 67
3 68
26 69
25 70
21 71
34 72
24 73
19 74
56 75
72 76
57 77
66 78
21 79
36 80
39 81
22 82
18 83
21 84
44 85
72 86
4 87
15 88
15 89
4 90
30 91
88 92
25 93
56 94
12 95
44 96
81 97
27 98
30 99
67 100
6 101
35 102
80 103
53 104
21 105
18 106
55 107
107 108
4 109
11 110
108 111
23 112
36 113
13 114
7 115
19 116
111 117
57 118
15 119
91 120
92 121
80 122
116 123
88 124
23 125
6 126
71 127
36 128
51 129
28 130
4 131
90 132
17 133
21 134
133 135
104 136
33 137
120 138
65 139
98 140
29 141
117 142
109 143
25 144
121 145
142 146
3 147
130 148
70 149
7 150
99 151
26 152
21 153
21 154
21 155
129 156
54 157
16 158
99 159
82 160
90 161
14 162
59 163
145 164
158 165
48 166
84 167
145 168
39 169
135 170
109 171
164 172
95 173
140 174
147 175
31 176
88 177
97 178
11 179
65 180
143 181
57 182
72 183
47 184
31 185
11 186
17 187
14 188
118 189
93 190
57 191
128 192
97 193
89 194
101 195
103 196
100 197
28 198
62 199
23 200
110 201
126 202
60 203
12 204
30 205
90 206
41 207
165 208
7 209
163 210
177 211
198 212
108 213
190 214
152 215
76 216
189 217
209 218
152 219
9 220
46 221
57 222
221 223
83 224
198 225
156 226
18 227
42 228
139 229
188 230
46 231
226 232
76 233
126 234
57 235
48 236
177 237
24 238
131 239
123 240
69 241
217 242
121 243
216 244
26 245
187 246
192 247
5 248
14 249
111 250
237 251
39 252
66 253
74 254
116 255
88 256
223 257
138 258
192 259
259 260
187 261
239 262
212 263
80 264
156 265
263 266
227 267
256 268
10 269
193 270
27 271
268 272
13 273
225 274
71 275
15 276
68 277
56 278
72 279
193 280
154 281
226 282
206 283
188 284
275 285
51 286
119 287
86 288
125 289
145 290
2 291
275 292
36 293
101 294
20 295
152 296
57 297
187 298
114 299
55 300
44 301
149 302
299 303
232 304
180 305
45 306
293 307
123 308
79 309
309 310
107 311
184 312
141 313
303 314
119 315
154 316
247 317
53 318
286 319
239 320
120 321
14 322
24 323
273 324
324 325
243 326
37 327
79 328
154 329
14 330
3 331
27 332
128 333
150 334
32 335
21 336
237 337
236 338
23 339
203 340
320 341
234 342
178 343
326 344
216 345
267 346
13 347
341 348
183 349
5 350
285 351
11 352
307 353
212 354
139 355
44 356
194 357
73 358
20 359
261 360
170 361
217 362
177 363
305 364
263 365
361 366
322 367
2 368
344 9
159 1
13 7
142 8
85 3
229 1
363 8
199 8
227 10
68 342
56 1
9 7
13 5
269 9
47 7
350 8
102 1
20 4
353 2
367 257
32 1
133 2
91 1
302 5
47 9
105 7
42 9
38 7
116 8
218 121
295 9
156 2
66 4
329 4
362 10
211 2
147 2
17 2
63 5
179 195
8 9
362 3
163 10
250 7
191 8
296 4
2 5
366 8
147 4
268 256
56 2
97 7
288 6
280 6
314 7
242 6
177 3
236 7
285 5
329 252
267 5
294 2
24 6
287 4
169 10
30 4
250 6
283 9
46 3
97 234
14 7
312 3
318 10
307 9
293 5
357 5
64 3
154 5
252 10
337 280
152 8
160 8
367 9
253 1
148 8
74 8
243 2
81 7
121 9
19 184
72 4
161 1
283 1
52 10
222 6
261 9
144 7
265 5
79 3
106 14
200 5
231 3
347 2
28 1
70 1
113 10
118 4
233 9
305 4
311 38
118 6
155 5
259 1
207 5
175 9
97 2
281 1
213 9
37 8
101 112
44 7
278 9
33 5
152 8
318 7
211 3
202 5
139 6
209 9
162 314
219 5
222 4
117 10
247 6
27 10
111 7
81 7
200 2
154 4
146 148
283 10
312 10
51 3
180 8
231 10
177 3
31 4
248 9
340 5
202 174
145 5
73 8
101 7
107 6
51 2
24 4
321 5
237 7
152 3
209 68
166 9
50 2
78 10
210 8
308 7
23 1
32 9
163 8
316 10
276 312
89 6
128 9
242 5
86 2
241 2
278 2
115 6
203 4
351 10
222 210
122 7
71 8
112 4
225 4
12 6
71 6
258 3
50 10
266 7
75 348
55 7
367 6
229 6
331 9
249 6
334 8
160 9
241 5
21 1
326 82
176 7
103 7
27 6
285 6
260 6
154 2
10 6
215 6
206 8
104 357
273 7
186 6
34 8
5 1
42 7
355 2
219 1
175 2
177 8
132 319
108 4
288 8
104 9
28 2
279 6
4 6
82 8
260 5
294 2
93 184
79 10
181 5
197 1
170 4
54 10
360 3
215 4
269 2
10 7
94 62
195 6
270 4
295 6
112 2
135 9
337 6
346 8
95 10
152 8
88 49
241 1
233 7
135 2
132 5
69 5
319 2
334 6
40 2
327 10
159 30
173 9
61 9
134 5
81 5
141 6
253 4
243 3
46 1
14 4
187 80
47 9
207 9
221 3
19 7
276 8
179 6
121 2
227 7
158 2
281 263
226 5
42 2
19 5
11 9
39 6
16 1
63 6
106 5
124 8
126 14
202 8
89 1
63 7
139 9
321 7
220 2
101 7
114 2
334 2
185 137
209 9
186 10
302 9
179 7
229 6
107 5
96 10
135 5
75 1
213 157
296 9
261 1
244 2
106 4
134 1
199 9
106 5
119 5
188 5
142 151
335 2
325 7
187 1
15 3
184 3
1 8
265 9
268 5
81 2
1 26
132 3
43 2
318 4
105 5
228 5
344 2
162 8
89 1
43 8
210 124
229 8
189 6
119 4
62 1
83 3
314 9
177 6
141 5
262 8
261 319
87 4
292 7
172 10
89 7
248 5
220 10
296 5
231 9
146 6
235 214
344 8
137 4
119 9
139 6
258 10
286 9
97 1
222 1
198 5
133 319
5 3
313 7
316 9
334 3
353 3
183 2
164 3
233 6
108 2
238 119
296 2
105 1
26 8
9 9
259 2
307 4
343 2
229 1
291 8
347 357
73 6
297 5
178 2
315 4
16 5
211 8
247 5
180 7
237 9
296 323
234 4
298 10
260 6
157 6
2 8
364 4
331 6
366 7
166 10
32 362
101 4
132 8
55 7
63 1
48 10
344 3
83 1
296 7
108 4
193 358
34 6
180 8
76 9
350 7
244 4
103 5
345 8
332 8
73 2
216 148
268 7
253 9
136 4
150 6
362 1
53 7
328 3
282 10
14 10
139 290
253 9
102 2
351 2
99 2
338 5
302 10
284 2
174 9
312 10
222 12
343 8
351 1
20 5
298 2
355 8
310 5
273 10
108 9
366 6
95 334
215 6
126 2
37 1
182 4
223 5
351 1
184 9
57 5
298 4
12 266
241 2
93 9
26 8
108 9
97 2
285 10
171 1
247 1
54 1
95 132
188 6
191 1
264 2
186 1
354 6
361 1
368 1
280 6
241 8
146 61
296 7
108 3
235 7
58 10
220 9
123 1
14 3
259 7
313 10
9 114
40 2
295 9
140 5
323 8
88 10
336 1
36 1
104 4
289 5
116 220
77 1
97 1
282 6
139 1
73 10
198 1
119 6
258 5
131 8
310 100
146 4
134 2
288 3
246 6
241 5
180 7
350 8
144 6
368 8
67 154
18 10
346 7
333 4
1 4
60 8
352 6
331 9
275 2
187 3
251 145
83 4
253 6
272 2
10 8
83 6
179 3
154 7
132 3
97 10
141 42
282 7
94 2
36 6
153 3
26 1
141 3
328 10
102 4
259 5
89 194
317 10
268 3
61 8
36 2
77 7
258 5
122 2
189 4
150 8
44 338
248 5
180 3
14 6
164 5
152 6
306 10
24 1
112 6
337 1
187 86
136 9
61 9
1 4
124 8
335 6
366 7
213 6
224 2
50 6
18 339
3 4
354 1
218 5
137 8
68 9
56 8
45 4
138 5
87 10
102 130
216 2
344 6
69 5
172 4
363 6
112 3
123 4
179 2
19 5
173 174
81 10
28 4
280 1
258 2
75 1
306 2
244 9
25 4
94 6
108 336
356 7
219 9
209 9
162 4
49 10
84 1
53 4
174 7
344 7
339 154
113 8
165 6
153 8
109 9
2 4
113 1
263 2
280 1
70 4
82 34
156 5
340 6
110 1
145 1
69 10
281 9
147 2
252 3
39 5
311 352
282 8
56 3
210 6
51 7
249 5
38 3
201 8
326 4
26 4
16 60
151 10
240 3
220 7
140 5
49 3
186 7
350 1
320 2
351 3
191 220
144 7
223 4
84 4
17 10
327 3
161 7
102 2
65 10
332 5
89 104
143 8
268 7
337 2
70 5
201 10
125 3
44 3
212 4
35 2
168 161
324 8
325 8
318 1
44 3
77 9
115 3
184 5
358 6
256 1
52 21
226 10
98 6
153 2
216 3
178 2
112 2
124 5
278 8
281 9
263 288
158 10
283 4
257 3
338 3
358 5
34 1
136 9
182 7
241 8
309 235
9 6
73 3
193 1
100 4
10 3
317 9
283 6
339 8
102 3
355 342
81 5
193 10
53 2
265 1
30 5
81 4
68 2
191 6
181 10
242 325
301 6
162 9
147 6
272 7
365 6
246 1
119 1
11 1
242 8
245 78
67 7
223 7
361 7
335 9
11 9
245 3
221 4
42 6
7 7
315 345
346 7
116 1
73 4
168 9
245 7
362 2
226 9
6 6
252 7
238 113
317 4
274 8
49 7
50 5
186 3
65 4
242 6
201 7
56 7
150 118
367 10
70 7
305 2
189 8
24 6
129 8
302 7
248 1
114 10
199 107
306 1
255 9
89 4
292 10
241 10
356 4
122 7
175 9
232 9
53 122
15 2
273 3
319 7
285 10
147 3
192 5
86 4
210 3
336 7
360 155
12 8
100 1
264 10
33 8
124 9
93 2
165 7
100 4
7 8
30 300
258 9
203 9
215 5
90 4
113 6
315 7
111 1
273 10
358 10
259 220
360 4
256 3
215 6
210 9
247 1
184 1
304 2
215 9
72 3
27 62
267 1
343 4
122 4
167 4
229 1
124 8
160 3
15 2
355 6
186 68
346 4
85 4
25 1
214 1
327 5
171 5
17 9
243 1
157 8
294 338
189 2
265 9
234 5
43 5
300 3
223 8
319 1
259 10
95 7
317 53
348 6
337 1
341 8
64 1
259 3
282 2
200 9
190 2
332 10
202 231
276 6
289 10
47 8
151 5
6 2
278 4
60 3
145 1
103 9
140 192
116 10
169 7
346 2
337 1
93 4
26 4
112 4
6 1
52 8
99 254
158 7
31 7
145 8
164 1
187 1
56 8
193 6
96 5
40 7
231 340
197 5
300 5
260 9
139 9
300 3
3 1
343 6
348 6
214 1
194 87
106 6
253 2
148 7
155 9
364 4
186 4
307 8
359 2
183 10
254 315
162 7
44 7
205 8
13 5
64 5
246 8
263 6
196 9
4 5
216 278
144 1
215 1
318 4
75 10
91 9
262 1
181 7
152 6
333 3
193 217
346 8
120 3
94 1
277 7
262 3
52 6
213 2
93 7
48 2
82 273
329 2
312 2
88 4
264 1
251 9
24 4
335 5
347 5
363 4
269 137
233 3
269 7
265 10
175 4
289 6
111 5
215 7
250 4
177 9
311 47
66 3
200 10
82 10
123 4
312 10
342 5
118 7
176 7
84 6
354 228
200 9
361 9
121 3
63 4
253 3
131 3
4 9
10 9
364 2
329 218
