25 1000
1 2
2 3
3 4
2 5
2 6
3 7
6 8
6 9
3 10
10 11
2 12
6 13
4 14
7 15
12 16
7 17
17 18
4 19
14 20
1 21
19 22
13 23
21 24
17 25
21 4
25 1
2 2
18 8
17 9
8 1
8 8
22 5
18 2
1 17
5 7
7 10
25 7
9 2
5 2
22 9
14 5
25 5
24 9
4 10
15 2
15 3
16 4
17 10
4 6
19 8
6 7
9 8
3 7
21 10
9 7
25 8
17 1
9 5
11 4
16 6
20 2
24 10
18 9
2 17
24 2
24 7
20 8
6 9
19 5
2 5
2 7
23 9
13 2
17 13
3 6
24 3
24 6
11 1
6 3
24 4
5 8
15 9
23 7
2 11
15 7
20 1
14 10
2 8
22 5
19 2
5 10
9 8
25 10
14 25
1 3
17 8
18 9
23 5
20 9
25 9
14 4
17 4
8 3
9 17
21 9
17 7
16 7
12 6
15 6
20 7
1 6
11 9
19 1
16 21
6 7
3 9
15 2
6 7
23 8
5 4
10 5
16 5
5 8
6 19
25 7
23 9
7 7
15 7
19 3
6 6
19 3
5 5
21 5
25 11
3 10
22 2
5 5
19 9
8 6
5 4
24 10
21 2
14 4
4 21
10 1
3 7
23 8
15 1
20 4
22 9
1 6
12 10
9 6
8 12
3 8
2 8
23 4
19 10
22 3
6 5
8 1
21 1
1 8
9 23
21 6
21 10
24 3
23 10
6 7
10 5
7 3
22 9
24 2
15 24
4 6
7 4
14 4
3 1
1 8
10 10
2 1
13 9
8 4
19 21
25 1
11 4
13 3
23 1
19 5
8 10
7 3
13 4
21 5
24 12
13 7
10 3
18 1
9 1
7 2
24 6
14 5
22 7
10 2
22 22
15 2
14 8
19 7
10 2
9 1
17 10
6 1
15 3
12 6
15 10
12 8
13 3
15 3
17 10
2 6
3 4
10 2
2 6
19 3
5 12
12 4
20 8
21 10
16 10
2 1
5 6
9 6
9 3
5 7
4 13
14 7
5 4
21 5
14 2
17 8
8 5
1 1
17 7
5 4
7 22
8 9
4 9
24 8
11 8
16 2
2 6
1 5
19 2
13 10
18 16
22 1
1 1
4 10
16 10
5 10
3 9
20 4
7 7
11 5
4 10
24 7
23 10
6 5
4 8
13 10
5 4
9 6
21 3
20 9
15 19
25 8
6 9
13 10
15 6
14 6
22 7
4 3
1 4
1 10
5 22
4 7
15 2
3 3
13 4
16 6
21 9
10 1
19 1
7 3
9 10
1 4
8 7
18 7
20 10
4 2
6 2
2 9
3 5
23 9
8 10
20 8
14 8
2 3
2 8
8 4
4 9
24 3
4 10
19 3
23 13
20 2
3 4
4 2
10 4
3 2
15 4
7 6
14 8
17 5
17 20
11 6
17 2
25 7
22 2
20 8
9 10
19 3
3 3
19 3
10 23
3 1
25 5
23 3
12 6
1 5
7 6
25 4
9 7
19 3
9 11
13 1
6 10
18 3
14 9
5 7
16 9
18 9
15 6
19 10
11 23
4 7
13 10
22 7
19 4
14 4
3 9
11 8
17 3
7 8
17 20
19 4
24 3
17 10
10 2
18 10
22 3
19 1
8 4
2 3
14 14
12 7
24 2
15 9
10 2
18 6
4 1
7 7
12 10
15 8
21 19
19 5
19 1
19 2
20 10
13 5
16 1
13 8
13 4
9 10
25 12
15 5
10 10
22 3
18 2
12 2
21 7
20 5
18 6
1 3
6 18
12 10
16 2
3 10
20 8
8 10
6 9
4 1
13 9
17 3
8 12
22 9
2 3
22 8
12 7
8 10
10 4
19 5
21 9
24 9
12 22
20 9
4 6
6 8
14 1
15 8
7 8
14 4
9 6
19 9
4 13
4 5
7 9
18 10
23 6
5 9
5 10
19 1
24 10
16 9
11 23
23 7
14 8
5 10
15 4
15 9
1 2
6 9
3 4
25 8
18 23
7 5
23 1
13 3
6 10
14 2
13 7
6 2
2 4
1 9
3 20
14 8
19 9
4 9
24 3
2 3
23 9
15 4
13 3
1 3
21 19
5 5
14 10
20 4
20 4
15 5
10 10
24 4
23 9
22 7
12 17
1 7
19 4
24 10
7 9
16 2
25 10
16 3
21 3
13 8
17 10
21 9
1 8
3 1
23 9
13 5
11 7
13 1
20 7
6 4
20 10
9 8
12 7
2 1
14 8
17 4
8 2
12 5
15 5
16 6
12 12
25 10
6 3
14 5
4 3
2 7
24 9
11 6
15 2
7 3
7 19
18 9
9 7
21 9
25 10
17 10
18 3
21 10
8 5
25 6
24 20
2 2
1 6
21 3
19 3
10 7
12 10
5 5
21 2
24 9
14 19
5 2
12 7
7 10
5 2
22 8
9 1
9 1
17 8
3 7
9 16
23 5
7 5
8 3
16 3
5 10
23 4
14 6
13 6
2 8
14 16
3 2
11 4
25 7
11 4
6 4
3 10
2 8
13 10
22 10
3 11
24 6
1 3
24 6
11 5
7 9
22 5
17 3
5 1
11 5
25 21
14 3
25 5
19 4
11 3
22 10
20 6
19 3
18 5
22 1
23 13
9 3
14 4
10 10
22 5
7 1
3 2
1 6
15 2
25 5
20 18
4 8
20 8
4 6
14 8
10 9
5 3
3 3
9 7
8 5
23 25
17 7
17 6
11 7
3 10
10 7
19 1
19 6
16 5
15 1
6 14
21 4
7 6
25 8
10 4
1 10
9 5
6 5
24 2
24 9
16 23
16 7
17 4
3 6
16 6
19 5
9 10
23 8
3 9
16 1
1 15
15 7
23 2
18 4
21 2
20 1
5 4
10 10
9 9
2 6
5 20
10 7
22 4
12 1
1 3
3 1
1 2
10 6
2 1
10 2
12 10
13 5
21 2
3 5
23 4
10 4
1 5
15 8
14 2
5 5
24 13
1 8
16 2
2 10
10 7
2 1
25 8
9 7
10 7
23 1
16 12
18 6
21 4
12 7
7 10
10 6
8 10
9 5
16 1
23 1
10 13
2 1
9 5
19 4
13 6
18 8
1 7
11 10
17 9
12 1
12 17
3 6
21 5
16 5
14 2
12 3
19 2
2 7
7 10
2 4
23 14
7 7
6 1
15 5
1 4
10 5
7 3
15 4
10 9
15 4
4 20
25 3
5 8
13 1
15 9
9 2
13 10
16 10
25 9
22 10
16 19
5 5
16 10
4 6
18 10
22 5
9 5
21 4
22 9
21 5
10 25
23 4
10 7
6 10
10 5
7 9
24 4
19 1
20 7
24 1
23 14
17 7
13 8
14 8
17 4
12 1
9 10
4 4
8 2
22 1
11 23
22 4
5 1
9 4
1 7
20 3
6 6
15 2
2 6
14 7
8 20
22 2
15 9
11 1
23 7
4 1
16 7
24 5
11 10
11 9
7 17
3 4
15 1
15 1
14 2
17 6
2 10
8 1
2 10
13 10
7 24
19 4
13 4
13 3
19 10
3 3
7 10
2 5
12 7
5 1
15 18
12 5
1 7
8 1
24 9
25 9
2 8
1 10
9 9
1 8
4 14
13 10
3 4
17 1
1 1
4 4
20 7
14 7
17 6
12 7
10 11
23 4
20 10
2 7
11 6
22 2
14 5
5 4
2 3
13 10
25 21
3 1
11 9
12 9
16 10
6 6
19 4
3 1
3 9
22 6
19 12
4 1
2 8
23 5
20 8
11 3
20 6
13 2
6 9
3 8
5 21
1 6
3 4
4 2
3 4
8 2
5 9
11 10
13 1
9 8
23 14
7 9
21 4
16 9
1 1
3 5
9 7
5 5
13 3
10 8
15 13
18 2
7 7
15 8
14 8
14 5
11 10
15 9
12 2
11 2
2 14
3 6
18 2
7 2
17 9
2 2
3 7
24 1
2 4
4 7
9 13
7 2
22 7
15 5
7 9
20 8
10 6
25 3
15 3
21 1
25 16
7 7
17 7
20 10
7 9
23 2
12 4
21 3
16 1
23 9
20 17
20 1
6 5
5 8
21 9
3 2
3 9
3 3
10 9
1 7
23 18
13 10
14 6
23 4
17 9
2 3
15 4
15 2
2 7
10 7
11 16
6 8
4 1
12 6
11 8
5 6
7 6
4 6
15 2
25 3
16 12
24 2
17 6
3 9
12 3
10 6
11 8
20 10
20 9
6 9
6 11
1 1
1 10
5 5
14 1
4 4
6 9
25 6
19 1
22 6
9 21
25 7
2 5
6 1
8 1
6 2
21 5
8 6
11 9
13 4
5 22
4 3
12 1
24 4
5 1
14 5
4 8
17 6
15 5
17 1
16 18
24 9
10 9
10 7
23 1
8 2
6 9
25 6
2 9
3 6
20 18
24 9
8 3
8 10
17 4
10 8
17 3
15 9
12 4
19 8
18 24
13 5
10 9
10 1
17 1
12 2
16 5
10 3
7 9
3 2
24 24
1 7
10 4
7 5
7 3
17 7
4 5
16 4
19 9
8 7
21 10
