610 1000
1 2
1 3
3 4
4 5
4 6
4 7
2 8
6 9
4 10
7 11
9 12
7 13
10 14
11 15
1 16
7 17
2 18
2 19
7 20
3 21
14 22
16 23
10 24
4 25
9 26
10 27
1 28
22 29
17 30
26 31
26 32
18 33
30 34
9 35
29 36
3 37
25 38
17 39
10 40
26 41
4 42
5 43
43 44
33 45
11 46
39 47
9 48
46 49
36 50
44 51
23 52
38 53
11 54
20 55
5 56
45 57
20 58
55 59
46 60
6 61
58 62
37 63
46 64
44 65
26 66
36 67
31 68
20 69
10 70
65 71
63 72
38 73
13 74
38 75
22 76
22 77
17 78
39 79
17 80
47 81
33 82
1 83
52 84
29 85
32 86
65 87
52 88
67 89
22 90
16 91
82 92
59 93
85 94
47 95
94 96
15 97
61 98
26 99
90 100
74 101
73 102
55 103
34 104
33 105
84 106
86 107
11 108
15 109
68 110
23 111
24 112
73 113
102 114
21 115
91 116
112 117
11 118
15 119
64 120
105 121
71 122
110 123
90 124
120 125
52 126
34 127
106 128
41 129
28 130
121 131
103 132
84 133
133 134
53 135
126 136
42 137
57 138
106 139
45 140
18 141
137 142
39 143
118 144
13 145
68 146
35 147
121 148
69 149
128 150
115 151
132 152
35 153
57 154
128 155
116 156
101 157
27 158
125 159
122 160
43 161
32 162
21 163
137 164
119 165
125 166
48 167
27 168
19 169
135 170
117 171
57 172
33 173
135 174
118 175
56 176
30 177
129 178
44 179
94 180
131 181
29 182
136 183
153 184
45 185
33 186
110 187
116 188
158 189
37 190
161 191
88 192
87 193
86 194
31 195
171 196
51 197
59 198
37 199
49 200
58 201
58 202
62 203
201 204
82 205
130 206
55 207
181 208
52 209
195 210
4 211
48 212
3 213
5 214
126 215
163 216
179 217
90 218
120 219
28 220
14 221
10 222
21 223
68 224
133 225
157 226
79 227
195 228
133 229
35 230
82 231
29 232
130 233
89 234
36 235
3 236
92 237
49 238
176 239
148 240
152 241
206 242
141 243
242 244
237 245
73 246
18 247
66 248
110 249
96 250
116 251
186 252
172 253
218 254
167 255
111 256
124 257
81 258
113 259
198 260
151 261
143 262
250 263
193 264
206 265
208 266
265 267
225 268
135 269
188 270
136 271
215 272
255 273
235 274
153 275
27 276
190 277
103 278
152 279
153 280
57 281
249 282
93 283
109 284
64 285
110 286
277 287
192 288
15 289
39 290
102 291
141 292
117 293
216 294
174 295
113 296
63 297
14 298
296 299
78 300
151 301
39 302
25 303
219 304
107 305
235 306
276 307
1 308
205 309
190 310
110 311
272 312
287 313
191 314
10 315
312 316
37 317
155 318
139 319
65 320
142 321
310 322
191 323
147 324
182 325
318 326
144 327
291 328
76 329
307 330
299 331
272 332
296 333
17 334
255 335
330 336
183 337
331 338
180 339
78 340
235 341
163 342
339 343
206 344
283 345
127 346
122 347
279 348
1 349
181 350
199 351
325 352
318 353
191 354
320 355
5 356
219 357
217 358
160 359
152 360
207 361
334 362
56 363
34 364
152 365
90 366
265 367
329 368
153 369
2 370
215 371
115 372
56 373
241 374
211 375
141 376
162 377
192 378
187 379
191 380
232 381
303 382
257 383
111 384
234 385
101 386
184 387
167 388
32 389
359 390
387 391
240 392
166 393
172 394
334 395
35 396
371 397
331 398
261 399
108 400
354 401
104 402
202 403
199 404
272 405
169 406
253 407
407 408
155 409
101 410
400 411
352 412
59 413
202 414
189 415
42 416
9 417
155 418
416 419
142 420
118 421
277 422
186 423
22 424
341 425
16 426
65 427
401 428
229 429
48 430
287 431
157 432
175 433
335 434
1 435
94 436
430 437
328 438
195 439
3 440
70 441
367 442
431 443
56 444
205 445
134 446
308 447
433 448
177 449
4 450
80 451
140 452
142 453
279 454
436 455
34 456
117 457
354 458
118 459
305 460
319 461
460 462
380 463
240 464
203 465
43 466
272 467
89 468
22 469
189 470
383 471
413 472
383 473
212 474
167 475
417 476
279 477
202 478
55 479
478 480
170 481
183 482
327 483
170 484
477 485
483 486
190 487
258 488
143 489
287 490
395 491
224 492
417 493
316 494
3 495
344 496
405 497
253 498
320 499
286 500
173 501
486 502
258 503
453 504
333 505
14 506
243 507
315 508
239 509
133 510
447 511
240 512
364 513
325 514
470 515
385 516
452 517
28 518
241 519
352 520
94 521
153 522
94 523
368 524
65 525
274 526
443 527
233 528
216 529
311 530
414 531
330 532
458 533
385 534
306 535
58 536
284 537
124 538
504 539
282 540
61 541
146 542
214 543
268 544
91 545
492 546
101 547
72 548
43 549
480 550
53 551
304 552
62 553
523 554
245 555
548 556
547 557
309 558
127 559
8 560
120 561
152 562
509 563
52 564
440 565
37 566
495 567
324 568
194 569
467 570
1 571
311 572
350 573
171 574
494 575
467 576
416 577
518 578
437 579
182 580
134 581
445 582
234 583
377 584
264 585
17 586
573 587
347 588
110 589
241 590
363 591
278 592
169 593
141 594
563 595
355 596
559 597
29 598
375 599
350 600
6 601
240 602
459 603
461 604
196 605
378 606
478 607
371 608
564 609
574 610
126 10
567 9
114 6
18 1
75 1
303 1
33 3
464 6
397 10
534 607
535 6
451 9
430 7
167 6
514 8
345 4
566 10
601 3
424 4
452 571
28 9
97 8
262 10
484 2
91 2
558 2
529 4
296 3
15 2
466 355
535 3
184 7
583 5
174 10
92 9
440 6
41 10
52 10
491 1
14 537
127 3
123 5
69 6
239 3
310 2
435 6
221 7
570 2
544 2
88 601
205 4
299 7
349 9
187 10
216 8
511 10
534 10
268 1
561 5
453 501
85 3
46 3
344 5
262 7
373 10
269 4
155 10
449 7
52 10
563 518
475 3
558 6
243 2
158 7
109 4
165 3
294 3
584 6
27 9
197 262
504 2
265 6
89 1
215 2
56 6
60 10
484 8
582 1
75 3
58 334
560 4
195 2
362 7
170 2
592 6
602 6
528 8
590 10
313 4
217 356
134 1
380 2
7 3
548 6
359 5
525 9
277 2
378 4
17 5
35 303
558 8
133 1
328 2
437 3
382 1
163 2
266 9
258 3
25 2
260 505
198 7
607 2
7 2
260 1
178 2
284 1
337 5
77 10
486 8
181 191
252 4
426 1
218 4
610 1
503 3
563 3
279 7
7 1
58 5
586 139
203 1
384 5
537 7
426 2
168 7
444 7
427 5
254 6
437 1
103 52
441 1
95 3
566 3
408 3
235 9
309 9
609 5
204 5
568 5
447 109
221 8
169 6
576 9
194 8
215 10
573 5
495 10
57 1
329 4
328 465
595 4
64 9
275 1
156 8
326 9
582 5
49 4
149 1
108 4
29 325
414 5
232 4
319 6
350 10
520 5
144 4
550 2
65 8
388 4
546 185
238 2
67 4
519 9
175 7
562 7
594 5
293 8
540 2
68 7
334 408
309 7
591 5
343 5
604 4
379 8
243 5
311 7
238 10
512 1
293 347
571 3
353 3
290 3
581 7
96 5
50 8
432 3
57 4
483 2
286 304
408 5
571 4
303 2
235 6
512 2
68 3
58 8
140 2
50 2
259 341
433 3
506 10
402 4
526 5
564 4
40 4
539 1
406 4
566 2
332 126
296 4
566 2
580 9
303 10
236 7
93 4
280 9
149 7
268 5
142 305
476 7
488 3
125 6
393 3
384 7
203 7
333 1
4 1
111 8
321 444
550 4
165 6
136 3
351 6
96 6
521 8
248 3
576 4
274 7
119 462
360 8
183 5
258 8
359 7
225 4
431 6
464 7
346 6
239 3
197 488
456 3
588 3
499 9
75 8
584 5
368 3
79 2
122 7
377 7
325 543
87 7
141 4
212 10
302 7
587 1
130 1
177 3
290 6
486 7
376 229
150 8
190 7
389 6
244 8
433 1
426 8
123 3
176 5
97 1
163 457
299 4
458 5
33 7
48 6
240 3
41 5
8 8
458 9
354 2
131 71
521 8
600 2
486 6
458 1
244 3
339 10
353 5
315 5
483 9
111 35
336 5
394 4
173 2
552 7
51 9
230 9
92 7
26 3
208 3
264 175
480 9
491 10
525 3
527 1
377 2
98 6
207 4
473 7
74 6
246 530
279 1
532 4
390 9
455 4
233 10
173 10
502 3
442 2
187 2
165 320
535 2
108 7
533 5
190 5
112 10
250 8
103 3
360 4
121 4
312 374
543 6
511 1
356 3
76 5
366 10
245 8
10 9
167 3
382 10
260 317
127 7
43 2
600 6
45 3
608 9
382 8
10 8
122 9
250 1
247 235
72 6
194 6
508 4
451 2
212 1
460 5
579 1
498 3
363 10
85 449
317 4
312 6
463 10
601 8
256 7
195 6
17 2
9 5
229 6
230 220
365 6
123 2
471 8
23 5
233 9
38 1
93 10
574 5
42 5
522 507
354 6
27 5
164 8
209 4
122 6
423 10
417 8
551 3
200 1
59 309
467 1
472 9
352 8
81 2
570 10
69 3
585 1
6 1
198 7
402 497
70 10
311 5
572 9
396 1
230 6
242 9
66 3
536 3
521 9
486 63
317 9
526 10
76 3
567 7
222 1
273 4
194 1
581 4
585 4
337 388
245 10
24 10
606 4
268 1
108 3
351 10
27 3
354 7
373 3
483 269
241 5
542 10
305 1
494 8
127 6
319 3
594 7
212 9
117 4
403 486
84 4
278 10
469 8
8 4
175 2
453 5
502 9
60 3
534 7
539 432
513 6
48 9
386 7
107 5
413 7
399 9
188 8
482 3
14 7
210 260
150 5
440 8
60 9
456 2
276 3
69 10
277 7
317 9
571 2
170 530
10 7
99 10
193 8
162 10
239 9
356 1
434 6
9 4
597 10
218 55
210 3
438 7
34 4
105 1
379 7
581 1
225 3
178 8
145 2
566 99
301 1
18 9
467 4
210 7
194 8
218 7
396 5
102 10
329 7
134 133
568 10
158 10
92 9
237 8
139 3
584 2
312 6
200 5
583 8
158 510
149 2
281 9
354 4
495 7
446 5
240 8
452 9
120 10
319 2
121 177
298 7
434 4
137 7
524 3
163 8
467 3
184 2
258 1
261 3
459 217
312 6
562 7
496 1
193 6
282 8
277 6
280 3
351 1
24 1
246 141
170 1
356 6
542 8
374 6
92 4
500 1
242 10
470 4
457 2
154 220
383 2
399 4
609 5
289 2
204 2
1 1
331 9
157 2
295 2
457 272
6 9
89 4
490 4
390 10
319 2
56 7
145 5
159 6
254 10
23 408
550 4
110 8
602 7
489 3
302 2
344 2
282 2
214 1
517 9
91 232
314 6
242 9
205 8
250 2
567 9
462 8
133 2
234 10
413 8
605 290
325 4
523 9
350 9
300 10
572 4
311 3
412 8
470 6
548 5
517 522
56 5
515 7
223 6
545 4
551 4
52 5
345 4
207 6
455 3
344 252
276 2
284 7
502 10
336 6
602 7
576 9
143 2
299 5
77 6
97 608
527 9
170 3
357 5
603 5
584 6
31 8
295 1
295 2
106 6
38 544
606 10
247 1
285 1
51 8
246 7
341 5
80 2
510 10
445 6
446 24
216 8
482 2
251 8
501 8
531 9
574 3
607 2
302 1
530 7
457 528
425 1
286 9
50 7
470 2
146 2
524 10
7 6
361 8
496 5
227 378
161 10
411 10
456 3
346 3
425 3
383 7
128 3
553 4
465 1
43 88
601 2
99 9
444 1
45 9
282 1
548 2
330 10
24 1
57 6
533 157
431 9
319 1
70 4
538 1
584 9
585 9
158 9
499 5
548 9
148 419
87 9
562 7
369 5
237 1
405 2
21 8
494 2
130 8
398 10
581 220
131 10
374 4
607 6
274 9
282 2
169 7
581 2
601 4
478 10
607 479
351 4
188 9
222 10
315 1
562 6
467 1
587 3
193 5
103 9
534 446
465 5
312 5
36 9
269 2
598 1
380 6
291 10
340 7
144 5
503 416
383 1
303 2
455 1
78 6
213 2
300 10
255 10
145 7
108 8
301 325
164 9
595 7
13 3
28 7
427 6
395 7
366 4
599 8
155 5
281 31
332 1
41 2
137 5
496 9
83 9
463 2
61 1
356 6
479 3
236 151
530 1
217 2
120 3
389 6
498 5
165 10
240 9
247 2
232 6
61 262
169 9
363 3
108 2
206 7
502 1
3 8
497 8
43 8
304 8
603 137
229 4
593 3
490 9
104 1
24 6
340 6
5 7
237 9
36 4
70 115
25 8
323 5
328 4
286 8
417 2
87 1
430 2
215 8
360 3
233 218
476 10
122 8
555 6
437 3
103 9
449 1
327 2
363 8
513 10
75 419
466 1
65 7
294 6
315 8
226 6
95 5
496 6
301 2
383 9
376 371
327 6
361 8
53 1
465 10
400 1
12 9
41 1
204 9
135 8
419 39
415 4
511 3
584 7
58 1
167 10
589 5
80 6
182 7
74 3
225 408
235 2
5 9
547 9
356 9
534 2
315 1
336 3
255 6
405 7
54 442
308 4
209 1
510 4
223 8
111 5
570 10
485 9
349 4
126 2
352 396
505 8
13 2
174 7
247 9
321 7
324 8
559 4
477 4
290 5
344 394
43 8
590 10
50 1
213 5
320 4
297 6
556 5
158 3
601 7
131 587
295 7
421 10
336 8
415 1
320 1
109 6
185 6
270 8
369 7
247 475
372 9
273 7
410 6
441 4
539 7
301 10
431 6
288 6
546 2
54 334
340 4
345 6
299 2
547 4
522 8
207 5
376 3
128 7
147 5
433 229
421 9
63 6
77 8
556 7
94 4
432 9
240 7
94 6
255 4
399 314
395 5
464 7
242 4
348 4
324 3
78 6
523 7
178 8
516 6
66 498
325 9
585 1
443 4
47 8
307 3
34 7
23 8
112 2
331 10
297 294
199 1
40 3
304 2
428 10
8 6
278 9
543 3
511 4
157 1
598 269
126 3
384 5
48 4
471 7
607 9
20 9
491 10
158 7
73 9
102 338
