193 1000
1 2
1 3
3 4
4 5
2 6
5 7
5 8
5 9
2 10
4 11
9 12
8 13
2 14
7 15
14 16
15 17
3 18
2 19
15 20
17 21
7 22
16 23
11 24
3 25
22 26
13 27
27 28
4 29
16 30
12 31
13 32
20 33
3 34
8 35
13 36
19 37
34 38
34 39
4 40
40 41
15 42
42 43
29 44
16 45
42 46
41 47
13 48
11 49
13 50
37 51
31 52
16 53
4 54
17 55
2 56
49 57
6 58
15 59
34 60
10 61
29 62
42 63
6 64
2 65
39 66
46 67
19 68
32 69
25 70
45 71
47 72
62 73
18 74
39 75
64 76
41 77
36 78
75 79
34 80
37 81
7 82
38 83
55 84
14 85
71 86
63 87
74 88
65 89
37 90
56 91
66 92
88 93
19 94
3 95
54 96
67 97
50 98
79 99
7 100
9 101
57 102
93 103
10 104
31 105
79 106
103 107
11 108
20 109
16 110
54 111
93 112
41 113
79 114
59 115
82 116
52 117
52 118
10 119
56 120
114 121
102 122
24 123
79 124
42 125
33 126
96 127
37 128
45 129
66 130
43 131
6 132
12 133
102 134
86 135
98 136
15 137
122 138
7 139
35 140
126 141
115 142
32 143
9 144
126 145
143 146
89 147
74 148
34 149
119 150
69 151
78 152
94 153
149 154
20 155
100 156
107 157
35 158
41 159
76 160
144 161
2 162
12 163
97 164
162 165
141 166
152 167
91 168
16 169
111 170
17 171
49 172
66 173
134 174
53 175
51 176
120 177
121 178
72 179
65 180
169 181
6 182
124 183
93 184
62 185
162 186
68 187
89 188
126 189
174 190
44 191
146 192
99 193
179 1
185 10
37 8
13 7
30 6
102 8
133 7
168 9
1 6
24 49
51 6
28 8
69 1
71 1
146 8
75 4
41 5
191 6
64 9
40 191
185 4
167 3
33 10
28 6
11 7
76 2
56 10
155 10
31 2
11 108
49 1
89 3
30 8
71 2
18 10
39 4
90 7
39 3
122 4
42 63
29 3
13 9
146 1
56 1
66 1
143 2
125 4
28 10
66 1
37 179
62 1
19 9
93 7
189 6
124 3
4 9
168 6
130 5
123 10
14 104
116 3
138 9
39 6
178 5
167 6
175 1
7 4
93 3
110 4
101 64
99 10
67 6
193 7
28 2
44 10
128 7
49 4
43 3
68 4
92 24
71 6
170 6
87 5
189 1
142 8
123 7
77 1
181 5
113 7
190 44
27 1
79 1
29 10
51 7
162 9
127 8
108 6
182 4
79 4
174 151
11 3
107 10
123 5
119 2
159 2
144 10
129 8
2 5
56 7
43 136
136 6
16 10
5 5
136 3
38 2
95 8
55 3
146 10
126 10
151 43
61 2
85 9
75 2
106 9
28 4
8 3
103 1
119 8
4 7
48 45
40 10
18 9
153 1
4 6
52 2
73 8
143 10
75 4
88 10
190 57
123 4
16 9
81 7
56 10
17 5
41 5
164 8
165 6
161 8
136 157
30 10
111 4
175 5
41 8
35 6
111 6
24 5
79 9
1 4
10 116
129 6
13 4
117 7
44 5
44 2
146 8
82 10
135 3
93 10
108 41
46 9
96 10
86 2
29 1
85 5
146 6
188 6
33 6
17 8
150 134
144 7
27 6
159 4
62 8
98 9
11 5
22 1
5 9
39 9
93 110
42 4
55 7
11 9
137 4
118 9
101 10
110 8
6 4
104 9
147 36
161 7
174 1
129 7
7 10
16 10
104 10
54 9
51 8
178 4
71 14
88 7
5 2
86 4
48 6
187 10
55 6
39 8
146 2
100 7
130 41
190 9
135 2
10 2
164 3
8 3
193 3
142 6
177 5
134 9
61 169
166 3
31 1
120 8
102 4
156 4
114 5
87 8
149 3
165 7
175 83
53 2
164 10
164 10
97 9
75 4
192 7
155 5
160 10
165 3
146 186
146 7
187 7
90 2
5 7
3 9
61 3
19 3
91 9
124 10
44 106
85 6
88 7
143 8
84 5
193 4
28 8
49 9
71 4
180 7
12 10
38 2
38 10
138 8
139 8
78 1
178 8
122 10
158 9
80 2
182 39
106 10
146 1
88 1
78 4
123 4
164 2
98 1
30 7
85 3
176 73
183 1
20 5
129 8
123 3
137 1
36 5
59 7
131 4
189 7
182 51
96 1
140 2
140 9
99 5
120 4
151 3
70 1
166 9
33 9
67 46
22 3
188 6
107 9
184 1
67 1
163 9
172 7
109 2
142 5
98 115
168 7
160 9
91 5
58 3
7 4
107 1
102 5
83 5
71 4
170 174
57 4
68 8
89 9
2 9
12 9
166 9
89 8
120 7
97 3
69 100
31 2
167 8
175 7
69 5
30 7
18 9
12 7
176 9
96 6
89 105
74 4
190 4
141 8
147 9
88 9
86 5
154 8
119 9
110 10
170 62
186 3
33 7
90 8
53 4
156 10
29 10
13 8
65 5
127 8
101 142
119 4
127 7
165 10
26 7
86 10
65 7
21 7
9 6
3 10
90 147
7 2
130 8
85 7
40 2
191 6
90 7
87 5
76 2
177 3
186 177
138 8
162 7
129 3
125 5
143 10
70 5
54 8
84 4
138 4
154 37
88 3
171 9
64 3
117 2
73 3
47 6
138 2
176 8
147 2
3 101
74 8
179 1
108 10
75 7
50 9
190 2
94 1
192 8
97 7
43 86
68 8
174 5
1 2
69 10
147 4
155 10
112 9
11 7
113 3
57 42
166 7
12 6
154 10
90 2
124 1
12 7
65 2
2 10
73 5
93 122
103 9
95 2
14 9
40 9
104 10
166 4
153 7
92 8
158 7
148 12
91 7
185 5
114 4
10 1
54 7
33 9
160 3
6 10
14 3
12 113
137 7
99 4
70 7
112 4
192 8
110 1
26 3
187 5
110 8
45 18
91 5
34 5
136 9
153 2
99 7
153 4
94 8
133 2
172 10
42 92
20 6
94 5
37 3
159 4
141 4
76 7
36 2
44 3
77 4
60 93
145 6
182 1
113 10
184 7
72 6
88 5
162 5
56 6
149 1
134 79
187 7
74 8
30 2
6 5
93 10
30 8
28 4
29 9
93 6
82 11
100 4
135 1
57 7
41 1
40 10
134 1
149 2
147 2
21 4
96 41
45 8
81 5
50 9
13 9
108 7
2 2
40 6
47 7
151 1
75 189
49 3
161 10
10 8
110 9
16 7
191 8
159 1
66 6
88 3
44 110
21 7
191 10
156 8
108 9
158 4
46 1
32 7
55 4
156 8
151 87
158 6
118 7
84 8
187 6
61 10
134 10
77 3
3 1
2 1
147 146
62 5
23 8
168 8
116 1
127 4
49 10
18 1
112 7
79 1
40 189
167 5
181 3
144 7
19 1
91 10
188 9
73 3
10 3
83 3
74 142
91 7
56 3
168 8
70 2
61 7
165 2
41 1
9 8
18 8
150 143
82 10
154 2
107 7
186 7
13 9
72 4
42 9
179 7
168 8
61 36
109 9
186 8
38 10
142 8
85 7
132 1
53 5
161 9
103 4
189 143
29 1
102 8
22 9
155 2
143 6
113 8
152 10
89 7
148 2
17 47
119 5
76 1
178 10
36 3
164 10
40 10
52 2
95 9
192 5
126 136
29 10
188 6
14 5
168 7
187 4
189 8
111 6
56 2
147 3
59 68
169 1
141 7
86 2
26 3
175 6
41 9
103 3
111 7
165 5
144 132
74 1
16 4
33 9
3 7
139 3
45 9
28 2
33 6
174 2
160 189
58 1
120 2
40 5
169 8
174 7
47 10
3 2
129 4
35 9
101 42
147 10
156 1
122 10
77 7
154 6
84 7
64 6
71 10
146 7
109 26
77 7
129 3
190 10
72 8
191 5
47 9
73 2
153 5
23 1
8 177
143 10
32 8
154 2
179 10
176 3
190 7
72 7
127 7
94 8
122 103
72 9
189 3
158 7
27 3
58 10
25 9
15 3
154 9
119 7
26 154
72 7
88 6
51 7
38 6
154 1
159 4
99 6
142 7
184 5
16 52
176 1
146 10
176 2
165 8
144 5
46 1
107 10
191 3
92 5
174 39
129 2
174 1
49 8
156 1
12 4
174 3
121 9
112 3
41 10
26 188
55 9
162 8
83 5
128 3
50 1
96 5
104 2
165 4
106 6
98 171
84 10
78 9
100 4
117 1
141 1
78 10
72 9
91 5
13 5
80 21
193 7
13 4
144 9
102 4
191 5
92 5
34 6
188 7
163 1
52 95
80 8
20 6
181 1
164 9
17 8
171 8
19 9
74 4
168 9
114 115
97 2
71 7
120 1
51 7
178 1
107 8
91 10
126 6
188 1
80 13
17 6
1 7
35 2
188 10
70 1
32 1
20 3
102 5
12 8
164 66
84 1
85 8
117 7
160 7
193 6
144 6
185 10
28 9
135 9
159 190
94 1
26 2
79 8
157 8
80 6
50 1
183 9
189 7
109 8
148 124
59 9
115 1
178 1
171 7
112 1
172 2
21 1
188 1
149 10
123 192
175 9
129 5
76 1
177 8
80 5
27 2
35 3
96 6
55 8
50 143
45 7
159 4
37 1
55 7
158 6
172 10
149 4
19 2
12 2
193 122
89 4
108 10
89 7
69 3
64 9
125 8
30 9
53 7
111 5
173 66
51 5
188 2
17 5
54 8
149 4
169 5
124 7
62 7
87 7
180 37
69 9
41 5
56 4
10 6
16 7
60 7
51 8
133 2
62 8
143 108
135 7
142 8
35 4
39 2
100 5
68 3
35 1
20 5
160 7
138 73
84 10
94 7
177 10
182 5
144 1
188 8
43 2
185 1
20 4
3 115
55 1
125 3
190 3
24 4
188 9
103 5
104 3
48 10
155 7
139 47
57 5
52 5
176 5
134 7
69 3
164 4
156 4
92 6
19 1
37 14
128 2
147 6
87 6
145 3
75 2
190 7
127 7
151 7
111 7
137 114
63 9
189 2
116 4
180 9
166 7
193 2
73 7
6 6
44 2
166 177
105 7
140 1
62 4
72 3
17 7
156 6
164 5
34 4
174 5
183 51
169 7
23 9
80 2
81 1
105 2
188 8
48 5
27 4
42 9
36 67
110 8
10 4
133 7
73 3
128 7
171 3
81 10
122 1
130 10
13 85
46 3
161 5
180 5
151 3
66 9
12 4
169 2
186 1
57 9
20 81
120 4
119 2
112 5
111 3
148 9
159 1
149 2
40 6
93 2
32 91
193 9
2 2
110 7
187 2
82 5
10 6
15 2
8 9
149 2
36 28
