231 1000
1 2
1 3
3 4
3 5
5 6
3 7
1 8
5 9
2 10
7 11
4 12
11 13
11 14
1 15
6 16
1 17
11 18
5 19
4 20
3 21
19 22
7 23
20 24
4 25
23 26
13 27
21 28
8 29
15 30
3 31
27 32
7 33
16 34
27 35
9 36
6 37
32 38
1 39
14 40
32 41
36 42
18 43
23 44
3 45
10 46
45 47
2 48
6 49
13 50
28 51
50 52
23 53
22 54
17 55
40 56
5 57
49 58
18 59
47 60
49 61
28 62
3 63
62 64
17 65
19 66
50 67
13 68
19 69
51 70
53 71
38 72
61 73
62 74
6 75
54 76
57 77
60 78
64 79
20 80
3 81
59 82
42 83
63 84
3 85
12 86
16 87
41 88
85 89
30 90
16 91
23 92
32 93
80 94
12 95
79 96
14 97
83 98
32 99
64 100
40 101
85 102
68 103
61 104
20 105
82 106
77 107
62 108
26 109
96 110
61 111
97 112
95 113
86 114
31 115
39 116
37 117
26 118
76 119
68 120
82 121
99 122
40 123
66 124
57 125
32 126
17 127
67 128
119 129
50 130
66 131
91 132
39 133
93 134
125 135
110 136
93 137
115 138
135 139
27 140
122 141
82 142
44 143
128 144
102 145
136 146
20 147
123 148
22 149
29 150
57 151
140 152
62 153
83 154
154 155
67 156
126 157
6 158
46 159
82 160
86 161
24 162
5 163
27 164
121 165
153 166
70 167
29 168
93 169
12 170
140 171
102 172
129 173
58 174
71 175
82 176
31 177
56 178
133 179
44 180
102 181
113 182
31 183
72 184
98 185
134 186
46 187
24 188
91 189
66 190
40 191
114 192
68 193
7 194
185 195
66 196
80 197
67 198
102 199
184 200
176 201
64 202
142 203
75 204
55 205
153 206
159 207
62 208
173 209
197 210
148 211
124 212
149 213
171 214
116 215
167 216
196 217
64 218
27 219
112 220
29 221
13 222
50 223
152 224
160 225
35 226
5 227
68 228
51 229
71 230
14 231
41 3
178 3
131 2
75 7
197 10
73 1
107 9
73 8
209 2
77 127
2 10
182 1
32 2
195 3
129 3
201 1
198 7
89 6
42 8
24 131
126 9
220 5
120 10
19 1
155 6
68 8
192 4
225 5
145 1
26 67
64 5
41 6
39 5
56 10
131 10
211 7
154 1
97 10
191 4
68 214
158 10
56 9
185 7
170 9
73 5
169 4
24 5
117 2
185 7
21 185
108 1
211 3
172 6
167 7
7 6
204 5
85 8
181 3
130 1
136 169
163 1
57 6
117 9
46 7
68 4
207 7
206 7
77 7
148 10
102 47
101 1
53 5
127 7
61 3
213 3
140 4
142 9
103 2
55 4
66 175
2 10
7 3
73 2
60 7
101 3
2 5
1 5
79 8
125 6
110 204
20 10
54 10
211 4
112 9
28 7
18 6
162 1
119 9
34 9
81 120
49 9
89 4
40 7
115 7
207 2
203 4
57 9
86 4
16 10
36 170
209 5
111 2
199 10
14 5
155 10
70 2
184 4
126 9
131 2
186 168
15 8
77 7
193 4
28 6
132 7
17 5
142 5
189 5
38 8
57 163
30 9
229 3
102 7
155 7
3 8
226 10
101 5
109 6
174 2
181 218
178 3
138 2
161 7
101 6
150 2
6 7
94 9
171 7
196 8
206 105
28 8
27 7
227 1
216 1
231 5
70 5
116 1
224 2
211 8
9 112
221 3
179 6
209 8
190 10
195 7
130 4
173 7
62 9
195 9
111 197
185 2
189 2
129 2
192 5
70 5
24 8
70 7
94 6
179 7
120 69
221 2
7 6
6 3
101 2
227 3
181 6
29 5
109 2
31 10
117 104
125 4
122 1
48 9
61 10
42 10
156 6
190 2
78 5
149 1
59 86
155 2
200 9
58 9
138 8
60 1
159 8
66 6
195 1
181 6
180 177
139 2
44 2
190 8
38 8
151 4
145 8
51 3
209 9
139 3
30 61
225 6
137 7
22 4
100 2
92 9
138 3
76 10
147 5
226 3
157 59
188 7
231 2
202 2
16 3
209 8
19 10
27 9
75 5
110 4
189 120
182 4
13 7
161 1
176 7
206 10
17 5
45 9
148 8
103 1
48 48
95 10
95 7
36 10
79 10
84 1
67 8
77 8
5 7
52 8
2 22
61 8
14 1
167 8
78 10
123 4
109 10
227 4
103 3
9 7
72 174
56 7
218 10
100 1
131 10
104 2
83 1
52 2
86 10
115 5
129 42
5 5
50 8
122 7
175 4
162 10
13 2
122 6
108 5
157 3
96 188
105 10
69 10
70 1
196 7
158 3
98 5
221 8
200 10
17 5
202 192
21 4
181 1
182 5
170 10
120 9
81 1
221 1
19 8
177 10
204 179
158 1
50 6
52 2
139 3
32 6
61 3
65 9
62 2
53 6
150 106
27 10
217 2
139 8
117 8
89 9
112 3
221 5
167 6
212 8
100 172
134 3
216 10
144 6
29 7
111 3
99 4
109 4
27 1
64 5
122 10
20 6
217 6
131 2
85 9
114 7
60 2
179 5
209 1
43 1
153 154
21 4
188 4
203 1
41 3
130 9
23 2
172 1
183 8
230 10
1 224
126 5
62 6
19 9
18 1
186 6
164 3
126 3
179 8
100 3
208 75
62 9
91 6
144 1
40 9
160 10
161 10
208 5
76 3
18 9
152 196
97 6
201 1
178 6
11 5
58 10
78 10
107 9
160 5
98 9
187 224
51 4
47 7
163 8
12 6
88 6
151 2
109 1
177 10
95 2
168 34
185 1
150 8
142 5
140 1
3 2
206 3
101 6
3 1
21 3
192 19
109 9
38 7
34 3
12 4
163 3
142 5
157 6
50 3
20 9
171 42
90 5
44 8
155 4
2 5
192 10
83 3
92 8
50 9
219 6
227 204
95 5
33 8
138 7
176 4
40 4
143 9
9 10
90 6
182 2
53 139
113 4
53 2
74 9
36 10
2 2
26 9
139 2
189 2
229 4
117 65
155 9
157 6
174 10
114 8
67 2
21 4
131 7
101 3
55 8
172 74
113 2
138 6
137 4
143 7
190 5
230 3
168 4
98 5
107 7
138 155
146 8
148 9
68 6
153 5
7 10
111 10
125 4
30 5
115 7
126 110
111 8
184 4
180 5
166 9
59 9
231 8
32 8
183 1
81 6
165 88
219 3
77 5
52 6
209 4
30 1
228 2
157 1
44 10
170 9
34 176
164 6
162 10
18 7
216 2
44 3
131 10
184 8
54 9
153 8
38 119
191 6
28 10
80 7
172 7
156 1
185 9
154 8
33 4
158 9
130 134
219 5
103 8
226 8
178 4
175 1
110 10
215 6
216 7
27 1
218 81
178 4
161 2
24 6
88 7
67 9
187 4
8 10
54 6
152 9
119 209
97 6
71 3
175 1
188 5
21 3
110 9
168 8
102 9
124 6
205 150
164 1
14 4
192 10
185 5
176 7
153 2
187 2
108 5
208 1
194 89
38 7
160 10
127 8
52 8
119 7
29 4
179 9
22 10
40 5
148 204
160 8
113 5
70 4
60 10
175 3
98 10
145 7
144 1
206 7
10 152
104 9
35 6
168 1
90 9
151 8
199 1
212 5
112 4
2 7
217 35
102 9
174 4
37 6
126 1
94 10
214 8
87 6
41 2
214 3
197 175
59 9
57 7
185 8
103 2
107 9
206 2
35 3
41 8
125 9
60 18
225 5
25 3
121 1
188 8
142 10
55 8
227 10
52 1
50 1
69 141
128 8
164 6
218 4
51 6
39 7
19 6
95 1
91 9
146 10
177 227
34 7
42 7
129 1
230 6
219 9
162 2
161 10
142 9
92 1
47 81
45 3
226 1
101 8
157 4
224 4
195 4
115 7
162 9
102 9
49 14
70 4
210 8
16 4
118 3
71 9
210 4
82 6
146 5
83 3
169 101
94 5
197 9
143 10
176 6
143 2
27 2
137 10
185 8
45 6
93 220
177 9
203 1
10 6
34 5
217 2
78 2
56 6
99 5
182 3
156 163
223 6
146 6
104 4
86 1
88 8
59 5
97 10
30 5
160 5
152 136
17 8
202 10
131 4
88 8
46 5
209 1
17 5
15 7
163 4
36 218
55 10
26 7
86 5
109 9
158 9
76 5
90 4
202 9
151 2
33 71
19 9
28 1
4 8
80 5
38 6
171 10
139 9
174 8
214 4
35 70
45 2
56 3
190 4
50 6
15 8
224 3
117 4
54 5
65 5
165 146
11 8
168 5
218 1
144 4
132 8
127 5
16 1
110 4
127 8
231 109
72 3
121 8
39 5
108 7
112 9
100 7
225 2
55 3
17 6
67 221
119 7
19 7
166 7
27 6
154 9
186 7
70 3
103 8
59 6
81 127
36 10
1 5
59 3
226 7
145 7
20 10
97 4
171 6
145 5
217 88
159 8
224 3
51 10
95 1
2 4
162 10
76 2
15 7
43 5
49 230
62 9
113 6
162 8
112 10
128 10
183 7
223 8
96 2
93 10
213 75
201 5
134 1
140 6
17 6
16 5
208 6
211 5
97 4
202 2
210 91
193 3
89 8
4 6
137 10
17 2
15 1
46 9
42 6
189 7
143 128
5 9
184 2
70 9
224 6
145 8
140 6
49 5
113 10
93 6
72 181
115 10
127 4
13 10
78 2
74 4
103 3
87 4
74 10
60 2
184 59
118 2
224 5
218 3
117 8
118 7
92 1
173 2
39 4
198 2
146 201
2 10
161 4
33 5
117 9
220 1
57 4
204 2
30 4
148 8
5 154
99 4
22 8
84 8
4 7
164 3
167 5
224 9
131 7
99 4
210 125
3 8
17 1
153 8
184 3
67 5
195 5
12 8
160 3
143 8
122 188
33 4
49 5
8 7
197 2
3 1
35 8
7 9
212 1
44 1
52 132
204 8
111 6
114 8
158 2
188 10
195 5
179 5
100 7
17 8
46 181
211 8
61 9
60 8
104 9
20 1
73 9
79 2
85 8
10 9
212 173
145 8
115 2
181 5
230 5
102 8
39 7
190 1
140 9
190 2
189 64
148 10
129 8
229 8
160 4
198 9
172 8
81 5
91 1
148 10
188 227
141 6
93 9
72 5
26 9
219 8
50 2
228 8
120 1
14 9
229 148
214 10
87 9
222 5
123 6
46 1
220 3
187 5
8 7
201 2
38 135
82 9
191 3
218 1
82 9
179 9
118 4
19 3
54 6
220 10
44 81
155 3
185 9
83 7
120 5
22 2
140 2
170 7
119 4
19 7
19 111
209 8
223 3
91 7
69 4
181 4
6 2
212 1
117 9
196 9
46 153
189 5
133 8
16 9
195 5
49 8
130 4
156 5
51 8
71 1
67 47
61 1
1 2
34 5
24 4
39 9
199 6
139 2
150 10
73 8
27 104
140 6
210 3
107 8
82 1
105 6
35 3
205 5
211 2
212 2
179 185
