33 1000
1 2
2 3
1 4
3 5
3 6
6 7
1 8
2 9
9 10
10 11
1 12
10 13
5 14
7 15
10 16
1 17
1 18
6 19
9 20
6 21
5 22
8 23
10 24
19 25
2 26
12 27
16 28
16 29
5 30
1 31
1 32
14 33
6 5
26 10
5 10
10 7
7 4
32 5
24 5
30 1
29 4
26 17
6 3
24 3
19 9
12 1
28 10
10 3
12 6
14 8
1 8
29 15
14 2
11 10
18 7
30 8
24 4
14 10
10 4
3 3
9 10
9 22
1 8
22 8
27 9
11 3
32 6
14 2
17 7
18 5
33 5
27 23
10 2
3 7
25 2
14 2
33 5
2 6
9 10
10 3
7 4
8 33
12 1
29 4
26 9
31 8
11 7
27 4
22 7
13 5
24 9
20 15
1 2
16 5
16 9
26 6
13 4
32 3
2 8
2 9
20 3
14 28
32 7
7 4
22 3
10 4
25 9
12 5
32 1
16 4
28 4
32 25
26 3
28 10
5 9
16 5
31 1
7 2
27 9
16 3
12 10
3 20
25 2
8 8
8 7
12 2
13 9
25 10
21 7
14 8
6 8
24 32
8 2
17 2
17 5
16 1
7 9
23 7
29 10
7 9
23 10
26 14
5 5
17 4
22 9
5 7
19 6
2 9
24 1
11 5
12 4
8 24
26 7
8 4
22 1
7 10
4 3
17 4
31 9
22 3
24 4
15 12
28 5
12 6
15 1
22 7
33 3
13 1
12 4
13 7
23 8
9 24
31 5
24 9
8 9
16 5
10 1
29 1
17 3
26 4
30 9
33 29
5 9
21 9
27 6
12 6
13 7
15 10
9 6
32 4
24 2
8 31
22 5
5 5
19 2
8 1
29 4
11 4
9 5
23 1
27 7
30 16
4 8
30 4
2 8
21 9
18 1
21 10
9 8
3 9
17 8
10 14
28 10
15 6
1 2
5 8
1 1
19 10
20 10
22 7
10 8
3 33
9 8
11 7
15 5
11 7
1 9
10 6
27 4
11 6
3 6
15 25
25 1
12 8
9 8
27 2
11 8
28 5
8 1
6 8
21 7
1 20
9 4
21 3
20 8
12 10
31 2
25 9
8 3
30 8
9 7
23 30
33 7
13 9
33 1
32 10
12 3
21 10
6 4
23 7
25 3
8 27
1 3
2 9
15 10
10 10
15 10
21 8
25 2
12 2
5 3
33 17
27 3
33 6
20 6
11 3
21 2
6 7
27 2
19 10
24 5
2 10
19 9
33 2
9 4
24 7
3 2
22 8
15 1
16 3
11 2
22 32
22 1
22 2
3 6
33 5
1 3
12 10
5 9
14 7
24 3
30 31
3 3
7 7
29 4
21 1
4 7
23 7
18 8
11 6
21 3
12 23
2 9
17 10
29 7
18 9
30 4
2 8
8 5
20 4
27 6
14 21
33 10
1 10
28 4
11 9
27 8
25 2
13 3
2 7
4 5
30 19
16 2
8 6
33 10
10 8
24 9
33 3
22 5
9 9
33 8
10 30
3 9
33 7
20 1
27 10
20 9
28 1
30 2
33 2
10 5
1 29
15 4
32 5
7 10
12 10
28 5
33 2
32 1
15 4
4 8
4 11
26 2
7 9
22 2
8 4
8 10
6 8
15 10
25 7
26 10
22 18
29 2
21 5
1 1
32 4
17 3
26 2
8 8
19 5
13 4
32 32
23 7
13 7
17 3
22 7
4 7
7 9
6 1
23 6
6 7
1 31
7 1
30 4
21 6
29 5
23 3
2 3
1 3
27 7
7 3
17 10
24 8
19 6
30 2
4 8
28 7
1 4
33 1
17 5
3 2
3 33
3 3
19 9
21 1
22 5
15 7
22 1
19 8
14 2
20 3
8 14
11 3
22 5
17 8
20 3
21 6
5 5
14 1
22 1
15 8
11 21
33 4
31 10
22 6
1 1
9 10
25 2
22 2
5 3
3 9
27 18
20 9
33 4
27 3
21 5
27 3
23 4
23 5
15 3
4 8
4 27
7 4
13 10
16 6
19 2
29 8
15 6
25 2
26 3
29 4
4 16
15 8
22 3
10 4
16 9
17 3
5 4
12 7
27 1
12 5
12 11
25 3
22 9
22 2
11 4
31 2
12 2
18 4
8 10
28 4
29 18
15 4
6 9
8 1
16 6
8 2
7 10
27 9
23 8
5 8
21 14
23 6
21 9
29 7
28 6
22 8
25 9
5 3
17 8
23 10
9 11
25 10
17 10
6 8
9 9
19 8
20 4
30 6
20 8
2 9
11 29
1 4
17 10
23 7
16 4
11 6
22 2
15 1
6 6
24 7
17 16
25 6
33 4
13 7
8 6
33 7
33 1
10 1
19 1
13 10
27 27
6 8
32 1
28 6
18 7
14 9
4 8
8 5
30 8
24 9
7 17
15 8
13 8
3 10
15 7
16 9
31 8
10 10
33 5
2 10
23 22
9 6
27 9
32 9
11 1
25 6
1 6
4 10
17 8
14 8
22 15
12 3
30 3
24 2
18 10
23 8
9 8
1 7
22 6
19 6
22 24
3 3
33 7
32 5
31 9
24 5
31 4
19 4
16 5
14 8
3 14
6 2
31 7
22 10
2 7
27 1
9 10
19 4
6 8
8 10
2 21
18 1
30 2
30 3
30 10
6 5
18 6
12 3
21 9
10 2
16 15
4 6
7 8
8 1
4 8
28 5
24 5
22 4
24 3
3 5
16 28
17 10
28 9
5 4
3 9
22 2
17 2
13 9
32 4
17 7
31 23
16 2
5 10
19 3
17 8
32 2
22 2
3 9
2 9
32 6
2 10
27 9
31 9
6 10
27 8
25 8
23 2
12 9
23 6
15 1
32 10
23 9
21 1
5 9
28 1
33 6
10 9
15 10
20 10
8 10
31 13
25 2
22 10
31 2
26 3
4 6
32 1
20 3
2 4
14 1
7 31
14 7
26 5
27 3
10 10
7 3
22 9
12 5
17 7
20 5
28 20
28 5
25 10
5 5
2 5
1 3
5 5
17 2
10 5
16 5
18 24
23 2
7 10
9 5
12 10
3 4
13 5
19 4
33 6
18 8
28 13
5 3
18 4
20 5
30 4
15 7
17 7
26 6
1 6
26 6
24 20
29 1
4 9
27 7
16 1
9 3
10 5
30 1
26 10
13 2
5 10
4 5
29 10
21 4
9 1
26 9
28 5
22 2
30 4
16 9
19 33
1 5
16 1
11 3
21 1
16 10
4 3
29 5
30 4
26 6
17 27
6 3
11 1
11 4
24 7
8 3
31 10
3 7
21 4
25 2
26 11
10 2
17 8
28 3
16 5
14 6
32 6
17 8
16 6
26 6
20 32
6 3
32 8
18 8
24 6
32 2
11 9
23 4
29 7
18 3
18 12
16 8
12 8
25 2
18 8
18 5
33 3
8 4
4 1
28 1
31 28
1 4
1 4
16 10
19 10
12 4
32 5
18 2
7 7
13 7
32 12
19 3
8 6
18 2
15 1
2 2
4 1
15 2
29 5
13 9
3 21
19 5
28 9
5 6
32 7
31 10
24 10
21 7
10 9
22 5
11 29
21 1
10 5
28 6
31 5
21 3
20 2
27 1
17 6
10 2
20 19
31 6
8 7
7 1
29 3
8 4
23 6
10 7
25 1
33 4
27 16
33 10
7 5
32 1
17 2
24 1
17 3
5 3
3 2
8 2
11 29
31 4
9 8
5 1
21 4
14 4
13 1
4 1
16 9
27 10
22 19
1 9
26 10
11 7
1 8
5 7
33 2
5 10
9 10
9 6
13 32
32 7
2 9
8 8
25 8
2 2
5 6
24 1
19 3
17 2
33 14
9 2
26 10
4 6
13 8
3 6
23 5
6 1
1 2
18 3
28 15
12 2
31 7
14 3
12 3
26 6
18 4
33 8
11 10
9 9
20 24
19 4
7 9
33 1
16 4
10 7
18 2
23 6
13 3
17 1
2 17
17 10
15 9
9 2
17 2
10 4
27 7
4 10
12 8
33 3
29 31
12 10
16 2
9 4
27 10
17 4
26 9
17 1
1 7
20 4
10 11
9 8
24 5
17 9
8 8
1 1
16 7
25 9
4 3
31 6
25 14
19 7
25 2
18 5
14 7
9 9
11 9
14 5
29 6
4 9
31 19
24 9
16 3
22 4
25 4
18 7
26 9
31 6
24 3
31 5
7 18
14 8
15 6
30 5
3 3
4 10
26 4
30 8
22 10
12 2
6 23
11 7
25 1
19 5
18 5
20 5
26 5
16 2
23 2
6 2
20 29
16 9
3 5
3 5
20 6
6 6
12 10
2 4
18 9
6 1
23 13
31 2
20 1
21 6
26 9
20 1
19 4
8 3
23 7
8 8
25 18
31 2
12 6
12 4
32 5
26 7
5 4
23 1
20 1
1 7
19 26
30 4
29 6
17 9
16 2
7 7
2 2
21 5
19 10
23 8
33 10
19 1
25 8
5 10
18 9
6 4
12 10
30 4
29 4
22 5
20 15
7 2
11 8
19 6
1 6
22 7
32 8
3 5
10 2
8 4
23 27
22 1
3 9
23 6
11 8
18 9
24 1
9 1
16 3
8 7
19 26
