300 1000
1 2
1 3
1 4
3 5
5 6
2 7
2 8
6 9
7 10
7 11
8 12
6 13
11 14
4 15
5 16
6 17
2 18
18 19
9 20
4 21
20 22
18 23
14 24
13 25
3 26
14 27
27 28
10 29
9 30
25 31
18 32
8 33
17 34
9 35
26 36
8 37
22 38
25 39
22 40
17 41
12 42
40 43
39 44
42 45
11 46
36 47
27 48
23 49
29 50
15 51
32 52
33 53
37 54
52 55
1 56
3 57
25 58
31 59
47 60
45 61
5 62
12 63
18 64
63 65
19 66
31 67
61 68
45 69
47 70
19 71
2 72
40 73
52 74
54 75
72 76
44 77
4 78
7 79
4 80
27 81
73 82
34 83
44 84
58 85
24 86
43 87
20 88
60 89
45 90
49 91
42 92
83 93
15 94
59 95
79 96
52 97
87 98
40 99
91 100
44 101
82 102
40 103
10 104
38 105
21 106
6 107
104 108
57 109
102 110
109 111
102 112
3 113
31 114
73 115
105 116
90 117
2 118
16 119
47 120
77 121
110 122
29 123
11 124
38 125
19 126
20 127
91 128
74 129
112 130
26 131
128 132
4 133
62 134
86 135
74 136
51 137
107 138
130 139
41 140
93 141
36 142
94 143
75 144
97 145
56 146
111 147
25 148
18 149
88 150
124 151
16 152
152 153
44 154
94 155
102 156
60 157
84 158
32 159
32 160
129 161
57 162
21 163
13 164
45 165
47 166
60 167
131 168
2 169
59 170
121 171
67 172
168 173
15 174
70 175
93 176
152 177
136 178
161 179
20 180
112 181
159 182
9 183
138 184
114 185
120 186
8 187
106 188
188 189
40 190
172 191
180 192
179 193
19 194
79 195
118 196
125 197
72 198
149 199
59 200
20 201
86 202
180 203
167 204
193 205
3 206
106 207
10 208
112 209
98 210
147 211
70 212
28 213
146 214
151 215
88 216
60 217
78 218
160 219
117 220
49 221
108 222
90 223
13 224
60 225
63 226
79 227
5 228
87 229
54 230
168 231
227 232
148 233
11 234
100 235
50 236
93 237
124 238
201 239
25 240
114 241
39 242
39 243
75 244
231 245
243 246
220 247
219 248
104 249
104 250
170 251
247 252
110 253
135 254
91 255
77 256
251 257
118 258
115 259
98 260
62 261
35 262
63 263
153 264
252 265
243 266
207 267
43 268
130 269
187 270
10 271
66 272
103 273
191 274
157 275
162 276
44 277
99 278
122 279
248 280
75 281
103 282
116 283
162 284
176 285
45 286
47 287
79 288
1 289
125 290
208 291
270 292
89 293
159 294
257 295
115 296
14 297
200 298
184 299
127 300
75 7
242 6
58 6
92 2
235 4
181 2
198 2
44 4
94 8
112 293
85 4
202 2
90 7
126 8
117 6
71 5
278 2
219 7
237 5
265 275
170 10
201 10
14 6
79 8
50 5
32 9
225 5
206 1
298 7
11 105
220 1
25 5
214 7
147 9
121 5
257 6
55 10
88 9
274 4
143 49
10 2
170 7
189 3
82 8
127 1
169 6
208 2
84 7
228 9
206 156
254 10
35 8
31 8
218 6
146 6
149 2
279 10
247 7
40 2
46 246
221 5
93 1
203 4
10 6
223 1
50 3
58 10
140 7
162 1
188 163
171 9
129 10
59 5
130 7
12 8
291 2
216 4
93 7
280 4
170 232
129 3
235 8
69 6
203 1
87 10
169 1
145 10
240 8
260 4
188 39
7 9
180 1
188 3
286 7
82 2
151 6
6 6
236 5
295 4
88 166
234 9
192 9
166 7
173 3
192 6
92 1
166 10
125 4
131 9
86 74
142 4
154 7
105 2
201 3
192 1
263 1
57 10
14 10
88 5
63 77
45 10
161 10
52 1
135 5
102 1
26 7
176 10
184 10
28 4
53 62
100 9
122 3
291 4
298 4
46 3
141 3
80 5
35 2
6 5
152 119
185 8
219 9
4 1
174 9
171 8
99 4
264 10
76 9
244 5
124 120
272 7
248 3
192 1
212 6
254 8
58 3
259 3
299 10
242 6
55 271
1 7
295 6
211 7
150 2
99 8
129 3
240 3
197 10
9 7
211 146
94 1
18 6
267 3
97 1
168 10
237 9
87 9
59 8
241 9
45 53
226 8
97 2
107 5
20 8
263 6
158 3
72 7
106 5
132 7
291 90
87 10
200 6
26 7
201 1
275 6
289 8
179 5
55 2
149 3
227 281
90 4
198 1
191 10
276 7
142 7
84 10
104 9
255 3
179 3
229 239
172 5
132 5
268 2
112 8
63 1
287 9
17 8
259 8
272 7
238 269
52 8
20 1
100 7
254 9
294 4
20 6
83 10
101 3
67 5
1 29
82 8
85 2
47 6
88 4
159 1
154 3
227 2
206 7
276 3
295 204
260 5
1 5
14 1
119 7
242 7
51 3
58 1
60 2
289 5
56 102
218 9
168 4
223 10
154 4
185 9
189 4
228 7
32 10
39 1
26 149
256 2
222 8
19 8
202 8
43 2
249 10
279 1
269 10
230 8
151 241
92 1
156 5
237 5
234 10
29 3
64 8
34 3
259 1
209 9
117 239
108 10
88 2
91 1
107 10
238 6
68 10
205 4
48 2
153 1
30 221
201 9
208 3
148 6
66 10
101 8
95 8
47 2
187 3
227 3
196 265
245 3
116 4
127 1
40 2
200 8
254 10
130 1
130 6
189 1
123 27
132 8
203 7
191 6
31 2
256 10
163 7
37 10
203 9
193 7
35 50
190 1
278 2
4 6
236 4
83 6
220 4
7 6
15 8
206 7
155 81
36 10
210 9
25 9
1 4
133 6
78 6
163 1
64 8
165 9
164 75
69 6
278 3
125 1
202 7
74 7
41 2
249 6
79 8
118 7
241 62
101 9
156 7
147 5
266 6
138 2
214 10
7 6
74 7
165 9
233 294
111 2
196 5
102 9
10 8
236 5
281 8
207 1
77 6
67 6
150 195
268 6
251 1
191 10
160 7
52 5
277 9
63 2
260 7
154 6
172 31
178 4
51 10
126 3
16 5
150 4
228 1
184 7
29 5
112 4
232 194
287 3
50 6
162 5
175 1
47 7
148 8
86 2
261 1
178 3
203 128
15 3
128 2
88 8
218 3
232 8
189 1
68 8
234 9
220 10
62 134
172 5
231 1
223 2
80 6
183 10
283 10
297 10
271 6
255 3
200 215
23 6
63 8
155 9
2 2
217 1
153 5
260 9
250 6
258 10
85 97
169 7
143 8
7 1
38 4
207 1
108 1
169 2
17 2
138 5
165 164
300 10
13 6
144 3
295 4
276 2
212 9
188 6
121 9
82 6
58 300
52 7
128 8
197 6
203 10
246 1
160 7
188 5
248 7
87 6
157 299
205 7
5 5
3 4
158 1
208 7
132 8
50 4
99 4
277 4
260 261
182 2
154 3
254 5
183 6
177 10
25 5
194 6
274 3
7 10
52 173
192 8
277 5
130 10
14 3
225 4
109 7
248 3
8 4
237 9
54 134
42 2
297 6
106 7
39 9
74 6
26 10
117 8
131 4
8 6
173 267
187 5
247 3
56 3
246 7
162 9
113 5
238 7
166 3
160 3
124 269
6 3
167 5
45 2
268 2
270 7
210 10
230 3
25 3
184 6
114 202
142 8
237 2
109 8
215 6
258 3
115 5
12 8
48 1
227 6
29 137
91 2
197 9
298 2
141 4
1 5
56 1
177 4
111 10
289 3
240 109
255 7
168 6
66 1
108 3
211 8
255 3
232 6
94 1
176 4
135 145
118 8
33 9
189 3
78 7
235 3
91 3
5 6
6 10
38 3
47 48
110 6
70 2
226 4
63 7
234 10
87 9
16 9
56 6
240 4
275 37
198 2
147 8
128 1
277 8
130 8
18 8
244 10
254 7
89 9
187 125
191 1
101 4
61 6
126 8
252 3
144 10
269 9
84 5
235 1
238 25
49 7
51 7
188 10
296 10
20 9
282 9
32 5
145 9
152 6
86 59
288 2
139 3
148 9
218 3
266 10
11 2
168 4
177 6
251 4
63 207
73 7
18 10
292 9
292 10
164 2
70 3
285 7
269 10
94 4
213 29
50 6
35 9
22 7
244 1
233 6
232 3
295 7
195 2
228 7
105 107
195 9
217 10
83 3
269 1
91 8
155 3
198 3
117 2
267 6
298 39
39 2
65 7
292 2
9 3
55 5
205 6
127 9
70 9
44 5
38 237
168 2
59 9
117 2
73 2
171 4
260 4
270 3
58 3
38 6
55 21
298 5
38 5
185 6
272 5
284 2
178 8
127 1
244 5
152 9
186 14
93 2
20 7
27 10
76 7
57 10
73 6
289 7
213 7
126 10
108 11
288 1
208 1
96 3
161 5
59 3
241 3
131 5
258 7
220 7
120 85
248 6
106 9
221 8
155 5
269 4
1 1
133 2
189 4
163 1
190 164
255 7
73 6
19 9
85 7
32 8
16 4
183 4
125 5
114 7
172 280
38 9
277 7
114 10
84 3
132 6
218 3
228 3
180 2
194 7
104 33
52 1
21 1
253 6
265 3
222 9
121 1
282 5
281 4
16 9
281 148
217 8
82 4
56 10
74 2
80 5
86 4
294 1
200 4
209 8
31 215
171 8
151 3
264 9
217 10
67 9
68 8
45 3
285 5
274 1
279 210
292 7
16 10
45 8
145 5
48 10
259 3
45 8
260 4
43 3
144 79
134 6
75 1
265 2
56 2
258 3
259 2
174 2
22 10
181 2
158 55
35 1
85 2
238 9
272 3
178 4
205 2
276 4
79 5
97 2
204 237
248 4
282 6
276 5
19 1
214 2
1 7
18 5
29 5
159 6
194 31
247 2
44 10
214 2
146 3
262 6
57 4
20 8
165 5
215 7
50 166
295 10
190 5
6 4
61 7
295 9
203 5
8 2
114 1
157 9
177 81
288 4
241 8
69 3
45 7
259 9
50 9
61 10
121 2
109 8
75 133
136 5
228 4
232 4
163 5
160 3
292 4
214 5
202 5
219 3
270 33
223 10
215 6
244 2
2 1
112 2
241 3
151 4
156 9
90 1
126 151
227 6
18 9
12 8
89 8
84 7
60 1
271 4
71 10
84 5
20 217
69 6
77 2
50 6
228 3
60 5
66 9
152 1
276 3
268 8
186 221
131 8
131 10
217 5
76 2
273 2
201 4
158 5
285 6
36 4
276 58
214 4
197 4
100 2
77 5
137 5
275 8
104 5
206 1
240 2
62 235
209 1
89 8
87 9
130 9
271 3
196 10
54 6
71 3
115 2
228 248
201 4
126 8
115 2
230 9
184 1
120 3
292 3
236 10
231 10
284 13
160 5
69 8
240 8
202 10
214 10
293 4
239 5
213 9
199 2
69 248
31 3
262 10
104 5
127 2
194 6
183 7
20 2
25 6
115 9
252 195
26 2
73 7
267 5
229 9
96 2
221 7
286 7
93 1
104 4
15 29
33 6
142 5
178 9
123 6
137 5
267 2
69 4
206 4
294 1
290 51
215 7
89 9
176 7
6 8
199 2
118 7
228 9
150 1
55 2
165 34
61 4
158 6
250 10
98 6
131 2
206 1
225 6
236 10
88 10
29 72
104 10
175 3
207 7
7 5
178 1
75 4
286 6
199 4
252 1
133 218
170 7
265 2
139 9
126 7
32 1
175 8
57 6
118 6
135 9
165 48
7 7
159 8
16 5
211 8
136 9
172 5
72 3
214 2
56 8
232 179
227 10
74 1
215 2
290 9
88 2
26 4
265 5
181 10
181 6
31 40
