720 1000
1 2
1 3
1 4
4 5
5 6
4 7
6 8
6 9
1 10
3 11
11 12
7 13
10 14
11 15
8 16
1 17
14 18
14 19
6 20
7 21
3 22
16 23
21 24
4 25
11 26
22 27
8 28
10 29
17 30
23 31
25 32
22 33
8 34
28 35
6 36
24 37
12 38
13 39
16 40
25 41
36 42
11 43
11 44
37 45
6 46
45 47
32 48
2 49
19 50
18 51
49 52
46 53
46 54
53 55
51 56
20 57
24 58
21 59
14 60
45 61
41 62
59 63
6 64
31 65
11 66
40 67
36 68
15 69
31 70
8 71
67 72
38 73
41 74
18 75
68 76
56 77
63 78
49 79
74 80
77 81
12 82
31 83
58 84
33 85
24 86
3 87
71 88
23 89
59 90
12 91
61 92
82 93
92 94
93 95
33 96
13 97
80 98
76 99
34 100
76 101
88 102
13 103
74 104
50 105
9 106
95 107
19 108
56 109
33 110
32 111
49 112
40 113
20 114
106 115
39 116
99 117
8 118
23 119
89 120
30 121
33 122
78 123
70 124
23 125
102 126
63 127
101 128
97 129
119 130
64 131
115 132
59 133
80 134
66 135
107 136
124 137
23 138
76 139
51 140
64 141
58 142
124 143
61 144
111 145
39 146
88 147
128 148
6 149
147 150
68 151
67 152
123 153
3 154
138 155
57 156
26 157
134 158
113 159
151 160
2 161
3 162
107 163
117 164
153 165
123 166
157 167
14 168
110 169
107 170
12 171
162 172
128 173
6 174
78 175
164 176
52 177
20 178
83 179
23 180
21 181
178 182
94 183
46 184
120 185
21 186
1 187
5 188
24 189
63 190
139 191
109 192
62 193
38 194
113 195
19 196
154 197
26 198
134 199
151 200
102 201
53 202
34 203
124 204
4 205
133 206
186 207
71 208
206 209
134 210
200 211
84 212
127 213
122 214
35 215
143 216
110 217
74 218
101 219
212 220
175 221
190 222
164 223
173 224
166 225
124 226
101 227
182 228
213 229
207 230
184 231
182 232
143 233
1 234
114 235
15 236
12 237
100 238
40 239
4 240
168 241
225 242
22 243
19 244
90 245
53 246
177 247
111 248
16 249
207 250
1 251
101 252
189 253
79 254
138 255
208 256
15 257
12 258
119 259
128 260
50 261
50 262
78 263
113 264
223 265
41 266
234 267
174 268
143 269
250 270
4 271
135 272
66 273
191 274
205 275
48 276
39 277
43 278
136 279
253 280
187 281
42 282
218 283
220 284
171 285
63 286
158 287
164 288
17 289
119 290
126 291
16 292
179 293
161 294
215 295
267 296
50 297
30 298
137 299
73 300
28 301
281 302
156 303
256 304
230 305
57 306
267 307
130 308
272 309
111 310
125 311
19 312
131 313
62 314
260 315
237 316
178 317
96 318
254 319
270 320
206 321
20 322
286 323
119 324
313 325
115 326
204 327
105 328
204 329
236 330
82 331
275 332
300 333
118 334
179 335
104 336
92 337
135 338
103 339
34 340
273 341
5 342
269 343
276 344
300 345
33 346
218 347
329 348
23 349
118 350
326 351
54 352
68 353
313 354
46 355
35 356
289 357
206 358
309 359
116 360
298 361
154 362
58 363
243 364
179 365
263 366
40 367
120 368
98 369
61 370
314 371
162 372
349 373
261 374
202 375
195 376
90 377
193 378
209 379
366 380
313 381
47 382
45 383
130 384
299 385
99 386
329 387
19 388
91 389
199 390
365 391
200 392
117 393
196 394
389 395
356 396
51 397
209 398
211 399
334 400
183 401
124 402
265 403
298 404
131 405
259 406
12 407
280 408
334 409
131 410
139 411
181 412
345 413
249 414
287 415
23 416
92 417
351 418
179 419
275 420
358 421
216 422
239 423
19 424
135 425
386 426
160 427
224 428
247 429
191 430
253 431
171 432
259 433
125 434
285 435
416 436
201 437
295 438
37 439
63 440
140 441
157 442
11 443
174 444
283 445
145 446
93 447
170 448
317 449
189 450
175 451
288 452
318 453
99 454
93 455
175 456
224 457
199 458
178 459
356 460
349 461
393 462
293 463
273 464
300 465
410 466
458 467
266 468
182 469
202 470
123 471
177 472
176 473
353 474
222 475
308 476
273 477
144 478
443 479
430 480
323 481
160 482
468 483
146 484
297 485
290 486
304 487
408 488
290 489
47 490
121 491
266 492
337 493
91 494
467 495
120 496
34 497
63 498
83 499
101 500
285 501
33 502
166 503
193 504
198 505
92 506
156 507
277 508
165 509
334 510
375 511
386 512
387 513
446 514
174 515
73 516
86 517
120 518
23 519
42 520
285 521
347 522
21 523
20 524
229 525
77 526
344 527
242 528
308 529
290 530
422 531
475 532
111 533
523 534
526 535
347 536
453 537
63 538
520 539
434 540
464 541
223 542
103 543
413 544
360 545
58 546
175 547
532 548
277 549
479 550
33 551
117 552
182 553
229 554
34 555
413 556
546 557
124 558
311 559
272 560
75 561
346 562
120 563
213 564
4 565
127 566
447 567
226 568
298 569
402 570
390 571
292 572
195 573
92 574
299 575
237 576
93 577
564 578
159 579
61 580
209 581
50 582
310 583
246 584
433 585
47 586
93 587
298 588
455 589
38 590
89 591
345 592
182 593
430 594
71 595
221 596
22 597
403 598
105 599
256 600
478 601
103 602
198 603
438 604
14 605
298 606
7 607
133 608
192 609
411 610
520 611
530 612
62 613
354 614
560 615
517 616
101 617
443 618
92 619
130 620
183 621
336 622
20 623
304 624
522 625
343 626
300 627
615 628
6 629
569 630
241 631
97 632
528 633
439 634
164 635
474 636
388 637
344 638
107 639
249 640
433 641
142 642
123 643
167 644
322 645
129 646
400 647
390 648
450 649
610 650
144 651
563 652
241 653
270 654
429 655
335 656
32 657
199 658
85 659
444 660
628 661
437 662
208 663
104 664
330 665
285 666
608 667
622 668
483 669
55 670
403 671
607 672
586 673
603 674
418 675
427 676
271 677
275 678
560 679
108 680
351 681
573 682
236 683
382 684
679 685
418 686
347 687
139 688
439 689
197 690
332 691
550 692
210 693
328 694
187 695
396 696
106 697
405 698
582 699
358 700
136 701
504 702
321 703
121 704
658 705
414 706
86 707
238 708
592 709
646 710
53 711
164 712
236 713
642 714
362 715
293 716
434 717
506 718
375 719
547 720
67 9
108 6
392 1
64 1
61 9
249 6
275 5
272 3
202 9
384 498
544 3
76 3
677 9
133 1
411 3
218 6
183 7
85 9
331 2
80 298
613 10
220 5
118 4
139 8
103 9
259 8
545 10
316 7
234 4
694 699
416 3
166 4
482 5
185 7
333 5
256 3
109 10
300 1
57 1
604 499
503 5
301 1
453 7
215 5
18 2
513 2
669 9
632 7
211 10
401 89
171 2
245 3
279 5
309 3
28 3
518 9
155 6
122 3
234 7
673 50
443 3
88 10
6 7
88 3
658 10
297 4
538 7
95 2
271 8
616 468
562 8
570 4
520 3
691 1
646 2
646 2
518 3
476 6
609 2
627 459
217 5
476 4
245 4
377 8
90 1
339 4
194 7
671 3
205 7
513 12
37 2
556 8
536 8
270 3
574 10
517 6
434 8
471 3
559 1
328 675
221 1
117 1
249 5
5 4
74 8
233 9
336 2
363 4
281 4
241 188
152 3
362 9
255 6
692 4
196 3
445 3
54 9
250 5
358 8
74 207
239 8
405 9
102 4
595 3
114 5
580 5
574 8
512 5
579 5
250 183
324 3
530 6
261 3
304 10
624 4
641 5
685 4
643 5
240 8
231 612
109 4
471 8
105 4
587 1
196 8
660 6
199 9
189 8
166 7
497 370
594 5
616 1
565 4
620 1
620 10
184 3
238 9
716 8
240 6
168 54
346 6
275 9
718 3
496 4
458 10
318 9
111 2
180 5
104 5
204 169
453 7
375 8
531 1
344 2
285 2
517 2
178 1
295 9
467 10
90 449
8 1
280 5
401 9
111 6
256 7
508 6
74 7
718 3
62 9
100 617
175 5
15 2
549 3
467 5
434 10
720 2
75 3
508 1
456 8
40 572
526 8
462 9
54 4
83 2
625 6
124 9
650 10
646 9
223 4
506 225
443 7
113 7
360 2
303 7
234 8
683 8
36 5
49 8
130 1
560 66
134 3
466 3
464 3
644 8
322 6
93 2
158 6
665 3
380 7
276 56
172 5
561 7
45 10
539 8
608 1
463 2
590 4
539 7
99 3
607 238
266 8
582 2
216 2
611 2
703 8
443 7
484 2
177 2
153 3
606 149
161 5
86 7
540 7
684 9
485 4
659 7
253 10
283 5
694 5
165 405
284 1
25 10
388 9
559 3
474 7
584 6
143 3
357 1
109 3
420 163
308 5
64 10
536 4
412 8
185 2
693 7
102 9
201 3
6 5
41 325
362 10
614 8
704 1
207 4
111 10
101 1
174 9
211 7
458 7
40 716
168 9
663 5
389 2
625 4
421 2
259 5
331 2
192 3
282 5
619 122
442 2
603 10
284 3
426 7
649 2
268 3
405 9
12 2
171 10
64 604
61 5
631 1
168 8
554 1
426 2
226 3
683 2
420 5
474 7
235 115
380 10
586 5
578 9
640 10
43 3
132 6
652 3
430 3
123 8
580 61
161 6
507 5
132 9
74 10
79 3
319 8
242 8
404 3
411 6
686 481
307 2
274 7
233 6
405 2
204 9
649 4
526 2
661 6
46 7
561 561
679 2
591 2
447 10
491 10
689 5
250 4
66 3
638 9
370 9
214 324
101 3
69 4
630 9
465 5
180 10
325 1
220 10
708 7
386 8
411 382
347 6
651 8
152 8
484 1
26 8
453 2
696 8
395 3
125 10
97 545
537 8
252 5
659 8
326 7
669 1
555 1
352 9
608 7
590 6
127 115
636 6
323 4
423 4
407 7
686 6
503 3
123 3
625 10
209 3
83 308
409 10
58 3
719 1
590 10
193 3
16 2
220 4
44 10
252 6
709 555
202 10
423 4
470 10
60 2
568 10
626 6
695 1
261 10
426 6
290 433
556 9
596 4
429 4
690 4
168 3
437 2
211 9
712 1
101 8
595 370
642 10
432 2
12 1
597 1
115 8
410 3
600 10
488 5
292 3
333 482
532 1
520 1
41 5
629 2
179 3
104 6
695 4
350 10
138 5
216 47
523 1
358 4
282 5
149 7
465 7
109 9
567 10
121 2
96 7
655 154
438 2
193 1
397 4
526 1
239 7
301 4
423 3
130 4
458 2
436 448
601 3
469 4
487 3
1 6
389 8
398 6
258 2
336 4
702 9
582 365
409 5
440 5
605 2
275 9
185 4
601 1
619 6
1 10
639 10
397 540
362 4
231 8
607 5
447 3
663 1
430 8
247 8
423 8
656 10
516 201
233 6
50 9
308 7
496 8
479 4
438 9
454 5
457 1
522 10
500 35
258 1
610 3
700 3
129 7
635 2
111 2
699 2
191 2
461 7
151 33
672 6
271 5
345 7
360 4
621 8
86 3
275 10
505 5
75 7
125 673
535 4
417 2
484 6
83 8
659 7
483 4
218 6
650 4
445 6
459 625
668 7
495 1
634 4
118 8
89 1
98 4
428 5
367 5
619 10
239 93
401 9
403 3
42 9
312 2
449 7
468 9
626 9
439 1
177 7
518 471
60 6
162 8
127 10
395 7
466 9
273 2
591 4
717 6
52 2
478 214
422 2
682 2
209 6
153 2
304 3
247 8
420 4
263 9
262 4
618 148
500 4
572 9
76 3
153 1
229 8
232 8
194 8
439 2
426 10
696 452
599 3
56 4
245 1
495 7
716 1
479 7
384 6
120 7
640 1
585 407
543 9
610 10
646 5
631 10
718 8
224 3
365 1
597 7
691 2
602 556
614 4
70 9
410 3
659 2
635 2
575 10
221 4
393 10
695 10
90 306
662 5
550 5
40 5
124 8
253 2
56 6
27 6
439 6
86 3
17 685
23 2
29 7
481 3
40 1
430 10
241 10
529 7
52 10
534 2
365 91
525 10
713 4
45 3
576 8
170 5
8 3
179 6
297 1
370 9
342 624
379 6
179 5
714 6
40 1
176 9
627 2
379 2
228 3
404 4
144 86
303 7
636 4
26 9
443 4
393 5
623 10
333 2
237 7
101 6
41 148
399 10
281 1
117 9
104 4
499 1
429 1
174 3
475 7
156 10
115 48
221 6
363 1
708 10
228 9
190 9
442 5
492 9
289 10
616 2
690 69
391 2
229 10
191 6
25 6
504 4
21 10
63 8
371 6
46 3
499 13
210 10
549 9
497 10
145 1
483 8
452 8
242 1
600 5
327 4
172 457
393 10
293 9
644 6
323 10
78 2
153 3
182 6
120 10
479 4
672 167
384 8
28 2
113 6
313 7
424 7
256 7
355 6
32 7
460 8
217 630
571 5
102 4
683 8
618 9
702 5
581 7
153 8
442 9
358 7
408 342
30 5
170 5
8 10
214 4
330 5
443 5
368 2
421 7
429 4
139 205
446 1
269 8
249 9
294 7
28 8
415 10
689 6
149 6
694 10
578 243
575 7
488 7
351 3
252 7
331 4
370 4
680 7
445 10
416 5
559 339
493 5
125 1
507 2
62 4
284 10
78 7
329 4
347 5
263 3
386 251
163 7
156 1
55 4
486 4
172 10
501 7
533 3
131 2
555 2
603 421
154 2
498 4
119 1
210 10
514 8
277 7
69 7
454 2
401 9
148 238
220 6
535 10
707 7
687 4
630 7
336 5
10 6
582 10
297 6
160 185
634 8
431 2
629 4
328 9
609 8
559 6
400 3
134 9
590 7
119 284
394 9
483 9
29 8
303 9
272 7
442 10
567 5
650 5
116 5
42 162
230 2
356 5
247 3
669 4
260 7
231 3
546 2
548 5
226 3
163 257
554 1
484 6
368 6
503 10
329 9
253 7
647 2
622 3
338 7
266 391
464 6
349 7
248 1
198 1
127 8
465 8
635 4
472 3
238 4
607 559
200 3
439 8
107 7
94 8
468 8
575 10
312 10
297 7
495 5
39 229
596 3
459 5
157 1
423 6
338 9
1 1
517 6
678 8
177 4
403 63
622 6
406 1
673 2
31 5
340 9
129 4
76 9
688 8
250 8
699 301
170 9
673 4
134 2
605 7
105 2
258 5
221 2
178 2
561 1
595 427
437 6
684 4
688 2
16 3
547 10
287 7
3 9
101 10
234 10
102 429
473 7
586 6
646 1
215 9
532 6
96 2
219 3
324 6
27 9
306 148
45 5
292 10
101 1
519 3
398 9
277 6
252 2
603 8
393 4
54 689
571 8
287 1
144 5
187 1
608 4
96 5
64 2
147 4
442 2
350 651
512 10
649 6
148 7
594 4
674 7
179 6
651 2
585 3
395 8
7 394
36 3
422 2
327 9
46 10
126 9
143 4
230 1
348 2
12 8
700 472
670 1
302 8
213 8
668 6
325 9
655 3
185 10
675 3
627 3
152 555
341 6
309 9
29 3
432 10
518 4
27 10
677 4
234 9
455 1
561 396
163 1
480 9
96 2
491 3
659 2
206 7
532 4
42 9
248 4
580 466
344 10
444 9
445 10
83 9
231 3
703 1
426 4
132 2
613 1
186 383
