946 1000
1 2
2 3
2 4
1 5
3 6
6 7
7 8
2 9
8 10
9 11
9 12
2 13
10 14
8 15
6 16
12 17
5 18
15 19
16 20
15 21
12 22
11 23
13 24
13 25
2 26
23 27
7 28
20 29
2 30
15 31
7 32
12 33
12 34
3 35
4 36
6 37
22 38
22 39
22 40
29 41
37 42
41 43
7 44
3 45
21 46
31 47
20 48
8 49
18 50
14 51
16 52
39 53
16 54
3 55
37 56
34 57
17 58
23 59
5 60
29 61
31 62
26 63
13 64
59 65
4 66
8 67
30 68
49 69
27 70
51 71
31 72
4 73
9 74
45 75
75 76
48 77
68 78
45 79
33 80
43 81
7 82
37 83
26 84
62 85
51 86
1 87
4 88
49 89
1 90
61 91
36 92
14 93
2 94
22 95
21 96
57 97
60 98
2 99
28 100
71 101
81 102
95 103
51 104
84 105
49 106
62 107
82 108
85 109
12 110
3 111
7 112
54 113
45 114
16 115
20 116
52 117
47 118
7 119
74 120
89 121
24 122
121 123
109 124
83 125
96 126
71 127
79 128
18 129
121 130
87 131
118 132
33 133
63 134
3 135
105 136
52 137
134 138
5 139
108 140
32 141
4 142
57 143
81 144
78 145
9 146
89 147
28 148
62 149
48 150
140 151
50 152
85 153
140 154
27 155
35 156
124 157
152 158
38 159
144 160
98 161
131 162
14 163
150 164
157 165
163 166
71 167
108 168
141 169
17 170
156 171
121 172
81 173
107 174
13 175
109 176
40 177
99 178
12 179
96 180
72 181
123 182
22 183
149 184
1 185
7 186
152 187
128 188
179 189
166 190
39 191
178 192
104 193
2 194
117 195
156 196
24 197
41 198
163 199
177 200
120 201
10 202
12 203
17 204
168 205
108 206
193 207
113 208
74 209
167 210
100 211
50 212
41 213
13 214
77 215
50 216
43 217
42 218
212 219
205 220
46 221
41 222
170 223
50 224
200 225
116 226
200 227
208 228
162 229
73 230
27 231
65 232
98 233
94 234
195 235
18 236
180 237
142 238
159 239
134 240
72 241
168 242
11 243
178 244
98 245
69 246
220 247
161 248
208 249
4 250
47 251
137 252
148 253
194 254
216 255
73 256
175 257
19 258
258 259
49 260
42 261
105 262
149 263
107 264
219 265
116 266
100 267
126 268
67 269
204 270
264 271
133 272
119 273
123 274
99 275
227 276
28 277
212 278
185 279
172 280
158 281
281 282
72 283
155 284
199 285
56 286
119 287
138 288
186 289
220 290
59 291
188 292
169 293
292 294
256 295
3 296
128 297
177 298
127 299
74 300
148 301
239 302
302 303
80 304
154 305
114 306
126 307
156 308
284 309
13 310
191 311
205 312
73 313
147 314
29 315
151 316
81 317
124 318
280 319
84 320
46 321
238 322
161 323
26 324
300 325
62 326
187 327
321 328
238 329
219 330
89 331
72 332
242 333
302 334
149 335
184 336
115 337
246 338
193 339
218 340
298 341
52 342
33 343
62 344
316 345
241 346
305 347
259 348
177 349
36 350
30 351
72 352
169 353
164 354
90 355
194 356
53 357
168 358
118 359
247 360
135 361
361 362
316 363
193 364
188 365
129 366
273 367
124 368
102 369
138 370
204 371
210 372
212 373
171 374
246 375
353 376
32 377
173 378
151 379
363 380
217 381
72 382
246 383
247 384
273 385
1 386
337 387
385 388
145 389
130 390
244 391
305 392
8 393
255 394
321 395
80 396
274 397
87 398
30 399
10 400
125 401
141 402
213 403
73 404
1 405
184 406
25 407
353 408
189 409
2 410
386 411
132 412
165 413
277 414
391 415
152 416
386 417
165 418
360 419
28 420
358 421
362 422
211 423
52 424
186 425
26 426
294 427
266 428
24 429
117 430
24 431
146 432
255 433
207 434
13 435
18 436
310 437
122 438
21 439
179 440
370 441
232 442
417 443
357 444
132 445
137 446
371 447
243 448
402 449
207 450
129 451
380 452
410 453
294 454
22 455
341 456
131 457
142 458
319 459
151 460
95 461
342 462
149 463
271 464
285 465
92 466
322 467
290 468
419 469
150 470
365 471
66 472
257 473
328 474
249 475
87 476
25 477
412 478
394 479
291 480
205 481
58 482
365 483
64 484
164 485
29 486
474 487
102 488
100 489
387 490
331 491
482 492
437 493
146 494
290 495
93 496
71 497
462 498
62 499
484 500
177 501
465 502
10 503
248 504
409 505
357 506
310 507
275 508
202 509
36 510
227 511
422 512
508 513
299 514
132 515
338 516
134 517
308 518
158 519
22 520
118 521
14 522
306 523
284 524
215 525
472 526
166 527
193 528
303 529
462 530
385 531
517 532
378 533
311 534
59 535
91 536
343 537
27 538
537 539
179 540
506 541
514 542
511 543
342 544
86 545
448 546
165 547
379 548
260 549
22 550
519 551
478 552
266 553
251 554
327 555
181 556
430 557
264 558
56 559
554 560
69 561
400 562
380 563
1 564
149 565
368 566
2 567
566 568
92 569
344 570
488 571
161 572
74 573
215 574
255 575
81 576
134 577
242 578
93 579
200 580
6 581
72 582
48 583
246 584
566 585
436 586
345 587
233 588
87 589
495 590
30 591
198 592
405 593
240 594
7 595
377 596
88 597
97 598
95 599
155 600
326 601
333 602
20 603
463 604
545 605
62 606
380 607
441 608
590 609
395 610
362 611
451 612
35 613
168 614
27 615
499 616
354 617
424 618
615 619
461 620
222 621
439 622
293 623
525 624
392 625
434 626
541 627
456 628
286 629
545 630
229 631
623 632
525 633
566 634
391 635
4 636
594 637
294 638
334 639
325 640
393 641
481 642
323 643
347 644
275 645
52 646
231 647
277 648
211 649
330 650
399 651
501 652
459 653
370 654
38 655
341 656
333 657
275 658
456 659
228 660
442 661
80 662
177 663
581 664
393 665
197 666
265 667
485 668
2 669
511 670
535 671
618 672
82 673
463 674
170 675
672 676
625 677
292 678
241 679
312 680
160 681
667 682
131 683
615 684
67 685
447 686
69 687
147 688
104 689
289 690
507 691
548 692
89 693
681 694
495 695
429 696
282 697
41 698
510 699
302 700
431 701
684 702
498 703
201 704
568 705
161 706
600 707
31 708
427 709
143 710
482 711
602 712
77 713
87 714
41 715
588 716
259 717
532 718
397 719
36 720
100 721
376 722
376 723
442 724
623 725
391 726
499 727
324 728
393 729
206 730
453 731
567 732
412 733
156 734
228 735
408 736
579 737
343 738
180 739
380 740
399 741
305 742
574 743
202 744
352 745
251 746
448 747
490 748
372 749
349 750
14 751
605 752
124 753
382 754
72 755
300 756
439 757
469 758
541 759
74 760
718 761
452 762
95 763
502 764
233 765
337 766
255 767
77 768
106 769
433 770
329 771
585 772
596 773
613 774
541 775
773 776
452 777
672 778
598 779
42 780
230 781
296 782
282 783
138 784
693 785
303 786
2 787
747 788
367 789
451 790
368 791
629 792
549 793
153 794
749 795
240 796
648 797
176 798
509 799
179 800
446 801
429 802
13 803
300 804
372 805
391 806
715 807
124 808
770 809
584 810
778 811
82 812
196 813
315 814
444 815
796 816
311 817
562 818
490 819
608 820
484 821
647 822
552 823
322 824
572 825
225 826
156 827
78 828
565 829
135 830
504 831
148 832
799 833
459 834
525 835
734 836
240 837
92 838
607 839
680 840
144 841
465 842
427 843
498 844
184 845
248 846
607 847
845 848
530 849
22 850
121 851
123 852
782 853
733 854
751 855
469 856
646 857
385 858
841 859
632 860
46 861
265 862
317 863
332 864
655 865
507 866
799 867
117 868
688 869
825 870
163 871
243 872
165 873
190 874
446 875
289 876
597 877
49 878
547 879
276 880
42 881
247 882
168 883
362 884
806 885
232 886
536 887
348 888
169 889
118 890
238 891
756 892
241 893
783 894
713 895
818 896
838 897
25 898
877 899
390 900
393 901
547 902
821 903
639 904
78 905
698 906
364 907
839 908
261 909
75 910
104 911
403 912
621 913
831 914
20 915
246 916
808 917
280 918
271 919
872 920
171 921
415 922
428 923
802 924
558 925
313 926
341 927
334 928
648 929
289 930
176 931
37 932
781 933
55 934
806 935
739 936
244 937
553 938
779 939
386 940
133 941
824 942
679 943
122 944
294 945
149 946
45 4
20 10
485 4
288 2
28 8
329 6
929 10
412 3
927 3
713 119
180 2
641 1
451 7
598 2
370 9
382 2
385 4
534 9
579 2
842 692
661 1
728 7
354 1
888 2
504 7
72 3
149 1
868 4
789 5
25 932
364 2
435 3
425 8
369 5
121 1
225 3
243 6
645 6
897 4
153 582
236 4
848 9
393 9
155 10
388 1
852 2
607 6
472 5
235 8
9 11
370 5
561 6
624 6
394 1
127 5
878 5
3 9
74 9
913 2
156 32
409 4
523 2
795 10
746 10
642 8
185 4
719 3
606 9
652 5
111 834
391 9
94 7
808 4
366 10
892 2
444 8
841 7
787 6
315 3
382 921
500 5
24 6
79 8
746 10
929 7
837 9
364 1
538 6
531 4
889 474
44 7
413 3
311 7
869 8
670 9
323 7
164 9
715 10
424 7
266 209
359 5
453 3
432 6
415 10
368 1
97 3
150 2
910 7
796 10
376 539
482 1
419 5
348 10
612 7
9 10
934 6
862 8
260 7
460 1
886 939
119 5
389 4
368 1
632 5
632 5
705 10
116 8
474 7
437 9
378 327
800 7
624 1
815 7
368 3
472 7
648 2
210 1
855 10
306 7
352 165
863 5
820 4
456 2
477 2
169 3
323 5
775 1
362 2
200 9
208 635
921 10
173 1
210 1
294 5
873 9
168 6
322 1
8 2
242 1
729 120
546 1
788 7
277 7
646 7
71 6
465 10
309 10
778 8
256 9
111 711
872 10
825 8
593 7
880 1
153 1
658 5
773 6
938 6
792 10
923 393
756 1
552 7
791 6
248 3
429 6
810 5
366 2
376 9
508 2
135 908
183 3
83 1
900 1
946 10
496 2
849 1
92 5
878 6
25 1
285 224
765 4
125 7
889 7
862 6
354 6
577 3
890 5
182 8
902 8
56 166
6 5
524 4
787 8
84 9
511 1
692 7
151 5
444 4
379 2
845 474
587 9
211 5
401 1
449 6
528 1
414 3
537 5
802 6
827 6
223 224
192 4
182 10
8 4
738 9
352 4
233 7
566 2
827 7
625 6
676 864
327 2
354 9
160 1
842 5
531 3
262 1
887 10
591 3
460 2
349 718
417 7
109 9
3 5
312 7
687 1
901 6
406 5
29 10
401 8
465 438
691 10
762 9
678 10
18 3
25 9
489 5
706 7
120 6
198 7
49 431
859 10
352 4
482 5
927 10
890 2
6 10
35 3
519 1
772 10
344 633
360 3
874 8
710 2
610 7
244 2
707 4
103 4
287 3
545 7
909 875
713 4
680 7
390 3
759 6
364 1
765 4
681 7
541 9
432 5
272 742
446 1
742 8
911 5
246 8
31 1
793 7
455 6
9 2
430 10
607 94
300 8
134 4
168 1
585 10
288 1
347 10
690 3
498 6
49 4
336 76
233 1
579 3
58 5
781 4
725 4
92 4
941 9
338 10
747 4
640 566
20 1
355 1
935 8
810 1
726 9
876 8
821 9
870 8
658 8
350 60
888 8
667 6
805 8
234 4
275 4
923 4
83 1
837 5
918 7
45 352
701 8
903 3
90 10
427 10
868 6
640 7
12 5
474 3
393 3
637 562
370 10
672 5
255 2
433 9
804 1
895 4
465 4
723 9
302 5
207 939
945 5
401 2
420 7
144 2
194 5
424 1
500 2
750 9
758 7
857 345
65 8
237 7
844 4
669 4
898 7
28 7
265 1
387 10
346 1
646 415
379 3
120 3
63 2
686 6
605 7
811 3
263 6
17 1
812 2
591 588
131 9
221 8
674 3
889 6
14 2
469 8
106 6
308 6
829 4
516 522
510 1
198 8
590 1
418 5
722 2
407 1
347 9
876 7
768 1
255 369
450 8
689 8
131 4
105 1
754 6
67 3
139 9
249 4
815 4
116 340
921 9
917 1
660 8
39 4
632 10
569 7
946 4
360 9
491 5
796 858
793 10
809 9
455 2
774 7
305 6
514 10
602 4
871 5
158 7
545 886
338 3
638 9
104 8
288 7
303 6
231 1
603 10
570 10
377 9
378 323
662 2
348 8
604 6
24 4
903 2
195 9
94 4
836 10
70 4
375 678
299 3
368 3
726 6
834 9
490 1
275 6
76 10
400 10
791 8
578 500
258 10
62 5
297 9
348 10
436 5
1 3
715 7
354 10
750 8
22 908
488 5
893 4
929 1
381 4
235 8
79 4
316 7
514 10
544 3
613 216
241 7
39 9
772 4
172 9
569 3
497 3
491 4
564 10
29 10
691 466
725 5
273 10
944 2
34 5
155 5
383 5
330 10
633 7
98 7
202 927
241 4
256 2
764 6
177 1
712 1
855 3
13 10
270 10
746 1
570 455
424 10
779 7
472 8
913 9
791 1
276 5
756 8
377 8
321 10
748 939
269 10
687 8
679 10
204 2
924 10
779 7
381 7
463 1
80 1
580 451
505 5
297 5
31 1
159 2
587 5
130 10
348 6
246 1
461 1
53 867
753 2
897 5
366 9
343 5
503 7
649 4
513 8
244 3
519 7
293 609
73 10
876 6
751 6
46 6
723 9
508 1
126 1
681 4
12 9
715 612
711 10
230 4
283 5
280 7
28 8
274 8
717 5
814 1
615 7
425 209
694 10
84 3
174 4
211 2
326 9
784 1
865 1
203 5
247 1
134 399
608 10
945 5
688 9
744 1
809 3
478 1
875 1
718 1
880 5
675 118
493 1
461 10
104 3
943 10
420 6
219 8
366 10
688 8
52 2
2 103
376 3
692 10
351 2
220 1
349 8
692 8
470 1
880 5
510 10
536 453
15 6
161 10
318 6
894 7
301 9
646 1
528 3
44 2
788 2
157 308
763 10
421 10
575 7
74 10
161 2
829 2
697 2
96 10
776 8
893 883
699 9
506 1
53 5
634 10
515 6
301 4
859 7
305 8
297 4
535 614
879 9
188 5
251 7
845 2
93 4
144 5
231 1
838 3
650 10
297 873
744 5
390 9
556 6
133 10
173 2
881 8
245 1
149 7
124 1
424 477
718 7
654 2
583 3
870 7
25 9
453 5
185 4
83 4
197 4
41 193
420 1
253 6
895 10
762 4
81 2
656 7
10 2
516 6
391 7
231 797
162 6
485 10
702 3
347 6
415 4
376 8
894 10
272 3
850 8
599 842
845 10
305 5
171 8
717 9
159 6
399 5
432 9
61 8
628 2
225 616
928 6
730 7
590 3
673 5
225 3
925 1
321 4
420 2
271 4
384 328
90 3
626 3
680 3
556 2
884 3
40 10
184 4
526 4
909 4
79 592
632 6
389 3
605 2
914 7
513 5
157 5
820 10
359 10
795 7
871 596
703 9
503 2
817 1
176 1
893 2
293 3
506 6
319 9
389 1
177 601
17 10
581 10
387 6
89 9
866 8
904 3
199 5
598 6
193 1
468 743
352 4
707 5
921 1
61 5
896 2
32 1
408 6
322 7
289 3
701 147
651 8
745 3
21 1
212 4
420 4
845 7
653 7
698 6
411 3
751 131
33 10
386 7
175 8
491 6
764 1
567 2
12 4
857 2
891 5
154 252
861 4
225 7
19 1
517 9
530 6
334 8
940 7
329 1
126 5
728 611
169 8
812 10
346 5
779 9
667 6
565 10
680 4
924 9
273 1
64 297
615 1
70 6
850 4
130 8
793 8
13 8
926 4
351 2
120 10
646 641
373 1
94 3
195 9
64 5
258 3
836 4
7 8
827 1
832 2
178 345
849 10
501 2
510 1
262 8
80 10
712 3
1 10
319 4
946 9
491 258
566 1
751 1
261 3
287 3
692 8
776 9
106 4
480 1
747 7
633 490
801 8
615 1
166 5
487 6
889 3
859 10
449 9
402 3
595 1
417 614
428 7
27 1
389 9
502 3
376 9
890 7
83 7
177 2
702 3
124 217
256 3
235 3
411 5
62 6
271 9
538 4
428 7
373 1
839 2
48 379
230 6
350 8
315 1
537 5
174 1
843 10
529 8
43 5
196 10
836 119
78 2
47 2
629 8
749 5
399 8
926 4
863 4
401 6
312 1
3 838
587 3
200 6
479 8
853 6
486 2
166 6
653 7
191 8
684 8
880 466
856 5
74 7
337 5
433 4
453 7
847 1
529 4
59 3
329 7
676 349
439 4
595 5
153 6
929 9
458 10
409 10
319 2
252 9
116 4
258 701
46 6
890 8
611 9
762 3
27 10
14 3
122 5
769 8
674 3
941 24
894 2
721 9
734 6
688 4
662 2
83 2
366 7
270 7
294 8
3 727
131 10
268 5
575 4
201 5
497 8
560 10
8 4
661 6
334 8
931 113
152 3
777 8
465 3
271 4
427 7
576 5
312 1
533 10
392 6
711 503
666 6
389 1
288 3
481 7
166 1
37 3
765 3
857 7
41 3
371 533
712 5
304 6
617 2
485 2
302 6
888 7
596 5
75 1
805 9
113 544
