394 1000
1 2
2 3
2 4
4 5
2 6
6 7
7 8
5 9
1 10
5 11
9 12
4 13
9 14
4 15
6 16
5 17
13 18
5 19
2 20
17 21
12 22
1 23
22 24
9 25
4 26
22 27
19 28
23 29
22 30
22 31
5 32
1 33
11 34
25 35
8 36
23 37
18 38
9 39
17 40
3 41
31 42
16 43
29 44
29 45
8 46
46 47
32 48
23 49
44 50
15 51
40 52
25 53
19 54
9 55
37 56
52 57
3 58
13 59
42 60
30 61
1 62
44 63
56 64
33 65
7 66
18 67
21 68
45 69
17 70
65 71
58 72
55 73
47 74
33 75
62 76
56 77
48 78
36 79
51 80
56 81
57 82
10 83
21 84
31 85
46 86
69 87
76 88
83 89
36 90
54 91
58 92
51 93
35 94
37 95
47 96
23 97
37 98
51 99
57 100
94 101
68 102
8 103
63 104
35 105
20 106
99 107
28 108
95 109
83 110
1 111
13 112
108 113
5 114
2 115
18 116
38 117
39 118
92 119
94 120
100 121
49 122
49 123
15 124
11 125
44 126
120 127
111 128
26 129
43 130
36 131
26 132
34 133
45 134
84 135
109 136
2 137
61 138
61 139
96 140
40 141
117 142
3 143
59 144
9 145
71 146
36 147
100 148
99 149
2 150
79 151
31 152
12 153
125 154
66 155
3 156
88 157
110 158
146 159
150 160
71 161
56 162
51 163
97 164
161 165
40 166
113 167
118 168
124 169
168 170
106 171
1 172
163 173
137 174
76 175
68 176
145 177
70 178
106 179
106 180
24 181
147 182
85 183
2 184
11 185
168 186
81 187
83 188
81 189
7 190
55 191
6 192
128 193
70 194
179 195
129 196
118 197
106 198
11 199
195 200
8 201
196 202
144 203
91 204
28 205
171 206
11 207
156 208
106 209
126 210
49 211
141 212
210 213
213 214
176 215
152 216
35 217
117 218
165 219
139 220
70 221
59 222
218 223
23 224
208 225
84 226
160 227
210 228
29 229
174 230
226 231
96 232
75 233
1 234
90 235
212 236
121 237
16 238
28 239
68 240
19 241
236 242
106 243
89 244
241 245
230 246
10 247
151 248
31 249
72 250
94 251
95 252
117 253
106 254
96 255
210 256
14 257
58 258
195 259
16 260
76 261
200 262
201 263
225 264
37 265
35 266
35 267
84 268
241 269
66 270
30 271
90 272
200 273
136 274
96 275
191 276
138 277
219 278
34 279
51 280
272 281
7 282
254 283
93 284
1 285
187 286
235 287
119 288
249 289
214 290
3 291
175 292
40 293
233 294
47 295
115 296
224 297
262 298
65 299
47 300
146 301
268 302
156 303
148 304
38 305
181 306
158 307
296 308
223 309
198 310
10 311
237 312
177 313
13 314
113 315
100 316
264 317
28 318
47 319
16 320
12 321
225 322
172 323
226 324
14 325
192 326
92 327
320 328
131 329
266 330
62 331
13 332
256 333
193 334
97 335
98 336
238 337
89 338
291 339
122 340
335 341
64 342
271 343
69 344
114 345
302 346
71 347
149 348
165 349
294 350
118 351
70 352
60 353
327 354
240 355
284 356
243 357
157 358
83 359
198 360
153 361
300 362
242 363
208 364
259 365
46 366
33 367
146 368
83 369
118 370
225 371
138 372
119 373
251 374
329 375
14 376
218 377
296 378
39 379
207 380
272 381
106 382
290 383
262 384
181 385
203 386
215 387
187 388
216 389
260 390
70 391
11 392
152 393
117 394
339 9
233 6
69 3
173 4
89 8
385 7
23 8
269 4
225 5
49 362
288 6
258 10
41 3
315 2
309 1
61 10
62 1
315 10
66 1
273 136
250 2
349 5
4 8
157 9
1 2
95 2
24 8
109 1
175 6
177 392
296 9
20 1
369 2
191 9
386 5
102 9
183 1
304 4
31 10
180 382
315 10
14 10
184 1
212 7
83 6
49 8
257 4
345 3
346 1
311 94
71 5
111 2
130 5
180 7
75 3
104 8
271 9
253 10
372 6
21 365
285 2
322 1
173 7
74 2
65 2
153 8
271 8
311 7
278 8
76 263
133 9
189 9
349 1
190 2
78 1
204 8
45 8
226 9
129 5
152 82
181 7
195 6
82 1
78 9
197 5
130 10
366 2
48 7
317 7
190 313
1 5
141 6
211 1
183 3
69 1
162 3
239 10
199 3
3 8
328 375
257 2
19 3
266 2
30 1
344 10
135 1
243 1
362 10
40 6
5 103
254 5
116 6
288 5
87 5
318 9
292 10
186 2
25 8
171 6
372 241
84 5
157 3
214 7
231 3
224 2
51 4
186 10
295 1
72 1
293 316
15 6
330 8
317 5
216 8
372 10
111 2
235 3
206 6
75 6
168 314
345 6
377 4
273 6
44 8
155 8
238 6
9 8
359 2
138 1
274 34
7 3
40 8
225 3
328 2
116 9
183 4
168 2
324 8
28 3
277 394
155 6
323 6
231 8
373 4
72 2
63 10
94 7
289 2
46 6
258 77
178 5
307 4
57 10
163 3
122 9
32 8
170 6
213 5
266 3
333 65
87 9
10 10
289 6
350 7
219 8
53 6
226 9
184 8
84 7
181 184
172 5
98 2
231 9
182 3
278 10
35 5
211 7
308 4
25 2
292 346
198 10
259 4
18 8
154 10
272 5
349 5
313 8
177 1
312 4
303 196
363 9
336 1
79 4
219 5
298 6
380 2
220 2
343 5
96 3
184 394
40 5
286 8
309 1
381 7
158 8
318 4
46 8
379 2
40 8
247 84
336 9
178 5
201 6
80 5
80 8
10 5
287 8
379 3
175 9
206 11
227 2
146 2
341 1
372 6
136 7
311 6
386 8
293 9
166 2
137 238
192 6
230 4
291 7
240 8
351 6
237 5
166 6
100 10
35 6
376 319
296 2
392 5
394 1
371 5
190 6
348 10
305 1
77 6
376 9
317 201
128 7
286 9
77 7
62 8
161 6
114 9
14 10
49 6
182 6
93 317
76 4
240 7
336 5
213 2
301 4
196 10
190 9
287 10
268 3
160 142
80 10
100 10
384 3
157 10
181 2
304 9
359 8
172 7
322 6
326 35
266 8
76 7
79 5
319 9
9 3
241 4
8 10
53 9
131 6
197 372
252 7
209 4
9 1
367 9
97 5
307 7
210 5
277 4
113 7
280 80
277 2
183 5
130 9
304 3
75 1
289 2
369 7
341 5
82 2
340 164
291 9
118 8
199 9
363 1
142 3
101 7
223 4
346 1
148 4
260 265
388 10
23 2
310 6
355 1
387 2
199 7
171 6
2 10
219 4
164 236
281 2
255 6
120 10
112 9
229 8
392 10
261 6
215 10
33 8
362 344
19 1
324 7
19 7
348 7
328 1
224 2
20 7
23 9
317 2
21 290
23 1
16 4
88 1
312 4
124 1
261 5
388 9
232 1
66 5
125 167
73 5
171 5
158 3
339 3
238 7
320 10
332 8
134 3
30 6
189 300
369 9
129 7
142 5
64 5
46 2
310 2
232 3
394 9
300 4
230 301
43 9
226 9
345 7
78 7
264 4
5 1
239 6
227 4
73 9
64 251
299 4
238 6
67 5
301 2
34 4
38 4
392 3
266 9
43 9
152 99
270 1
342 1
106 10
86 1
362 6
391 10
322 9
257 9
18 1
196 151
350 8
347 1
56 6
129 2
129 10
327 10
302 9
46 7
358 3
232 144
55 5
21 6
174 2
163 7
188 5
361 1
153 8
143 6
338 8
73 280
137 5
339 5
239 4
208 3
272 9
174 10
86 8
343 2
153 3
189 59
164 6
319 1
307 5
159 7
214 6
278 7
274 5
296 2
297 3
317 60
1 3
366 2
297 1
77 8
380 4
279 5
365 9
96 9
359 4
208 298
247 4
69 9
242 3
330 7
276 7
99 9
151 1
125 8
46 3
321 344
304 5
296 9
177 8
328 8
229 5
359 5
144 2
97 9
113 3
335 238
148 9
174 10
9 10
131 8
72 10
129 1
384 6
196 7
60 8
75 389
101 2
368 9
167 9
394 3
255 5
51 9
129 2
340 8
144 4
352 332
283 1
356 7
317 2
285 8
302 2
381 4
182 4
58 9
313 7
383 136
344 8
100 7
166 6
155 10
300 4
204 7
265 6
1 10
142 10
160 60
168 2
386 8
297 8
173 2
257 10
257 5
121 6
82 1
389 6
380 55
37 5
128 7
232 5
265 2
261 3
18 3
380 8
7 8
373 4
266 60
232 7
305 4
23 7
162 1
224 4
104 8
67 10
182 2
115 10
162 27
332 10
212 2
361 3
192 1
333 1
74 8
306 4
291 9
140 8
155 37
270 6
214 4
290 6
236 9
278 4
228 1
321 3
339 7
113 2
249 265
149 4
64 10
43 1
216 9
159 4
123 7
358 7
136 9
59 10
365 260
326 1
391 5
286 8
254 1
196 5
221 10
321 8
218 6
77 3
74 352
282 3
125 4
94 6
148 8
189 9
294 8
282 4
318 9
20 10
371 76
309 6
165 6
103 9
51 3
307 2
37 1
90 7
171 2
394 3
292 350
50 1
363 6
373 5
165 4
330 8
354 5
350 7
51 1
148 8
383 209
383 6
12 2
257 1
193 3
244 3
80 7
267 4
268 1
98 10
125 394
77 10
75 4
48 2
75 4
333 4
194 4
33 6
215 2
387 9
251 347
366 1
365 3
262 8
342 7
285 9
184 7
41 4
82 2
270 7
288 244
278 9
164 10
277 8
155 9
30 2
192 3
394 5
236 1
272 2
166 180
173 1
41 7
356 2
89 3
102 6
223 1
295 1
261 10
165 5
12 189
309 2
140 3
178 8
256 7
285 9
387 5
43 7
326 9
87 8
255 318
356 2
192 6
55 5
174 5
25 4
112 3
283 7
380 8
42 2
370 198
293 10
295 1
159 3
272 3
160 8
374 1
59 4
126 4
151 8
194 271
369 4
265 3
79 6
38 3
93 10
186 10
271 5
214 8
118 4
340 252
248 3
371 8
370 1
26 4
257 8
363 8
340 8
127 2
329 4
1 47
83 9
4 4
369 6
105 2
378 3
266 4
273 1
100 5
385 5
116 172
133 2
148 10
18 10
350 7
263 5
62 7
45 10
331 3
197 3
36 176
158 6
321 1
130 2
152 5
334 4
39 10
155 2
16 6
375 9
389 75
227 2
331 4
171 6
90 7
234 1
213 2
95 10
131 2
372 6
32 23
129 1
315 7
186 4
387 8
80 1
49 7
249 6
303 7
112 3
31 159
59 8
306 10
327 7
48 10
46 8
17 9
306 2
56 6
134 5
154 337
270 5
197 5
137 6
9 8
110 6
162 7
274 6
385 3
179 3
129 167
77 9
316 2
339 4
305 1
177 10
393 10
262 4
69 6
363 10
93 331
386 4
372 1
140 10
80 8
129 1
55 10
85 8
251 3
48 8
236 215
108 2
324 5
73 3
372 4
237 6
361 3
32 2
225 10
63 6
16 74
136 4
275 2
15 6
365 7
147 8
232 2
335 8
189 1
108 3
368 171
226 8
110 1
299 4
128 4
116 5
145 10
199 7
207 1
190 3
334 333
367 7
175 10
235 8
328 8
44 9
42 1
58 1
93 1
369 2
218 138
243 6
100 6
161 3
166 3
170 10
156 8
368 1
29 10
379 5
118 118
368 4
80 2
313 4
293 4
151 10
142 10
232 6
215 8
100 2
241 142
41 10
342 9
93 3
217 9
28 9
226 10
268 6
18 5
63 10
380 324
142 5
336 9
16 4
240 7
110 8
105 1
362 9
190 5
203 9
304 323
342 7
387 1
6 7
226 9
303 3
288 1
18 3
367 10
57 2
364 84
203 8
232 9
45 4
269 3
351 2
252 8
374 2
322 6
72 1
260 224
373 2
95 6
230 6
246 3
9 9
299 1
271 9
176 4
353 9
90 57
57 6
64 2
156 2
283 3
369 5
316 8
348 1
224 6
331 7
197 19
109 3
185 5
62 8
14 2
58 2
33 3
58 10
243 1
159 10
7 355
376 1
257 4
215 2
46 9
30 3
335 6
59 9
309 4
188 8
214 106
69 8
143 5
95 3
57 1
259 6
245 7
165 7
112 9
224 4
239 104
79 7
171 6
151 6
63 3
231 1
251 1
306 5
120 6
361 10
34 30
162 7
329 10
374 5
355 10
255 9
308 1
145 9
88 4
362 8
274 110
