83 1000
1 2
2 3
2 4
1 5
5 6
6 7
1 8
7 9
6 10
2 11
1 12
6 13
5 14
12 15
11 16
8 17
8 18
7 19
1 20
4 21
1 22
5 23
22 24
11 25
3 26
15 27
23 28
7 29
14 30
19 31
17 32
22 33
21 34
10 35
27 36
12 37
34 38
14 39
36 40
17 41
24 42
16 43
42 44
22 45
36 46
3 47
5 48
48 49
28 50
33 51
31 52
2 53
2 54
51 55
6 56
44 57
19 58
33 59
11 60
6 61
3 62
4 63
61 64
17 65
64 66
22 67
60 68
43 69
30 70
7 71
62 72
54 73
34 74
26 75
26 76
71 77
26 78
54 79
29 80
33 81
7 82
25 83
18 6
30 10
45 5
31 3
71 7
70 2
12 7
42 10
17 10
73 22
24 3
63 4
46 1
49 7
5 7
39 1
71 8
72 8
69 6
38 15
73 8
3 7
57 7
28 2
9 8
12 5
24 1
46 8
8 3
17 43
53 9
74 1
58 9
39 3
12 6
15 5
60 7
69 4
16 3
50 11
42 3
50 2
71 4
23 4
46 9
18 2
37 7
31 2
10 9
36 58
17 10
31 10
55 2
78 1
33 2
26 1
14 8
37 5
67 2
55 80
16 8
77 7
18 8
47 9
66 2
35 10
52 2
40 9
33 2
76 80
72 7
73 7
69 10
68 7
13 5
30 3
71 9
46 9
22 10
25 48
76 1
35 10
30 10
46 3
30 7
38 8
28 7
19 4
30 3
51 77
58 5
6 3
51 7
22 2
52 8
60 1
72 10
1 2
15 4
25 42
73 7
4 4
67 8
21 10
37 10
30 5
61 8
38 8
45 1
24 16
76 3
52 7
52 4
48 7
24 8
27 9
78 8
57 9
14 6
43 14
64 6
19 8
19 1
44 6
50 10
7 5
33 6
19 4
22 2
57 31
50 10
45 8
19 10
74 4
76 2
13 2
24 2
7 1
9 4
50 83
58 2
79 10
68 7
41 6
33 4
18 8
22 7
71 9
58 2
61 35
21 6
32 5
27 10
32 9
48 6
18 7
70 8
41 8
79 8
5 21
67 9
51 9
29 4
19 3
77 3
28 1
32 2
63 3
12 3
19 51
60 7
74 9
82 4
19 8
42 8
80 10
11 2
15 3
36 5
12 40
56 3
68 10
77 8
67 7
82 4
76 2
12 3
5 5
35 8
37 10
65 2
72 10
10 6
21 1
44 9
54 5
45 4
51 3
31 7
64 49
44 4
42 3
3 2
21 4
14 8
16 8
53 6
79 9
34 10
10 19
25 4
32 5
80 6
10 2
12 7
43 8
75 8
10 5
57 6
30 45
41 5
62 2
11 1
51 10
14 10
80 3
18 5
46 1
55 3
80 76
22 1
8 1
46 10
50 10
37 3
52 8
41 6
78 1
39 4
52 75
47 1
31 9
21 10
74 4
49 1
25 2
5 9
50 5
61 4
51 15
22 5
68 4
13 7
79 10
68 7
32 7
65 3
32 5
38 7
83 76
83 6
58 7
83 9
51 7
10 10
3 9
19 4
61 2
70 4
20 27
48 9
8 1
69 9
66 8
30 8
83 10
40 5
11 6
76 10
75 44
62 8
1 8
33 7
4 6
69 6
4 10
17 2
18 2
40 6
63 47
1 4
53 3
67 2
71 7
16 7
51 4
68 2
30 2
73 10
18 25
21 10
9 10
52 1
64 2
37 10
83 6
34 2
60 7
36 10
45 68
16 3
37 2
52 10
50 1
11 2
11 6
31 7
68 5
12 5
15 73
54 10
23 1
60 7
22 5
61 2
71 6
51 2
57 8
15 6
67 41
54 10
46 3
27 1
21 6
45 3
67 2
51 7
2 4
20 8
53 48
15 3
59 7
20 5
49 3
27 7
70 8
79 4
3 2
66 5
81 10
30 4
45 5
3 1
60 6
12 3
73 3
59 8
10 6
61 4
24 17
66 5
46 3
44 10
75 2
18 4
33 10
4 10
37 1
83 2
63 34
53 10
46 9
7 1
73 7
68 9
27 3
68 3
29 1
80 10
25 41
17 10
3 9
35 2
27 1
35 9
9 6
65 7
24 3
19 3
47 76
22 1
83 10
44 3
21 5
22 5
26 1
16 3
45 6
19 10
42 75
15 3
5 1
1 2
38 10
10 1
2 7
41 9
69 2
23 3
30 39
61 10
66 4
23 5
63 10
45 6
81 5
3 8
18 6
58 3
50 56
53 3
3 6
76 5
44 7
18 10
25 3
83 7
19 4
36 9
58 77
80 9
24 1
55 3
16 3
10 2
83 9
42 8
78 3
13 1
40 15
41 5
12 5
45 7
55 3
20 2
25 8
58 2
58 4
82 9
69 25
27 2
12 10
17 6
30 7
83 8
12 1
43 9
64 2
12 8
18 44
5 8
65 9
67 10
71 6
32 3
11 2
54 3
14 5
83 3
54 35
83 5
11 7
25 4
79 4
78 2
25 1
50 4
54 9
69 7
26 10
77 3
67 9
60 2
82 1
27 5
55 7
62 5
28 7
57 3
27 79
77 5
69 5
50 6
38 5
8 7
41 10
76 2
52 2
18 9
80 63
6 1
68 9
54 6
67 4
31 6
33 3
32 3
51 4
25 4
21 76
32 2
15 4
58 6
7 1
70 2
25 1
36 10
66 7
18 5
61 61
78 9
31 6
10 8
7 7
73 4
59 10
67 9
47 6
40 6
78 24
42 5
6 5
57 5
20 3
44 6
17 7
24 8
81 9
57 7
76 35
22 9
9 10
67 5
36 8
21 3
64 2
27 10
4 3
71 2
74 37
49 1
7 10
20 5
80 6
39 6
36 10
78 1
26 9
53 9
4 46
7 10
56 9
20 7
15 8
29 2
34 3
44 4
79 1
26 2
59 34
12 6
80 2
78 9
23 1
26 7
67 4
37 4
23 4
51 9
1 73
65 5
36 3
62 2
65 2
73 5
81 8
72 8
79 5
5 6
60 43
81 1
49 10
58 9
20 3
29 8
64 3
15 6
1 7
50 10
68 13
48 10
65 3
28 5
81 7
62 9
28 9
67 1
18 9
7 9
37 61
9 3
71 10
48 9
47 7
18 10
30 2
47 6
54 3
2 8
61 25
40 8
71 5
33 4
23 7
20 1
51 1
48 5
75 6
7 8
62 58
37 3
35 1
61 9
1 1
33 7
78 4
8 4
8 1
69 3
75 61
31 2
64 5
36 8
78 8
71 4
59 4
23 1
70 3
61 7
22 74
48 3
16 4
48 9
37 9
42 7
68 1
54 4
77 10
25 4
38 42
55 6
76 9
76 3
38 4
48 10
46 7
65 6
53 5
47 2
58 65
6 3
15 10
62 7
55 2
60 8
46 7
48 3
55 10
76 7
32 38
81 9
24 5
47 5
68 10
9 1
75 10
4 4
18 2
48 3
21 63
49 6
5 2
73 2
74 2
43 10
76 1
52 2
45 4
14 7
24 54
3 6
22 6
27 2
79 8
46 8
12 6
55 8
77 10
82 9
21 20
59 3
11 3
35 7
2 3
80 4
30 8
27 10
34 6
73 1
48 72
75 4
38 2
77 5
25 2
33 9
78 8
15 9
30 7
2 9
37 22
26 8
4 7
82 7
68 9
26 4
31 10
72 6
62 8
78 5
17 15
21 3
59 5
53 1
67 2
76 7
7 3
58 7
41 8
16 4
74 66
20 1
12 3
68 9
78 5
80 4
52 6
40 8
12 8
16 3
43 75
8 10
31 8
55 2
68 1
19 8
49 10
36 2
53 6
21 6
34 77
70 1
10 8
80 3
55 8
19 1
42 1
26 7
52 1
44 9
15 45
10 7
1 10
32 4
31 10
71 8
83 4
3 2
39 9
72 7
55 18
78 8
38 9
66 2
67 1
76 2
79 9
37 4
48 10
79 3
17 15
66 10
38 2
83 10
42 1
77 10
36 8
15 3
44 6
56 3
80 77
25 7
83 2
12 4
70 9
26 3
14 1
54 10
82 6
23 7
70 46
48 10
81 9
66 5
38 10
61 9
62 10
78 9
29 10
66 10
41 68
34 3
77 8
49 9
55 7
76 8
4 2
27 2
70 6
72 3
34 60
8 2
18 8
30 7
52 10
66 5
42 5
83 2
10 5
21 5
66 83
10 2
29 5
67 5
76 3
12 5
77 7
41 3
82 8
41 10
6 46
18 3
26 10
32 7
5 1
46 1
80 4
6 3
29 2
66 9
51 31
54 1
10 3
73 1
31 4
45 2
14 9
35 2
41 9
9 8
49 28
66 9
12 2
21 4
45 10
77 9
42 10
43 3
25 5
25 5
35 70
72 4
80 1
40 1
20 10
56 10
10 4
73 10
62 7
22 10
68 41
62 6
74 1
77 5
80 10
38 8
54 3
77 5
30 4
63 10
72 61
55 3
33 7
5 1
56 8
53 7
74 9
58 1
28 7
27 10
18 29
22 2
63 4
14 2
67 9
66 9
20 3
74 7
1 1
52 6
1 33
30 3
2 7
79 4
26 9
12 9
39 7
68 10
56 7
76 8
2 77
77 5
5 9
12 10
81 1
59 1
13 6
56 6
27 6
41 2
5 13
4 9
54 1
79 3
59 6
29 1
57 5
12 6
79 1
33 5
11 56
12 8
15 4
9 1
17 9
72 4
38 5
31 2
67 7
50 4
1 27
71 2
19 7
15 7
5 4
16 2
33 10
64 8
21 3
3 4
53 45
58 10
3 10
15 4
63 2
3 8
41 5
3 1
72 2
41 4
60 66
47 4
15 9
26 10
19 7
11 4
57 10
82 8
83 5
82 9
59 81
