932 1000
1 2
1 3
3 4
4 5
2 6
2 7
7 8
3 9
1 10
6 11
8 12
2 13
10 14
1 15
12 16
1 17
15 18
16 19
17 20
19 21
16 22
10 23
19 24
3 25
9 26
12 27
17 28
21 29
22 30
15 31
25 32
14 33
3 34
4 35
5 36
7 37
37 38
18 39
35 40
18 41
30 42
18 43
41 44
43 45
30 46
14 47
46 48
40 49
35 50
36 51
8 52
26 53
38 54
29 55
38 56
46 57
40 58
30 59
51 60
33 61
19 62
48 63
44 64
28 65
16 66
63 67
3 68
62 69
47 70
43 71
3 72
51 73
71 74
71 75
58 76
18 77
8 78
10 79
44 80
28 81
12 82
19 83
77 84
75 85
48 86
16 87
64 88
69 89
66 90
48 91
5 92
82 93
2 94
58 95
43 96
87 97
17 98
64 99
31 100
7 101
22 102
46 103
18 104
74 105
46 106
21 107
66 108
53 109
52 110
15 111
73 112
40 113
12 114
5 115
53 116
12 117
107 118
6 119
41 120
62 121
113 122
102 123
23 124
50 125
67 126
116 127
39 128
54 129
9 130
129 131
22 132
122 133
8 134
66 135
105 136
119 137
71 138
132 139
74 140
118 141
15 142
107 143
64 144
102 145
69 146
111 147
23 148
60 149
44 150
66 151
97 152
63 153
48 154
55 155
114 156
113 157
145 158
156 159
96 160
141 161
10 162
154 163
90 164
147 165
38 166
138 167
93 168
114 169
41 170
80 171
30 172
132 173
36 174
153 175
85 176
66 177
155 178
65 179
171 180
15 181
165 182
93 183
1 184
86 185
126 186
27 187
108 188
29 189
79 190
45 191
21 192
48 193
64 194
177 195
48 196
21 197
97 198
43 199
18 200
135 201
78 202
123 203
83 204
96 205
164 206
119 207
149 208
179 209
126 210
133 211
65 212
118 213
31 214
212 215
80 216
140 217
204 218
64 219
55 220
209 221
191 222
147 223
204 224
118 225
106 226
158 227
37 228
108 229
196 230
218 231
129 232
8 233
146 234
53 235
138 236
13 237
168 238
178 239
204 240
130 241
173 242
51 243
10 244
132 245
136 246
73 247
182 248
125 249
123 250
33 251
222 252
138 253
99 254
225 255
189 256
227 257
119 258
238 259
255 260
122 261
80 262
148 263
64 264
239 265
185 266
250 267
23 268
226 269
87 270
142 271
207 272
36 273
183 274
164 275
213 276
216 277
161 278
222 279
269 280
29 281
56 282
108 283
37 284
228 285
71 286
19 287
103 288
150 289
63 290
249 291
271 292
194 293
236 294
118 295
229 296
102 297
217 298
97 299
206 300
271 301
264 302
162 303
52 304
301 305
229 306
23 307
209 308
169 309
266 310
114 311
260 312
247 313
148 314
69 315
304 316
268 317
32 318
210 319
104 320
2 321
29 322
258 323
317 324
242 325
177 326
82 327
51 328
169 329
74 330
114 331
9 332
95 333
278 334
267 335
286 336
21 337
302 338
286 339
308 340
183 341
256 342
194 343
313 344
295 345
191 346
313 347
323 348
236 349
21 350
308 351
342 352
145 353
114 354
215 355
67 356
24 357
39 358
164 359
106 360
40 361
278 362
315 363
262 364
145 365
27 366
318 367
10 368
158 369
28 370
359 371
192 372
4 373
63 374
139 375
105 376
16 377
291 378
140 379
227 380
208 381
4 382
345 383
325 384
280 385
266 386
84 387
3 388
239 389
143 390
175 391
79 392
102 393
134 394
320 395
139 396
167 397
218 398
212 399
256 400
101 401
238 402
24 403
82 404
347 405
29 406
111 407
49 408
237 409
53 410
7 411
156 412
325 413
185 414
262 415
246 416
64 417
314 418
107 419
226 420
215 421
196 422
356 423
393 424
131 425
353 426
82 427
86 428
203 429
30 430
316 431
52 432
322 433
160 434
232 435
152 436
200 437
326 438
226 439
257 440
64 441
344 442
164 443
212 444
272 445
290 446
233 447
364 448
367 449
191 450
136 451
3 452
24 453
9 454
80 455
448 456
208 457
188 458
445 459
227 460
19 461
82 462
215 463
142 464
386 465
395 466
253 467
457 468
114 469
399 470
57 471
21 472
356 473
432 474
320 475
111 476
24 477
86 478
227 479
189 480
90 481
128 482
384 483
162 484
280 485
392 486
254 487
77 488
297 489
268 490
359 491
146 492
407 493
445 494
371 495
48 496
211 497
325 498
195 499
321 500
387 501
337 502
222 503
251 504
179 505
446 506
288 507
218 508
136 509
242 510
206 511
497 512
183 513
66 514
376 515
50 516
381 517
64 518
12 519
384 520
386 521
197 522
478 523
225 524
109 525
396 526
254 527
209 528
359 529
124 530
308 531
350 532
406 533
75 534
261 535
457 536
534 537
362 538
520 539
385 540
99 541
68 542
439 543
525 544
2 545
482 546
136 547
482 548
166 549
400 550
363 551
87 552
64 553
116 554
493 555
53 556
23 557
217 558
297 559
187 560
451 561
72 562
150 563
43 564
498 565
129 566
173 567
73 568
2 569
313 570
139 571
344 572
211 573
355 574
61 575
268 576
162 577
537 578
283 579
438 580
379 581
382 582
570 583
453 584
561 585
201 586
300 587
172 588
525 589
491 590
496 591
395 592
450 593
61 594
449 595
422 596
389 597
208 598
519 599
182 600
556 601
345 602
598 603
124 604
72 605
343 606
209 607
496 608
563 609
459 610
606 611
167 612
156 613
359 614
302 615
311 616
465 617
42 618
91 619
273 620
158 621
535 622
214 623
208 624
597 625
606 626
64 627
344 628
6 629
362 630
355 631
87 632
601 633
576 634
346 635
601 636
564 637
591 638
393 639
262 640
368 641
324 642
578 643
441 644
38 645
629 646
255 647
87 648
355 649
621 650
635 651
490 652
100 653
598 654
454 655
593 656
176 657
353 658
128 659
160 660
621 661
579 662
625 663
472 664
401 665
270 666
268 667
577 668
403 669
436 670
223 671
255 672
492 673
598 674
326 675
410 676
226 677
302 678
315 679
123 680
650 681
417 682
401 683
478 684
10 685
677 686
589 687
80 688
355 689
185 690
662 691
327 692
474 693
596 694
24 695
152 696
323 697
379 698
366 699
687 700
36 701
392 702
378 703
697 704
440 705
200 706
490 707
666 708
137 709
49 710
246 711
436 712
231 713
321 714
16 715
570 716
361 717
130 718
432 719
660 720
88 721
94 722
583 723
657 724
20 725
511 726
650 727
51 728
504 729
119 730
470 731
335 732
306 733
236 734
451 735
395 736
236 737
164 738
104 739
438 740
341 741
339 742
113 743
371 744
230 745
241 746
356 747
159 748
145 749
218 750
350 751
29 752
4 753
591 754
598 755
274 756
171 757
134 758
547 759
183 760
52 761
256 762
612 763
57 764
623 765
569 766
356 767
650 768
667 769
660 770
378 771
619 772
666 773
373 774
408 775
238 776
653 777
232 778
80 779
771 780
57 781
75 782
584 783
705 784
489 785
164 786
120 787
569 788
347 789
332 790
81 791
551 792
291 793
178 794
721 795
151 796
437 797
779 798
351 799
194 800
660 801
44 802
253 803
649 804
622 805
597 806
107 807
562 808
138 809
110 810
173 811
194 812
748 813
225 814
734 815
248 816
87 817
305 818
55 819
696 820
119 821
87 822
185 823
584 824
154 825
314 826
298 827
504 828
468 829
145 830
818 831
20 832
742 833
407 834
471 835
510 836
648 837
728 838
102 839
554 840
785 841
294 842
362 843
533 844
113 845
151 846
605 847
292 848
489 849
217 850
846 851
119 852
188 853
380 854
62 855
286 856
739 857
486 858
290 859
504 860
95 861
649 862
445 863
846 864
347 865
193 866
62 867
366 868
684 869
122 870
843 871
626 872
437 873
601 874
780 875
745 876
457 877
694 878
772 879
194 880
381 881
450 882
154 883
311 884
829 885
144 886
700 887
766 888
64 889
100 890
871 891
702 892
104 893
491 894
273 895
560 896
278 897
753 898
95 899
356 900
730 901
782 902
485 903
705 904
148 905
842 906
177 907
603 908
188 909
658 910
435 911
66 912
498 913
876 914
538 915
868 916
410 917
750 918
562 919
699 920
307 921
717 922
788 923
90 924
186 925
46 926
838 927
643 928
729 929
355 930
742 931
139 932
14 3
581 7
626 3
139 10
846 8
552 10
218 9
733 5
884 9
499 633
127 9
577 10
861 7
492 9
54 3
546 10
679 8
251 2
209 4
294 346
768 4
520 8
357 5
599 6
760 5
156 5
45 10
71 1
641 3
329 100
227 9
397 6
584 6
333 4
68 3
419 7
1 5
185 10
890 5
352 136
406 9
829 9
275 6
412 7
800 5
575 8
439 7
704 5
557 3
900 517
200 9
629 4
802 4
498 7
345 1
561 9
840 3
487 10
830 2
488 926
738 8
225 7
76 3
95 8
431 8
505 2
864 2
707 3
684 9
775 138
540 1
116 2
67 2
361 2
32 9
100 5
883 9
727 1
476 8
838 618
584 10
695 3
313 4
373 1
373 9
409 10
926 3
628 7
479 3
492 424
21 1
727 4
351 10
328 8
721 8
267 4
57 4
36 10
850 3
14 883
409 4
129 1
809 3
686 5
344 9
63 2
496 3
232 10
533 2
546 411
866 8
355 7
67 7
35 4
813 4
97 2
765 8
389 1
182 9
509 160
660 8
5 2
800 1
419 7
332 3
133 10
130 9
2 2
505 4
624 196
251 10
895 9
475 10
596 3
836 8
204 10
581 7
219 3
321 9
587 384
2 3
380 5
248 3
757 10
322 5
571 1
133 8
390 5
5 9
920 171
303 3
801 4
226 1
50 6
237 3
623 7
925 2
800 6
594 1
673 485
682 3
50 7
600 2
859 5
241 9
673 9
657 8
829 5
370 4
394 437
767 3
213 8
391 10
762 2
906 9
861 3
422 7
606 10
339 3
497 252
628 8
628 1
210 7
134 7
541 5
485 10
297 6
706 8
515 2
144 311
43 9
161 7
666 7
289 7
327 5
625 9
17 9
173 4
212 6
422 237
798 10
931 3
628 1
506 10
508 5
223 8
23 5
83 2
439 2
163 407
820 5
210 5
95 4
271 7
74 10
692 5
273 5
255 1
583 5
633 678
514 7
223 7
677 3
789 9
812 9
336 3
870 4
893 5
362 3
694 92
571 8
735 7
226 5
193 9
323 2
283 6
421 4
308 1
532 8
910 587
723 9
3 8
332 7
853 3
160 8
848 5
142 1
661 9
835 10
833 759
661 7
373 2
467 3
263 10
214 10
470 1
214 6
478 10
110 2
270 565
298 9
449 9
908 9
929 1
435 7
10 6
519 9
288 9
485 7
389 246
798 7
740 9
96 4
136 7
77 8
501 7
452 3
850 2
105 10
392 558
467 3
363 3
489 8
618 2
895 1
784 4
678 2
526 2
453 7
761 652
138 1
6 6
223 4
145 5
260 7
854 7
842 2
351 5
730 1
114 928
323 8
541 7
351 8
338 6
774 9
245 9
787 5
294 3
638 5
355 813
347 5
931 6
88 5
413 2
209 3
854 5
584 8
526 6
81 6
552 841
407 9
397 1
914 9
927 3
75 3
553 3
60 1
395 1
34 1
237 183
110 4
772 10
362 5
736 1
371 9
323 3
405 7
375 1
4 7
536 624
370 1
757 9
557 8
311 10
670 10
136 1
916 3
788 2
731 5
568 913
412 5
263 4
672 1
854 5
369 3
528 5
705 5
752 10
375 9
530 559
361 7
901 3
848 8
637 6
605 2
909 7
862 2
288 8
636 4
718 337
369 2
693 8
858 1
156 2
676 4
460 9
767 10
684 9
813 1
811 464
590 1
862 5
238 2
391 1
720 10
188 10
194 1
919 1
447 7
683 801
18 3
148 5
332 5
672 10
362 2
582 9
309 1
96 10
383 4
187 774
828 3
699 2
491 8
788 8
726 4
673 7
323 9
408 1
507 1
528 664
687 4
530 1
603 3
231 4
767 8
336 2
910 9
721 2
23 6
923 906
516 5
202 8
603 3
35 10
393 3
596 6
91 7
450 2
51 7
406 473
231 8
783 2
409 1
535 6
550 7
118 3
65 3
237 6
734 2
51 539
923 8
697 9
765 4
240 9
14 9
429 7
656 3
174 3
511 4
825 256
251 1
374 1
932 4
78 6
400 9
715 8
600 4
171 5
192 6
353 411
838 7
598 5
463 6
887 2
931 9
205 7
204 6
264 2
282 10
392 175
333 3
342 1
162 6
124 4
277 10
463 3
56 7
899 1
693 6
186 273
737 8
550 7
89 8
377 5
652 7
337 4
79 5
818 5
74 1
212 222
527 10
6 6
787 5
703 10
738 10
723 4
424 10
306 7
906 8
605 599
803 8
636 2
498 9
560 9
273 7
349 8
353 3
262 6
782 9
42 171
277 5
339 10
104 4
778 1
464 10
276 10
529 4
553 4
848 5
219 915
366 10
534 6
879 10
536 5
718 2
708 5
892 9
481 10
747 9
346 351
402 2
903 1
860 1
221 8
7 3
677 1
108 3
675 5
214 6
427 806
775 5
582 3
659 7
326 5
674 7
109 6
383 8
720 8
682 6
812 570
502 4
819 7
295 7
682 2
448 9
281 5
62 3
831 9
237 3
904 200
266 4
577 2
724 1
43 5
582 2
347 1
155 10
41 7
97 10
645 846
855 10
842 7
403 8
388 2
332 6
872 1
222 10
102 10
747 6
253 100
492 4
817 5
94 9
35 8
312 9
189 6
534 4
659 4
827 1
797 125
347 1
111 5
615 1
27 8
221 4
63 1
185 10
564 7
39 1
58 605
845 9
38 2
592 9
227 4
414 10
287 5
422 8
118 3
191 6
728 502
647 9
180 6
563 9
771 6
521 5
515 9
909 4
624 8
339 7
684 656
760 1
154 1
576 3
655 5
646 4
874 5
406 1
285 3
28 6
610 631
14 1
875 3
99 2
224 7
325 1
437 4
164 1
829 8
254 3
154 550
747 9
103 3
390 9
632 6
313 3
217 10
570 10
76 3
709 4
929 843
732 1
380 9
450 6
279 9
33 6
290 4
638 9
719 7
54 5
537 50
250 10
372 9
608 8
575 9
878 2
248 10
667 3
629 5
537 6
636 631
693 10
559 6
59 6
410 5
26 8
218 4
6 7
824 1
197 2
920 334
843 10
693 6
127 9
658 3
506 4
913 2
508 6
780 1
288 3
48 544
837 2
169 2
257 5
735 10
503 6
454 1
232 1
171 10
182 5
82 461
233 9
888 5
90 1
778 1
215 1
36 9
364 5
206 9
692 4
770 637
142 9
298 2
701 2
128 3
794 9
175 2
28 8
672 4
442 4
210 182
125 1
775 5
603 6
396 7
681 5
275 3
658 1
621 4
819 5
843 247
542 6
275 1
757 9
346 9
668 6
343 3
600 6
318 8
856 2
334 152
193 5
691 8
672 4
883 3
579 8
623 4
211 2
432 4
236 2
862 60
120 1
23 10
271 10
651 7
314 1
367 2
706 2
897 4
908 10
494 85
68 6
896 3
215 1
328 7
409 2
184 10
598 4
382 9
702 6
120 360
665 9
776 5
472 4
610 10
211 4
516 6
506 4
152 3
797 5
177 291
932 6
862 8
475 1
535 6
632 10
520 5
499 6
350 2
386 4
191 302
563 10
99 7
255 1
240 6
528 1
511 10
869 3
196 8
417 4
758 932
864 4
18 4
252 10
429 9
672 9
814 9
475 4
260 7
637 2
820 531
209 7
540 10
136 9
342 5
619 5
838 6
611 8
497 4
768 3
510 211
216 2
718 7
878 5
585 10
605 4
323 8
434 4
509 4
915 3
819 419
266 8
61 6
756 1
137 9
544 2
66 10
156 9
648 7
919 2
385 119
290 2
622 7
768 1
632 2
510 7
204 7
116 4
15 6
179 6
775 334
890 1
74 6
359 1
811 6
369 9
219 5
854 8
214 10
772 10
422 753
719 5
773 1
97 7
161 10
465 3
335 7
287 10
621 8
329 1
361 647
490 4
899 9
452 9
483 6
495 6
471 10
47 10
400 5
689 6
766 751
721 7
823 1
564 9
791 3
800 6
272 4
234 10
660 9
194 5
635 158
757 4
510 2
59 4
11 10
250 2
566 2
63 2
444 1
60 2
544 659
39 9
345 1
344 7
328 10
76 8
196 10
737 6
384 8
569 6
786 282
806 8
781 9
840 8
654 6
608 10
102 3
896 2
662 6
801 8
831 659
632 2
679 2
399 4
238 3
655 5
723 3
393 3
433 1
20 8
157 649
293 9
545 5
774 3
14 4
917 6
656 7
154 2
651 1
108 8
688 856
514 6
898 7
122 7
651 7
322 9
541 7
601 7
224 9
390 10
304 35
760 5
235 8
207 5
825 4
488 8
375 10
242 5
40 8
35 5
497 220
34 6
601 6
642 7
610 2
664 1
523 9
786 10
150 6
39 6
306 587
118 4
285 6
277 8
437 5
348 4
592 8
807 2
117 10
849 4
872 702
683 4
655 9
553 5
446 9
818 5
806 10
270 5
846 9
783 3
577 898
823 2
432 7
925 1
92 2
61 2
698 1
738 2
831 4
486 1
42 321
