20 1000
1 2
2 3
3 4
2 5
1 6
6 7
1 8
6 9
6 10
3 11
1 12
4 13
10 14
13 15
14 16
4 17
7 18
11 19
9 20
14 5
14 9
11 5
12 7
11 10
18 9
6 9
15 2
16 9
20 18
18 10
8 3
16 5
11 8
9 7
2 10
12 1
7 2
13 4
18 14
10 6
9 1
14 9
7 3
17 7
16 7
10 4
1 2
14 7
18 20
13 7
17 9
6 2
2 1
16 8
9 9
3 1
1 4
2 2
15 12
15 8
6 9
17 8
7 8
9 10
18 5
16 3
5 4
14 3
15 11
18 5
10 8
8 6
15 1
2 6
7 4
14 3
11 7
17 5
20 15
18 2
16 6
10 8
13 1
16 1
3 2
5 10
20 7
9 5
14 15
6 9
8 10
4 3
2 1
3 4
18 1
12 6
18 10
6 10
20 14
4 7
14 5
12 3
18 4
3 1
12 2
12 4
20 8
5 1
10 16
14 8
19 4
1 9
2 8
10 6
15 5
13 5
2 10
20 5
8 11
12 3
14 3
15 7
1 10
12 2
8 5
8 3
6 10
9 3
20 20
2 10
11 1
3 6
12 3
6 5
20 2
17 6
13 4
3 1
19 12
4 4
17 8
15 9
14 2
13 6
8 4
2 2
18 3
16 10
13 20
15 5
15 2
17 5
16 1
7 7
1 7
11 2
3 2
12 10
11 20
11 7
10 5
3 7
4 7
20 2
10 8
7 1
15 6
15 5
19 16
16 4
9 4
18 3
13 10
9 5
12 3
16 1
18 1
19 7
15 11
14 7
19 5
2 3
2 2
15 6
15 9
20 3
16 2
4 6
20 10
16 6
10 10
2 4
19 8
13 1
10 9
7 6
18 2
2 5
9 20
15 7
12 6
8 8
2 9
12 9
16 4
6 10
17 5
15 3
8 19
8 9
4 4
9 6
6 6
9 10
8 2
11 6
17 2
19 9
4 12
13 7
5 3
7 1
3 7
2 10
15 2
5 8
17 1
18 10
9 15
4 2
10 2
13 8
4 7
3 2
19 3
14 6
19 6
14 6
2 10
10 4
5 5
9 1
9 9
6 9
6 5
2 5
8 9
7 6
2 20
20 1
3 5
9 7
8 5
13 5
15 5
6 4
7 4
19 6
19 13
20 8
1 7
3 8
18 2
1 5
7 3
14 6
2 3
7 6
3 15
6 1
9 3
5 9
3 6
12 6
17 2
8 3
4 5
10 5
10 11
16 1
11 3
20 3
20 8
13 10
18 3
7 2
12 7
11 7
12 17
17 3
12 3
6 4
5 1
8 7
11 7
15 8
15 7
10 2
16 16
3 3
14 9
14 1
3 10
13 8
1 4
10 6
14 8
19 4
9 13
8 3
19 4
3 10
3 5
6 9
11 5
3 3
15 7
16 9
3 14
12 2
3 2
13 2
16 6
4 6
12 8
19 7
8 4
12 10
8 12
17 6
12 2
6 7
17 10
13 2
14 7
5 10
14 5
9 5
18 16
13 8
16 5
15 10
15 9
6 3
12 1
16 1
10 4
12 10
8 17
8 8
15 3
8 1
6 8
20 1
1 8
13 2
20 9
10 4
11 18
2 10
5 4
13 5
1 10
8 8
20 2
12 6
2 2
16 8
9 18
5 2
19 8
19 3
3 2
12 3
17 3
2 9
13 3
19 6
7 15
19 8
19 8
4 4
3 1
1 2
5 7
20 5
8 9
4 2
13 12
6 2
4 4
11 9
5 10
7 6
7 3
7 8
2 8
12 5
12 17
3 7
10 2
15 1
15 5
16 5
15 2
12 10
1 9
10 2
11 20
10 9
6 4
15 5
1 3
17 4
7 3
3 6
8 1
11 2
6 12
11 8
10 10
7 2
9 4
13 9
18 9
20 7
17 5
18 1
14 12
11 3
13 4
16 7
20 1
3 2
14 4
4 3
3 9
18 3
12 13
16 8
16 5
8 3
17 2
10 2
8 6
7 3
8 5
13 9
3 19
17 2
2 4
20 3
14 3
16 5
2 3
5 3
16 6
5 3
2 20
4 7
18 6
5 1
15 6
19 8
14 5
5 5
10 2
17 9
11 13
14 2
4 10
1 8
13 10
2 4
5 5
20 7
14 2
3 9
1 12
19 7
5 1
20 6
16 3
11 1
19 6
5 1
5 2
10 10
14 14
19 8
13 1
4 3
9 4
4 9
3 9
9 3
5 1
5 9
8 18
9 9
4 4
12 2
9 1
9 3
8 7
10 9
15 8
1 2
18 11
15 8
1 2
14 6
2 2
10 6
2 4
8 4
10 2
8 8
6 19
3 2
19 6
20 5
5 3
5 2
12 10
9 4
3 3
12 8
1 19
5 5
9 3
20 3
3 8
1 5
5 4
7 5
1 3
6 9
13 17
11 3
14 7
2 2
17 2
13 4
3 9
13 3
9 8
2 8
18 16
10 4
11 9
7 1
14 9
12 9
3 4
16 3
14 1
15 9
18 13
14 4
15 10
13 1
16 3
4 6
9 3
10 3
16 8
12 8
20 20
8 3
16 2
14 7
2 1
6 4
8 10
14 9
4 4
12 1
13 11
20 10
15 3
10 4
10 8
7 6
11 7
9 3
2 5
13 6
2 17
20 9
9 3
9 4
15 9
5 4
16 6
9 2
20 2
11 3
10 12
12 4
10 10
12 9
7 3
8 7
2 10
3 9
16 3
2 8
12 12
17 1
13 1
15 6
6 8
15 1
17 4
16 5
13 8
7 3
9 14
6 7
4 2
20 8
3 5
12 7
19 9
12 3
15 4
12 2
8 17
20 9
16 8
18 3
18 7
14 7
15 6
15 1
4 9
9 5
14 18
7 4
17 5
7 4
17 3
11 3
9 3
15 3
2 5
8 6
19 19
19 9
1 1
4 1
2 9
12 3
11 1
4 4
20 10
12 1
13 14
12 2
4 6
17 1
3 1
13 9
7 6
16 3
2 6
12 9
4 11
7 5
1 6
2 10
20 8
2 5
1 5
16 9
2 8
6 5
9 13
15 2
3 8
2 9
4 9
6 1
3 5
14 4
17 4
10 9
8 18
16 1
20 4
16 2
17 6
7 5
15 2
13 9
16 3
16 5
2 20
18 8
11 6
12 8
15 2
17 7
10 9
9 3
11 3
18 7
5 11
10 8
5 3
8 4
4 8
18 3
10 1
1 10
1 10
12 9
17 14
19 10
17 5
6 5
10 2
1 9
13 5
15 9
5 7
7 10
1 14
9 6
19 6
3 2
10 7
20 3
7 1
16 4
2 6
5 2
7 18
11 4
6 4
4 9
5 9
17 7
8 1
12 6
12 6
7 8
18 13
20 5
6 10
2 1
9 2
11 4
19 3
10 2
5 7
8 7
8 18
1 10
1 4
12 4
17 7
7 2
11 2
6 5
6 5
9 9
14 13
9 7
17 10
4 8
16 10
1 4
9 10
14 2
7 4
6 3
2 14
12 4
7 1
9 4
4 4
15 6
16 5
14 4
10 8
5 2
2 18
14 5
16 4
16 8
4 4
20 7
9 8
20 4
1 2
14 4
14 12
7 1
18 10
13 10
2 6
11 7
1 7
10 6
3 2
6 8
18 13
5 6
18 4
4 9
11 3
8 2
7 5
14 7
8 2
5 10
11 16
13 9
1 8
20 2
14 1
20 2
11 8
18 6
5 1
12 2
17 13
5 9
3 2
10 10
8 5
11 9
16 3
17 5
19 5
2 9
2 14
5 3
16 1
3 5
14 7
14 7
6 10
16 9
10 1
10 3
1 20
11 9
3 5
15 7
8 9
16 7
20 1
16 10
13 7
8 1
20 15
20 7
7 2
15 2
4 4
3 1
8 5
15 3
9 8
7 10
2 14
1 5
1 3
20 3
2 5
18 10
15 8
12 8
16 2
3 7
5 19
3 8
3 3
1 2
14 1
7 3
9 5
5 5
7 5
5 9
9 11
8 4
8 7
7 8
16 1
13 10
5 7
14 6
12 10
7 4
7 19
18 5
13 9
19 10
9 8
10 10
11 3
18 1
6 8
20 1
14 18
15 10
20 4
19 10
18 6
12 8
5 3
11 6
3 8
10 1
3 10
16 6
11 7
4 9
3 9
1 9
13 5
17 3
9 5
2 1
18 17
16 10
10 1
15 8
1 7
5 2
3 6
5 7
11 6
19 4
1 18
11 6
17 5
13 2
4 1
8 6
8 8
18 5
5 2
2 6
4 18
20 3
2 2
18 6
12 6
7 1
2 5
19 7
3 2
15 6
10 16
7 7
17 6
7 8
2 8
3 2
13 3
12 10
9 5
14 3
13 17
4 8
20 1
17 4
9 3
18 6
18 5
20 10
15 4
16 5
3 11
16 8
17 2
20 7
1 1
20 6
4 2
4 4
3 1
14 1
11 12
6 3
9 1
12 3
10 2
20 1
2 7
14 2
3 7
10 4
16 18
1 8
2 6
18 5
13 9
10 8
18 5
12 6
10 1
12 1
17 13
12 1
19 10
14 5
12 8
8 10
13 6
3 8
10 6
13 3
3 17
