638 1000
1 2
1 3
3 4
3 5
1 6
3 7
2 8
7 9
3 10
9 11
9 12
1 13
1 14
4 15
8 16
14 17
9 18
5 19
1 20
20 21
5 22
19 23
1 24
8 25
19 26
8 27
11 28
22 29
26 30
4 31
1 32
20 33
33 34
18 35
15 36
14 37
24 38
19 39
31 40
12 41
27 42
35 43
6 44
37 45
14 46
9 47
15 48
24 49
7 50
46 51
1 52
36 53
41 54
6 55
27 56
15 57
6 58
40 59
17 60
30 61
4 62
8 63
60 64
2 65
26 66
28 67
5 68
31 69
28 70
49 71
58 72
54 73
1 74
68 75
25 76
12 77
28 78
35 79
23 80
41 81
5 82
66 83
57 84
4 85
25 86
63 87
27 88
53 89
8 90
34 91
83 92
4 93
84 94
62 95
69 96
22 97
36 98
73 99
32 100
42 101
35 102
87 103
92 104
71 105
90 106
93 107
85 108
76 109
64 110
81 111
18 112
106 113
58 114
20 115
5 116
116 117
20 118
29 119
21 120
29 121
107 122
29 123
29 124
29 125
55 126
64 127
83 128
56 129
11 130
75 131
34 132
122 133
120 134
52 135
74 136
73 137
64 138
41 139
66 140
75 141
122 142
5 143
87 144
110 145
110 146
26 147
47 148
56 149
95 150
97 151
82 152
63 153
120 154
23 155
107 156
64 157
65 158
97 159
153 160
107 161
142 162
93 163
104 164
63 165
74 166
35 167
5 168
103 169
129 170
83 171
52 172
34 173
169 174
146 175
41 176
5 177
87 178
51 179
110 180
20 181
105 182
159 183
88 184
123 185
144 186
183 187
35 188
120 189
47 190
86 191
14 192
44 193
73 194
58 195
186 196
14 197
97 198
113 199
136 200
116 201
69 202
144 203
43 204
77 205
187 206
8 207
1 208
172 209
28 210
10 211
36 212
147 213
87 214
88 215
136 216
137 217
121 218
184 219
144 220
102 221
128 222
97 223
201 224
166 225
77 226
120 227
56 228
13 229
60 230
59 231
187 232
140 233
197 234
89 235
204 236
26 237
64 238
163 239
113 240
77 241
133 242
222 243
40 244
49 245
170 246
221 247
227 248
67 249
44 250
50 251
177 252
42 253
146 254
41 255
58 256
56 257
61 258
174 259
187 260
12 261
111 262
104 263
143 264
130 265
29 266
74 267
57 268
99 269
48 270
196 271
219 272
125 273
11 274
268 275
141 276
159 277
274 278
160 279
106 280
228 281
154 282
19 283
163 284
52 285
155 286
152 287
176 288
252 289
217 290
37 291
206 292
266 293
244 294
72 295
211 296
105 297
213 298
107 299
140 300
269 301
247 302
34 303
129 304
35 305
126 306
223 307
57 308
39 309
125 310
49 311
159 312
219 313
210 314
152 315
87 316
313 317
174 318
88 319
202 320
290 321
162 322
222 323
109 324
228 325
280 326
176 327
19 328
295 329
21 330
233 331
57 332
46 333
298 334
301 335
157 336
258 337
25 338
270 339
20 340
274 341
123 342
268 343
24 344
85 345
30 346
192 347
153 348
286 349
12 350
311 351
147 352
214 353
249 354
266 355
65 356
262 357
79 358
342 359
206 360
303 361
174 362
344 363
41 364
240 365
159 366
4 367
273 368
110 369
316 370
135 371
44 372
185 373
322 374
201 375
150 376
50 377
343 378
92 379
295 380
143 381
53 382
21 383
52 384
15 385
160 386
41 387
281 388
339 389
296 390
330 391
3 392
298 393
200 394
202 395
221 396
90 397
193 398
1 399
131 400
110 401
275 402
44 403
216 404
340 405
327 406
296 407
178 408
32 409
236 410
405 411
227 412
324 413
129 414
398 415
147 416
262 417
324 418
56 419
49 420
237 421
89 422
336 423
146 424
195 425
296 426
414 427
121 428
156 429
352 430
319 431
424 432
331 433
251 434
434 435
113 436
380 437
171 438
243 439
261 440
397 441
43 442
13 443
143 444
187 445
352 446
295 447
181 448
83 449
120 450
355 451
144 452
316 453
378 454
32 455
289 456
11 457
157 458
310 459
246 460
403 461
325 462
220 463
277 464
210 465
418 466
330 467
383 468
189 469
22 470
300 471
393 472
238 473
15 474
321 475
366 476
81 477
469 478
409 479
220 480
323 481
312 482
112 483
345 484
222 485
394 486
7 487
372 488
238 489
277 490
199 491
208 492
378 493
143 494
444 495
426 496
407 497
311 498
275 499
468 500
207 501
365 502
207 503
130 504
258 505
139 506
230 507
478 508
458 509
377 510
434 511
447 512
229 513
148 514
404 515
454 516
485 517
256 518
279 519
356 520
134 521
176 522
507 523
150 524
352 525
466 526
91 527
123 528
330 529
417 530
178 531
269 532
138 533
335 534
404 535
512 536
430 537
509 538
154 539
253 540
87 541
69 542
60 543
134 544
231 545
494 546
234 547
431 548
545 549
533 550
339 551
244 552
377 553
539 554
521 555
79 556
10 557
187 558
200 559
279 560
428 561
352 562
369 563
346 564
153 565
565 566
80 567
75 568
108 569
315 570
116 571
207 572
72 573
223 574
279 575
171 576
511 577
13 578
259 579
508 580
11 581
77 582
430 583
264 584
83 585
193 586
328 587
168 588
15 589
194 590
132 591
513 592
400 593
388 594
221 595
219 596
423 597
35 598
335 599
557 600
454 601
230 602
390 603
191 604
80 605
486 606
33 607
213 608
471 609
584 610
95 611
348 612
113 613
410 614
460 615
151 616
105 617
201 618
383 619
391 620
405 621
522 622
50 623
82 624
228 625
299 626
325 627
27 628
436 629
312 630
470 631
293 632
443 633
272 634
480 635
281 636
198 637
564 638
576 9
145 8
169 6
365 1
343 9
481 6
506 7
616 10
498 7
99 161
347 10
524 3
449 5
570 7
497 7
286 4
153 6
529 5
305 1
566 472
579 5
157 2
229 5
340 5
575 1
213 3
571 10
509 8
591 2
275 141
198 3
18 8
619 7
189 5
436 2
229 7
55 5
440 1
136 10
495 415
609 1
221 6
529 2
564 7
402 8
367 7
157 7
381 10
491 4
70 448
285 2
535 2
69 7
460 3
342 3
92 3
260 3
293 5
242 7
250 289
218 2
594 5
504 3
513 2
552 5
60 8
507 5
60 8
515 5
500 565
304 10
160 1
21 6
26 2
631 6
334 5
265 4
276 2
99 9
67 520
464 10
293 1
394 2
273 2
327 10
440 1
593 5
39 3
180 4
112 222
423 1
228 5
102 9
367 3
24 8
257 10
170 5
107 9
201 8
224 526
173 8
66 7
274 10
623 3
23 10
554 4
275 6
378 2
567 1
8 296
586 3
25 3
632 4
127 3
325 3
635 9
396 9
157 1
193 6
124 484
222 10
491 1
252 6
246 7
504 9
159 8
401 8
77 2
17 8
360 220
384 10
330 10
284 2
325 4
374 3
241 7
467 3
371 3
600 7
486 361
528 6
522 3
47 5
488 7
579 8
545 10
18 4
590 10
238 2
268 294
114 8
562 7
498 5
585 2
347 8
364 2
329 2
452 10
175 7
330 159
521 9
492 7
197 9
409 2
204 2
181 8
266 10
553 4
419 7
296 178
464 2
488 8
85 1
522 8
466 1
189 8
339 1
209 9
73 5
411 102
509 10
23 8
405 3
495 7
532 4
95 9
447 10
271 7
574 9
54 382
84 8
49 5
200 2
233 1
13 5
193 10
605 9
478 9
201 2
106 202
320 1
319 7
354 6
62 9
36 3
389 3
446 4
537 9
414 8
432 242
22 8
229 1
410 9
425 1
116 1
69 4
49 10
51 2
464 6
127 208
88 10
624 6
279 4
154 8
364 7
291 4
278 9
312 10
526 8
333 528
379 8
265 2
14 5
244 10
293 5
261 9
329 9
178 5
412 4
551 19
115 3
257 1
106 5
277 5
51 9
315 7
366 4
473 4
571 3
471 459
128 4
584 4
103 7
249 3
48 1
1 8
404 10
108 2
321 2
211 553
65 10
15 6
77 9
348 7
255 10
389 1
198 9
288 3
169 8
139 403
292 7
596 5
137 3
432 8
604 6
184 5
457 8
439 1
444 3
293 166
17 4
339 2
519 1
501 3
423 9
611 10
543 9
123 3
299 7
482 627
61 9
197 7
216 3
523 5
595 5
533 6
619 8
506 1
234 9
550 66
622 5
357 1
289 3
344 1
364 7
432 10
86 4
188 7
535 8
179 141
269 10
428 4
505 9
454 7
274 5
309 8
142 9
601 2
366 9
521 564
411 1
519 8
588 1
505 3
314 7
232 7
327 4
612 9
238 6
151 255
137 7
494 6
463 2
221 2
331 9
423 2
162 5
426 10
127 3
330 604
217 5
585 2
626 8
398 8
79 9
237 2
129 7
560 5
116 7
330 448
232 3
337 2
242 1
461 7
58 8
495 4
140 7
340 5
311 4
331 150
278 9
392 9
467 9
283 1
501 8
594 2
246 5
123 6
474 8
554 302
303 7
83 10
85 8
602 6
77 7
239 6
561 8
69 5
241 5
284 243
216 8
398 6
9 8
415 6
612 3
526 8
463 7
441 3
2 3
259 159
609 3
89 5
121 2
349 6
197 4
11 8
618 7
155 1
495 9
273 346
88 8
284 1
274 6
234 5
325 9
415 2
53 7
24 1
511 8
65 350
152 1
531 2
23 6
76 7
563 10
545 2
280 3
610 6
55 5
189 354
117 1
295 10
212 8
326 8
226 4
605 5
330 7
149 9
71 8
65 124
381 2
460 4
512 2
250 10
551 7
149 2
408 4
346 1
151 1
28 415
453 5
279 2
567 5
393 7
124 7
509 4
430 4
223 9
347 1
70 144
59 6
334 2
390 9
390 2
486 5
546 4
563 3
590 9
42 9
121 382
175 8
223 7
477 3
356 7
430 10
3 2
175 8
523 10
374 5
386 570
396 10
168 5
603 6
520 4
541 8
469 3
14 6
372 8
424 6
183 544
159 8
78 1
505 7
427 4
164 4
3 8
544 7
409 1
399 1
599 594
261 2
417 7
540 4
441 8
387 3
57 9
176 4
103 5
197 1
468 437
104 1
176 4
611 9
200 10
226 9
534 9
634 1
303 6
83 4
143 353
236 1
114 6
434 4
70 1
1 1
498 10
9 10
288 4
307 9
184 618
355 3
460 2
395 9
69 6
622 9
18 9
320 1
93 4
586 10
113 597
527 5
78 8
495 9
230 2
362 1
404 4
118 2
271 5
200 8
581 344
610 8
611 1
608 10
507 9
174 7
375 5
25 5
35 6
324 1
387 257
46 8
562 3
326 9
505 9
303 7
321 4
503 7
160 8
486 8
343 356
377 7
137 6
193 3
237 10
345 8
66 1
166 4
202 7
614 7
389 204
225 3
264 8
412 10
589 2
626 10
364 7
573 10
480 5
95 9
285 210
569 7
467 5
226 3
139 10
96 8
217 10
389 7
501 4
611 1
5 335
505 8
4 7
603 7
617 1
509 3
581 9
409 6
483 3
209 2
470 33
607 2
601 5
345 1
19 5
216 4
512 10
415 3
341 5
454 8
360 529
463 9
340 5
468 4
335 2
40 1
598 5
607 9
222 9
511 7
225 437
576 8
233 5
418 3
94 3
465 5
138 7
300 9
602 8
442 9
13 428
82 2
47 6
465 3
441 9
468 9
525 7
259 7
200 3
123 2
284 489
166 8
623 10
478 9
595 9
213 8
242 3
319 5
58 7
252 5
621 180
310 6
404 4
164 10
178 10
544 4
314 2
637 2
372 1
100 5
111 553
194 6
172 7
564 4
531 8
488 8
514 6
90 6
517 6
205 10
626 602
609 3
203 1
17 8
253 2
20 4
9 7
615 10
204 3
409 9
523 469
283 7
498 4
98 9
334 5
323 10
312 1
254 2
490 4
373 7
579 367
367 9
159 9
612 4
156 3
159 6
347 3
385 6
49 8
466 2
495 161
607 3
492 10
287 9
123 5
321 4
159 8
479 4
417 9
529 7
408 323
365 5
431 5
439 2
1 10
202 6
400 9
361 9
355 10
180 1
174 569
592 2
26 2
385 4
288 2
301 9
252 10
493 1
51 7
540 9
447 408
265 3
320 8
162 4
13 7
101 8
211 9
354 5
159 9
412 10
313 272
332 5
228 2
444 8
244 1
452 2
179 2
497 10
400 2
112 7
89 470
172 4
239 1
56 6
504 1
198 9
446 3
482 7
79 3
10 8
175 65
252 6
555 4
258 3
501 3
205 1
15 2
221 6
192 4
218 10
489 579
575 2
30 1
408 6
477 8
243 10
403 7
529 1
254 4
601 10
504 203
525 1
418 8
461 3
547 3
472 10
446 7
613 10
340 6
295 3
386 474
520 4
45 7
588 5
294 10
480 3
638 3
576 1
382 3
83 1
73 503
218 5
300 6
498 10
195 2
358 10
497 1
261 6
33 4
23 7
239 53
206 9
527 4
459 1
108 1
47 1
458 4
468 4
14 6
454 8
109 66
114 7
361 8
391 1
498 3
635 7
431 7
610 8
431 6
352 9
12 40
393 9
61 9
456 9
231 7
145 10
289 1
198 2
511 3
491 1
279 216
124 3
620 4
392 2
43 5
122 10
335 6
142 9
226 1
285 1
551 99
321 5
397 1
83 1
250 3
411 8
72 10
471 9
247 2
112 6
545 263
544 5
562 6
140 10
72 9
603 6
60 7
597 5
165 6
372 2
144 383
32 5
592 5
336 8
346 1
38 7
306 6
355 7
25 9
73 7
77 293
462 6
359 5
100 4
568 1
580 6
61 7
425 2
411 3
348 2
130 474
598 4
206 10
179 2
485 8
387 3
504 10
153 9
80 5
488 8
293 627
338 1
387 10
599 9
501 4
187 3
438 6
165 10
321 2
272 6
414 42
423 6
97 9
33 6
77 9
75 7
209 7
436 10
533 9
92 9
340 479
16 7
191 7
308 1
303 2
349 5
49 7
323 8
22 4
271 10
179 64
596 4
354 8
251 9
420 8
53 5
42 2
343 5
331 4
299 3
269 33
634 3
517 2
462 6
580 7
505 9
597 6
505 2
570 2
127 10
412 430
379 2
30 7
626 5
260 2
222 6
375 7
159 7
441 6
57 3
265 253
520 5
382 10
82 7
624 8
234 4
464 5
563 2
577 5
243 1
392 243
247 9
60 2
370 8
18 4
605 9
273 7
12 3
205 10
488 3
120 43
459 4
368 9
157 8
248 5
316 7
487 6
447 1
616 3
617 10
476 579
86 6
283 1
386 9
538 1
19 2
255 4
503 7
249 10
491 6
264 154
