688 1000
1 2
1 3
2 4
4 5
5 6
6 7
1 8
2 9
4 10
7 11
5 12
2 13
9 14
5 15
3 16
15 17
14 18
1 19
2 20
17 21
20 22
14 23
16 24
8 25
25 26
15 27
3 28
19 29
1 30
12 31
30 32
23 33
1 34
31 35
23 36
19 37
37 38
34 39
29 40
20 41
17 42
24 43
39 44
11 45
25 46
44 47
47 48
7 49
24 50
48 51
46 52
44 53
46 54
17 55
27 56
28 57
3 58
36 59
27 60
53 61
43 62
4 63
61 64
24 65
28 66
9 67
23 68
31 69
64 70
5 71
7 72
28 73
28 74
6 75
56 76
15 77
62 78
66 79
38 80
60 81
69 82
24 83
48 84
62 85
25 86
86 87
11 88
46 89
74 90
6 91
44 92
29 93
56 94
62 95
2 96
81 97
41 98
24 99
54 100
42 101
54 102
31 103
49 104
53 105
96 106
20 107
55 108
105 109
7 110
76 111
59 112
23 113
109 114
47 115
61 116
12 117
77 118
62 119
69 120
5 121
103 122
101 123
95 124
79 125
10 126
37 127
74 128
105 129
107 130
3 131
12 132
28 133
67 134
83 135
90 136
82 137
40 138
121 139
51 140
34 141
74 142
37 143
76 144
93 145
136 146
42 147
4 148
140 149
81 150
84 151
22 152
47 153
35 154
11 155
147 156
9 157
154 158
124 159
78 160
21 161
122 162
140 163
105 164
45 165
52 166
65 167
151 168
52 169
134 170
31 171
166 172
61 173
149 174
109 175
143 176
45 177
156 178
149 179
13 180
63 181
178 182
69 183
131 184
93 185
23 186
47 187
157 188
137 189
182 190
123 191
110 192
9 193
125 194
123 195
160 196
9 197
11 198
175 199
175 200
69 201
127 202
26 203
36 204
64 205
115 206
131 207
52 208
94 209
73 210
56 211
50 212
23 213
91 214
53 215
51 216
95 217
103 218
32 219
128 220
55 221
184 222
77 223
51 224
114 225
128 226
26 227
100 228
167 229
190 230
116 231
197 232
105 233
4 234
117 235
134 236
229 237
8 238
35 239
164 240
46 241
128 242
92 243
33 244
23 245
203 246
88 247
76 248
94 249
35 250
88 251
136 252
40 253
148 254
8 255
120 256
217 257
44 258
96 259
199 260
169 261
157 262
33 263
231 264
14 265
207 266
164 267
57 268
121 269
93 270
156 271
231 272
171 273
7 274
177 275
129 276
18 277
262 278
141 279
38 280
125 281
198 282
124 283
44 284
87 285
41 286
78 287
159 288
193 289
141 290
82 291
130 292
214 293
52 294
95 295
123 296
226 297
76 298
206 299
165 300
233 301
208 302
149 303
83 304
249 305
230 306
288 307
256 308
68 309
46 310
5 311
195 312
275 313
213 314
226 315
7 316
208 317
80 318
180 319
69 320
99 321
5 322
17 323
42 324
57 325
162 326
253 327
230 328
123 329
2 330
17 331
155 332
182 333
56 334
37 335
183 336
111 337
180 338
34 339
277 340
155 341
6 342
3 343
28 344
58 345
32 346
164 347
154 348
237 349
108 350
166 351
67 352
42 353
15 354
174 355
199 356
351 357
62 358
248 359
88 360
114 361
114 362
345 363
206 364
166 365
267 366
192 367
349 368
340 369
326 370
15 371
366 372
234 373
186 374
323 375
340 376
53 377
260 378
76 379
202 380
237 381
118 382
333 383
307 384
202 385
212 386
46 387
229 388
109 389
33 390
221 391
194 392
116 393
100 394
63 395
157 396
1 397
335 398
275 399
387 400
84 401
87 402
12 403
18 404
371 405
288 406
148 407
180 408
366 409
337 410
161 411
215 412
135 413
406 414
134 415
372 416
406 417
104 418
6 419
210 420
91 421
368 422
267 423
126 424
14 425
155 426
306 427
313 428
266 429
319 430
158 431
43 432
118 433
343 434
101 435
303 436
250 437
163 438
344 439
209 440
194 441
84 442
159 443
243 444
325 445
383 446
287 447
251 448
239 449
52 450
420 451
451 452
94 453
133 454
217 455
179 456
113 457
292 458
431 459
360 460
67 461
51 462
17 463
429 464
420 465
288 466
214 467
349 468
131 469
345 470
315 471
234 472
168 473
369 474
243 475
263 476
266 477
82 478
394 479
476 480
411 481
407 482
81 483
455 484
14 485
227 486
55 487
48 488
119 489
298 490
290 491
242 492
446 493
396 494
129 495
148 496
115 497
22 498
139 499
399 500
63 501
466 502
26 503
31 504
88 505
222 506
70 507
328 508
249 509
439 510
229 511
242 512
404 513
88 514
135 515
314 516
456 517
112 518
210 519
500 520
213 521
287 522
307 523
265 524
4 525
85 526
319 527
496 528
159 529
320 530
407 531
393 532
3 533
215 534
120 535
463 536
359 537
400 538
269 539
68 540
168 541
51 542
480 543
347 544
131 545
311 546
431 547
453 548
456 549
549 550
144 551
85 552
376 553
516 554
431 555
157 556
175 557
32 558
290 559
401 560
435 561
200 562
456 563
257 564
64 565
166 566
513 567
441 568
349 569
386 570
96 571
48 572
544 573
222 574
294 575
368 576
33 577
223 578
434 579
388 580
89 581
278 582
459 583
284 584
349 585
363 586
481 587
36 588
61 589
292 590
134 591
92 592
519 593
232 594
311 595
557 596
221 597
276 598
443 599
31 600
559 601
296 602
173 603
551 604
217 605
57 606
179 607
593 608
354 609
526 610
586 611
42 612
205 613
471 614
160 615
232 616
75 617
613 618
438 619
483 620
83 621
618 622
299 623
607 624
95 625
569 626
33 627
362 628
146 629
127 630
210 631
249 632
619 633
349 634
97 635
428 636
326 637
263 638
543 639
419 640
85 641
332 642
613 643
426 644
265 645
497 646
195 647
218 648
488 649
158 650
176 651
337 652
395 653
409 654
414 655
505 656
210 657
417 658
520 659
583 660
406 661
538 662
500 663
153 664
113 665
365 666
305 667
120 668
438 669
261 670
257 671
281 672
558 673
209 674
393 675
62 676
630 677
408 678
232 679
37 680
623 681
655 682
114 683
607 684
41 685
603 686
250 687
74 688
672 5
565 4
342 9
454 4
383 9
323 4
159 9
267 5
176 1
555 592
101 8
445 9
288 3
282 8
449 9
189 4
682 4
305 5
560 7
403 269
75 9
306 2
68 4
8 6
106 7
570 3
180 8
427 3
616 3
650 378
641 2
433 2
155 5
20 2
578 3
616 5
145 4
354 3
268 8
8 390
233 10
51 3
382 1
535 5
634 8
42 2
164 1
505 9
152 7
155 252
568 8
605 10
645 8
166 7
534 5
443 3
101 4
217 6
74 3
478 262
350 3
156 7
330 7
191 5
450 10
492 8
218 3
269 6
666 7
211 589
329 6
560 6
404 6
127 5
94 2
191 6
448 2
79 4
177 4
630 389
672 10
56 10
405 1
224 5
382 9
664 2
43 5
604 7
672 3
227 36
441 3
643 7
30 5
76 8
392 5
332 1
233 6
415 1
477 2
152 217
287 10
436 1
188 2
155 3
194 1
340 1
143 9
329 3
576 1
185 124
585 10
36 8
32 7
500 3
177 10
335 1
667 10
413 5
408 5
631 137
420 4
394 2
666 9
287 4
371 3
371 6
17 3
63 1
506 7
458 85
506 2
452 9
94 1
115 2
224 10
106 3
184 6
55 5
688 7
36 272
600 4
381 5
668 9
391 7
148 6
15 2
450 7
578 3
435 7
667 46
338 8
2 10
144 1
41 6
289 4
494 3
545 1
145 8
8 1
478 517
93 5
635 8
552 1
89 4
438 9
153 5
45 4
629 10
105 5
411 668
434 6
260 2
203 10
317 4
378 7
55 6
361 10
529 5
247 10
16 136
589 1
200 8
119 3
676 5
49 6
385 3
239 10
187 7
394 7
583 96
74 10
630 6
63 1
449 5
157 4
265 6
537 9
210 1
561 5
586 556
272 3
500 4
359 8
201 3
21 10
262 7
103 1
585 9
387 5
490 286
590 7
493 6
379 8
51 8
521 8
687 6
383 6
245 5
259 10
73 476
254 1
124 3
266 10
307 3
192 7
526 1
294 10
500 6
596 6
224 660
559 1
313 2
209 7
190 8
96 5
324 3
10 9
126 1
493 3
249 638
417 3
523 9
545 3
272 10
651 6
605 1
189 1
436 10
688 1
207 228
31 4
594 10
638 1
32 3
181 4
470 10
170 7
633 4
13 7
242 527
254 8
141 6
211 1
409 6
357 4
462 8
31 2
313 8
9 10
667 502
478 9
423 6
397 6
177 8
229 2
449 10
403 10
415 9
258 9
499 245
116 7
557 1
445 8
193 10
268 3
441 5
641 2
21 8
301 4
54 438
526 8
12 8
128 7
563 4
341 9
564 8
646 4
141 3
43 6
477 505
250 3
120 9
364 1
200 2
564 3
133 3
79 4
122 4
521 4
412 140
247 3
133 6
79 8
502 2
280 2
577 1
5 2
306 2
24 7
570 125
329 4
562 2
295 4
382 6
244 8
568 1
302 2
270 7
653 7
30 54
16 1
552 6
194 8
664 5
587 6
609 2
682 1
136 4
312 7
372 90
455 5
611 10
53 2
392 2
537 2
444 6
302 10
304 2
601 6
30 668
193 1
520 5
372 5
158 8
148 10
335 9
245 9
368 10
363 4
423 448
225 1
111 9
567 1
670 10
406 1
665 7
487 4
66 1
447 1
348 495
15 5
376 1
483 1
680 9
658 4
256 10
95 2
265 10
184 3
286 104
273 9
413 4
112 9
164 9
630 5
341 1
136 5
396 8
274 9
260 386
38 1
659 5
135 9
144 1
50 7
676 4
584 1
409 9
149 10
213 326
635 1
467 3
215 4
533 4
664 10
55 10
260 5
115 1
608 8
333 12
119 9
624 1
369 7
472 1
582 3
262 9
592 5
134 2
359 10
199 15
502 10
123 8
448 5
205 7
402 2
142 6
548 4
517 8
15 9
276 567
561 2
635 6
659 4
204 5
96 7
142 10
551 10
605 2
256 7
130 126
439 6
231 6
55 9
100 8
414 4
189 8
494 3
259 3
272 4
496 73
58 7
173 9
390 1
79 10
422 5
485 3
110 7
263 9
533 2
650 584
501 5
324 5
591 5
178 4
297 1
528 7
23 5
451 8
101 6
412 162
222 3
308 9
176 1
412 3
634 5
19 7
601 5
141 6
133 1
494 325
473 6
240 3
597 4
275 6
110 2
248 8
589 1
606 7
434 7
520 274
298 8
122 3
125 6
147 9
463 6
485 6
115 6
457 5
232 1
207 193
496 2
249 4
580 4
386 5
91 10
326 10
559 6
503 9
438 9
38 17
433 1
128 5
131 5
585 4
6 2
37 5
584 3
87 5
11 4
601 576
367 1
7 4
490 10
564 5
216 6
607 1
22 6
476 4
440 1
480 397
429 9
406 4
276 7
275 3
415 3
248 2
152 9
645 2
562 6
334 623
331 8
22 2
566 3
593 10
601 7
99 3
210 9
186 3
382 5
97 306
647 9
644 2
260 1
75 6
52 6
171 7
335 1
675 1
427 9
380 372
447 1
441 4
28 1
492 6
576 9
432 6
205 4
354 5
121 5
393 268
590 3
584 2
87 7
454 1
333 4
165 4
190 7
90 9
122 5
298 596
125 8
561 6
27 3
606 9
144 2
322 8
252 5
561 1
79 6
146 214
344 2
33 3
88 1
515 7
118 8
295 2
684 7
628 3
220 5
445 30
399 6
165 2
202 3
228 8
501 2
337 5
671 8
31 3
185 10
166 262
312 7
230 1
439 1
65 4
238 7
542 8
543 6
564 2
368 1
212 466
271 1
546 5
356 1
407 10
114 6
517 8
539 5
635 3
643 3
554 320
135 1
609 10
523 4
505 2
153 8
333 10
683 6
112 9
608 10
639 394
95 3
246 8
53 3
292 10
505 5
397 4
320 1
116 1
680 1
614 450
1 7
456 1
450 1
607 1
537 9
190 3
125 6
409 1
622 4
63 441
258 6
178 3
184 7
606 5
594 5
92 3
498 5
245 4
103 3
296 175
215 4
199 10
106 3
346 8
15 8
121 9
278 9
592 10
501 5
640 585
279 9
162 10
546 2
607 4
159 3
275 2
461 9
459 2
542 8
687 261
409 8
350 9
211 6
422 10
90 10
677 1
685 2
354 2
248 1
407 94
196 10
599 2
644 1
456 3
612 2
259 9
345 3
463 4
71 4
545 98
604 9
662 1
624 3
293 3
23 5
642 6
123 6
663 7
3 1
261 438
173 10
445 9
286 9
132 8
363 4
76 3
439 6
530 1
361 9
507 99
474 10
270 1
21 2
518 2
110 2
595 5
277 8
443 10
429 3
197 142
417 5
565 2
106 2
199 9
183 5
348 5
448 9
203 9
491 1
389 314
237 6
419 9
124 3
667 10
228 3
233 4
97 1
160 4
195 10
668 279
2 5
377 2
215 8
685 2
272 7
105 10
430 1
345 2
191 8
320 324
330 9
477 6
526 10
334 2
183 9
162 1
102 7
216 10
372 9
619 227
290 1
510 6
3 1
649 6
83 1
472 4
492 7
163 2
440 7
226 507
597 10
123 9
24 7
38 10
202 7
71 9
671 5
278 4
202 5
393 221
109 7
475 7
401 10
576 8
384 8
348 8
578 6
385 8
153 9
501 328
600 6
313 8
676 7
277 5
505 1
366 7
345 7
1 4
644 10
312 337
264 8
398 6
554 6
420 8
311 5
601 10
288 7
680 2
232 6
592 632
608 5
213 6
182 6
70 6
342 2
566 5
551 1
155 2
633 5
444 115
576 5
296 6
526 5
508 9
340 2
312 4
105 10
649 9
149 8
349 534
286 1
370 5
200 6
36 10
686 3
131 8
243 2
98 5
18 1
129 122
93 6
552 6
17 5
241 1
514 5
560 7
142 1
400 6
241 9
678 64
138 2
312 4
270 6
548 8
313 1
421 10
162 2
11 3
197 2
26 22
473 7
107 8
264 9
293 9
443 6
225 6
137 8
487 7
524 10
440 274
408 9
440 2
673 8
375 1
185 10
145 9
110 9
484 7
381 8
626 345
348 4
149 9
208 3
319 9
236 4
202 9
643 9
153 5
12 6
239 349
163 2
375 4
274 10
58 1
609 7
13 5
219 10
387 3
25 2
174 52
270 7
538 8
85 8
581 6
587 6
411 8
576 5
108 7
357 5
342 625
317 7
74 1
491 5
609 9
465 3
653 7
113 5
331 7
231 7
657 91
449 10
58 9
561 10
521 1
415 8
91 8
423 6
410 4
155 10
525 686
172 9
430 8
286 9
426 6
582 7
17 6
510 3
284 6
249 1
457 44
251 1
51 7
529 3
674 10
570 3
75 6
239 6
347 3
409 9
164 684
3 7
628 4
182 2
442 7
389 9
141 2
316 7
608 2
430 6
452 305
367 3
336 2
46 9
416 2
132 6
329 7
262 5
247 9
277 1
62 267
391 5
155 2
144 7
339 6
104 2
551 9
154 4
337 9
567 2
54 219
