480 1000
1 2
2 3
1 4
2 5
4 6
6 7
5 8
1 9
1 10
7 11
11 12
3 13
10 14
12 15
5 16
4 17
2 18
6 19
3 20
2 21
19 22
15 23
12 24
11 25
20 26
13 27
21 28
9 29
2 30
18 31
26 32
30 33
13 34
8 35
33 36
17 37
20 38
8 39
15 40
39 41
3 42
12 43
18 44
30 45
5 46
42 47
39 48
10 49
3 50
36 51
6 52
15 53
52 54
30 55
10 56
17 57
26 58
2 59
45 60
55 61
11 62
47 63
5 64
39 65
18 66
53 67
8 68
20 69
21 70
31 71
15 72
71 73
24 74
43 75
22 76
27 77
5 78
71 79
34 80
73 81
38 82
74 83
33 84
45 85
74 86
23 87
3 88
20 89
46 90
43 91
67 92
42 93
14 94
51 95
92 96
34 97
37 98
88 99
70 100
35 101
47 102
99 103
79 104
77 105
41 106
59 107
51 108
88 109
75 110
9 111
101 112
11 113
43 114
75 115
44 116
43 117
80 118
33 119
20 120
56 121
97 122
19 123
122 124
83 125
81 126
97 127
110 128
82 129
58 130
19 131
119 132
79 133
104 134
9 135
36 136
21 137
124 138
50 139
6 140
88 141
140 142
133 143
137 144
96 145
67 146
8 147
33 148
141 149
136 150
21 151
109 152
25 153
11 154
124 155
44 156
69 157
51 158
144 159
89 160
9 161
17 162
160 163
93 164
141 165
108 166
155 167
157 168
14 169
9 170
156 171
18 172
50 173
131 174
165 175
126 176
79 177
108 178
1 179
96 180
7 181
77 182
54 183
35 184
176 185
63 186
95 187
81 188
59 189
153 190
158 191
162 192
51 193
71 194
104 195
51 196
56 197
44 198
24 199
82 200
62 201
179 202
92 203
169 204
51 205
55 206
186 207
122 208
147 209
140 210
200 211
113 212
136 213
23 214
122 215
81 216
150 217
99 218
182 219
149 220
171 221
37 222
196 223
215 224
16 225
104 226
217 227
164 228
91 229
224 230
14 231
205 232
55 233
213 234
198 235
231 236
147 237
78 238
213 239
154 240
55 241
118 242
73 243
169 244
75 245
213 246
126 247
149 248
143 249
101 250
223 251
155 252
54 253
161 254
227 255
133 256
180 257
246 258
46 259
253 260
260 261
171 262
164 263
241 264
207 265
76 266
140 267
105 268
216 269
197 270
111 271
47 272
236 273
156 274
186 275
219 276
27 277
35 278
32 279
207 280
56 281
59 282
192 283
158 284
84 285
11 286
178 287
186 288
15 289
63 290
282 291
35 292
50 293
10 294
32 295
178 296
172 297
50 298
46 299
170 300
257 301
240 302
112 303
227 304
133 305
65 306
302 307
151 308
250 309
242 310
113 311
290 312
181 313
140 314
36 315
8 316
92 317
75 318
162 319
19 320
81 321
272 322
263 323
217 324
168 325
204 326
141 327
121 328
16 329
244 330
195 331
149 332
277 333
93 334
78 335
7 336
276 337
114 338
270 339
120 340
94 341
96 342
152 343
130 344
60 345
266 346
148 347
209 348
303 349
121 350
345 351
193 352
336 353
339 354
85 355
342 356
157 357
319 358
332 359
83 360
256 361
80 362
260 363
247 364
236 365
325 366
275 367
112 368
84 369
36 370
314 371
160 372
68 373
135 374
232 375
254 376
368 377
312 378
179 379
156 380
121 381
270 382
243 383
37 384
241 385
246 386
246 387
121 388
274 389
238 390
46 391
269 392
278 393
282 394
72 395
247 396
288 397
232 398
380 399
64 400
366 401
125 402
366 403
256 404
172 405
75 406
101 407
82 408
119 409
137 410
278 411
288 412
27 413
127 414
402 415
240 416
97 417
336 418
373 419
216 420
210 421
284 422
267 423
268 424
91 425
152 426
25 427
31 428
299 429
56 430
328 431
293 432
412 433
235 434
107 435
304 436
84 437
51 438
349 439
176 440
32 441
214 442
235 443
389 444
120 445
267 446
149 447
306 448
91 449
12 450
273 451
4 452
239 453
183 454
308 455
380 456
219 457
102 458
150 459
428 460
222 461
114 462
84 463
77 464
451 465
330 466
306 467
439 468
414 469
57 470
211 471
343 472
267 473
454 474
360 475
373 476
277 477
114 478
202 479
289 480
354 2
195 10
417 2
34 4
324 4
120 1
37 3
170 2
339 8
391 145
304 9
10 8
59 3
437 8
83 2
344 5
259 2
25 5
323 5
178 101
95 7
348 6
186 9
265 2
40 2
426 10
132 3
186 9
206 5
13 161
360 6
203 8
372 4
293 1
7 10
249 4
62 8
14 5
149 5
478 55
302 7
292 6
95 1
316 9
452 6
247 4
199 10
27 8
356 5
3 459
79 1
444 6
451 5
180 7
231 7
289 8
34 2
9 4
209 8
171 80
388 5
366 8
315 2
19 2
110 4
103 8
301 6
379 7
409 4
326 411
375 3
335 10
37 7
149 2
26 4
408 5
419 5
214 5
303 10
390 432
69 9
237 4
456 7
230 5
329 10
97 4
36 1
49 5
330 7
53 59
32 6
47 2
302 1
136 5
397 1
456 8
234 2
287 2
163 6
62 357
360 10
197 4
429 4
209 4
46 8
88 2
167 8
316 1
47 6
230 326
109 8
216 6
132 5
178 3
404 2
84 10
295 8
123 6
152 8
422 198
325 1
22 9
426 10
98 5
344 5
75 10
473 4
480 5
433 8
343 278
376 4
100 7
156 2
317 7
9 2
155 5
225 8
48 1
146 5
239 432
297 8
254 10
143 8
80 5
158 7
199 8
10 7
183 8
41 4
9 385
318 3
308 3
298 1
293 4
230 1
461 9
357 4
252 2
258 6
48 223
113 10
358 9
121 5
345 6
76 8
376 4
479 10
215 4
449 3
399 316
196 4
183 1
15 5
5 4
61 6
300 9
87 2
458 8
248 7
331 326
404 8
31 9
383 9
346 7
458 8
94 6
178 3
88 6
88 2
154 439
415 10
430 1
476 3
222 4
470 10
127 2
38 5
425 2
116 3
299 170
130 2
425 5
478 1
447 5
442 4
224 5
366 8
34 10
215 7
237 363
298 10
237 10
392 5
19 5
281 5
391 5
213 8
266 8
106 10
124 394
469 2
394 4
78 2
10 7
224 7
313 10
242 2
354 4
216 7
266 308
231 2
434 7
389 1
474 10
51 4
480 4
254 8
45 1
8 9
413 412
182 7
234 4
190 8
194 4
308 10
453 3
94 6
160 7
222 1
210 425
158 8
403 10
441 8
23 5
193 9
436 5
337 5
387 6
155 1
44 231
127 1
213 7
350 4
127 3
124 1
86 7
377 4
224 5
436 1
333 357
376 3
476 7
268 8
53 8
293 9
46 8
460 8
294 4
127 9
350 202
238 8
287 10
204 8
127 3
99 1
423 4
148 8
333 3
115 2
410 101
447 2
332 4
161 4
228 10
175 2
115 9
134 3
442 4
431 1
101 393
86 4
299 10
113 5
223 3
194 1
194 9
71 9
48 10
170 5
106 56
349 10
292 3
250 2
348 1
305 2
189 10
261 3
180 9
170 4
26 425
466 1
162 4
369 10
119 10
30 4
318 6
124 2
149 4
90 4
136 367
314 5
416 8
4 2
453 10
311 4
257 9
303 1
32 6
25 5
399 218
257 8
122 8
89 10
444 1
106 6
337 4
315 6
442 6
185 1
175 139
34 4
479 2
396 10
232 10
435 3
134 4
292 9
151 8
60 3
418 393
163 5
381 3
363 7
222 9
401 3
195 5
100 3
166 9
319 6
79 339
208 10
447 5
155 9
301 4
194 6
68 6
248 6
217 8
457 6
180 305
318 5
271 3
25 10
88 5
188 8
452 3
103 10
357 6
372 5
277 250
121 10
289 4
292 7
435 9
260 10
367 2
32 5
29 10
195 4
475 417
281 2
179 5
19 1
332 5
305 10
18 10
99 5
95 2
153 9
195 122
282 8
311 7
169 3
166 5
144 9
283 5
458 5
171 3
61 7
251 107
104 8
92 8
207 7
428 6
361 7
278 8
373 3
459 1
352 1
434 311
435 8
193 8
290 5
359 7
278 7
478 5
192 2
295 2
31 7
447 347
471 2
452 4
88 2
267 5
466 8
403 6
360 9
133 6
391 3
440 29
330 5
250 2
368 4
143 7
134 4
103 7
446 5
234 5
172 4
112 99
434 4
44 3
367 4
153 8
411 3
215 4
20 2
235 2
358 4
292 274
478 10
262 1
250 6
228 9
264 8
6 4
445 5
475 9
14 2
319 160
181 9
39 7
406 10
54 7
14 10
100 2
213 1
82 4
263 5
65 428
133 3
301 9
40 9
40 7
121 8
155 5
145 4
343 9
215 9
431 453
296 9
8 2
179 6
267 10
104 4
70 4
410 2
295 4
183 9
76 33
343 4
201 2
343 3
417 6
465 5
427 1
474 6
12 9
356 9
74 147
226 3
398 2
100 3
232 6
362 10
231 10
311 8
427 5
266 10
458 448
6 5
265 10
81 1
11 9
314 4
125 9
204 4
232 3
49 3
117 236
461 1
67 7
177 1
397 1
302 6
160 1
452 4
212 4
100 2
27 451
375 8
107 10
194 3
334 4
434 5
370 3
292 4
152 2
59 1
114 402
110 8
242 6
265 7
253 9
257 1
74 3
48 2
71 1
299 10
349 408
365 7
89 7
183 7
109 2
58 5
358 8
285 7
223 6
390 7
187 148
386 10
380 8
395 8
355 6
358 10
54 10
241 1
204 3
11 7
69 333
400 1
471 10
264 5
463 2
10 5
211 2
378 3
320 10
87 5
463 312
414 8
344 2
380 3
148 7
20 8
205 4
290 1
11 5
417 8
223 412
419 10
229 5
171 7
199 5
474 9
283 10
150 8
188 4
230 8
428 245
72 3
53 5
101 7
202 6
20 7
195 10
297 3
100 9
41 3
28 108
257 6
286 5
317 5
103 6
244 3
207 6
94 6
425 9
202 8
84 360
434 3
26 9
326 2
4 4
191 8
92 9
249 9
447 8
217 5
388 172
346 9
98 9
144 4
58 7
112 10
280 2
306 1
228 8
297 3
335 414
446 1
99 5
335 1
201 10
164 4
196 5
379 2
183 1
160 9
288 215
239 5
102 1
381 4
258 8
307 5
277 10
4 6
122 10
179 7
201 203
431 9
201 4
26 10
312 1
345 2
316 3
87 1
247 5
82 6
432 178
43 8
406 8
23 6
245 6
17 3
7 2
97 4
89 10
268 7
415 312
170 3
421 9
104 1
348 10
234 1
381 2
14 7
349 5
8 10
260 459
429 2
6 6
222 2
5 8
467 7
11 9
105 3
80 5
9 8
375 265
92 6
395 5
319 4
54 10
367 8
95 6
254 5
381 8
125 2
84 76
109 6
68 7
406 4
444 2
35 9
111 5
293 3
125 10
453 4
209 283
356 10
286 10
86 4
63 5
145 10
239 10
128 2
102 3
232 4
98 126
260 7
371 1
442 9
350 2
100 2
154 8
377 8
261 4
242 7
266 97
428 7
417 9
373 9
257 8
332 8
217 1
306 1
148 3
432 4
124 30
320 4
302 1
28 7
145 7
182 8
220 6
450 7
468 1
35 6
7 282
93 8
221 8
126 8
96 4
438 1
145 6
379 6
143 2
376 3
311 41
33 9
103 3
138 2
421 6
201 9
257 2
471 9
121 7
115 8
38 58
254 6
282 4
117 9
22 1
7 5
207 7
286 8
441 8
435 3
234 381
122 8
465 8
467 1
293 2
112 8
346 2
7 7
135 2
282 6
366 190
14 3
113 8
185 8
370 4
101 4
207 8
189 1
253 9
162 7
185 109
366 10
65 6
303 3
461 8
444 8
242 4
309 5
126 10
181 6
331 339
240 2
347 8
129 8
456 2
200 9
365 3
154 9
100 3
342 7
14 135
447 6
163 1
467 2
446 2
270 4
337 7
352 5
204 3
201 7
299 433
370 10
425 10
397 6
121 8
69 10
49 2
435 9
330 4
116 10
28 99
68 9
417 6
12 1
446 8
326 9
31 8
248 7
84 7
369 2
222 134
282 2
85 2
302 8
220 6
237 5
326 9
383 2
68 7
411 5
98 263
313 5
180 3
391 1
221 1
159 3
360 1
13 8
433 3
479 4
398 480
164 1
276 4
386 6
104 3
226 2
226 6
343 7
188 9
93 1
24 418
369 8
453 5
239 5
230 2
371 7
215 9
177 10
88 6
138 10
2 218
2 8
233 8
69 2
328 8
150 1
186 9
45 1
179 4
315 10
416 226
448 5
277 2
312 10
43 7
217 10
434 5
78 4
446 4
169 5
294 147
118 1
41 10
383 5
287 5
359 1
416 7
441 2
322 7
72 8
90 258
71 6
434 4
358 10
420 1
58 9
451 4
416 3
213 3
311 10
234 214
429 5
202 6
416 1
275 10
13 8
431 10
318 4
360 8
117 8
393 101
38 8
100 2
384 10
253 9
337 10
54 8
307 8
84 7
142 7
415 368
308 3
213 3
215 7
163 3
69 4
18 10
33 3
3 9
326 7
190 241
134 2
369 8
323 1
377 3
309 9
123 5
35 10
32 3
395 6
310 145
