60 1000
1 2
2 3
2 4
1 5
1 6
2 7
2 8
4 9
1 10
1 11
4 12
6 13
13 14
1 15
2 16
9 17
6 18
12 19
1 20
13 21
17 22
4 23
20 24
18 25
11 26
3 27
16 28
21 29
13 30
26 31
29 32
2 33
10 34
33 35
2 36
28 37
5 38
16 39
10 40
18 41
24 42
21 43
19 44
11 45
31 46
20 47
2 48
7 49
30 50
39 51
45 52
27 53
13 54
34 55
4 56
48 57
26 58
16 59
24 60
49 6
12 9
57 3
57 3
58 1
25 6
28 6
1 4
38 7
46 42
27 2
9 5
53 8
39 6
44 8
13 7
26 3
21 7
59 9
22 22
38 4
27 5
39 1
47 9
37 1
28 10
14 4
7 9
11 7
56 12
53 1
32 3
14 2
31 4
7 2
48 4
52 10
34 3
6 9
28 11
57 2
49 7
53 8
57 8
23 7
36 6
22 3
5 9
57 10
25 55
17 10
22 9
40 3
46 8
41 8
17 3
3 8
3 2
35 6
4 12
25 8
5 3
5 2
29 8
9 2
38 3
2 8
28 5
12 7
23 16
59 9
3 1
7 6
22 1
45 2
48 1
13 4
11 8
19 1
18 17
2 6
49 8
28 7
34 4
50 5
42 5
17 1
31 1
11 5
43 20
35 9
15 2
40 10
9 6
12 3
21 7
50 3
1 10
14 9
20 52
21 7
35 9
24 9
12 9
55 6
8 10
16 5
4 8
13 8
30 25
18 7
12 8
36 4
20 1
40 10
39 5
5 1
46 7
38 10
31 22
38 8
19 2
60 2
18 4
28 5
58 2
11 6
9 3
30 3
49 15
58 5
49 10
41 2
34 9
17 3
32 8
6 1
42 7
59 8
9 60
17 5
19 7
10 10
10 2
10 10
2 10
46 8
27 2
11 5
56 29
17 7
54 10
29 8
51 9
53 5
53 7
51 10
7 6
41 1
39 46
25 9
35 6
6 1
40 7
45 3
53 7
31 6
38 8
2 4
18 52
60 8
3 1
25 5
15 3
47 2
60 5
22 3
28 10
41 7
39 14
49 9
32 10
41 5
16 9
16 5
30 3
17 2
33 2
36 10
20 44
51 4
31 2
47 7
44 9
48 4
14 8
15 1
16 8
22 7
55 23
30 4
20 4
16 5
52 9
13 9
20 3
56 9
18 3
60 10
25 16
40 10
12 6
57 3
45 3
43 8
21 5
56 10
16 6
26 3
37 30
29 8
45 1
54 2
35 9
54 10
43 5
2 3
22 8
7 10
60 48
26 7
37 4
40 1
30 9
21 5
11 6
26 10
31 4
58 10
50 44
56 5
30 9
60 8
27 5
14 6
6 6
45 9
3 6
53 4
3 43
19 3
26 4
17 4
3 6
60 4
18 4
47 9
7 7
44 6
36 12
40 3
20 2
56 10
22 4
4 4
60 4
27 8
33 7
59 4
46 46
34 10
18 4
59 3
3 3
16 8
60 2
57 4
3 4
2 3
59 42
37 6
27 1
16 7
39 1
49 10
22 7
25 10
14 5
9 9
8 33
24 3
47 3
43 5
50 6
48 4
10 2
55 3
44 6
43 9
3 25
46 8
54 3
29 5
21 7
60 7
37 2
19 10
39 3
51 1
46 43
36 4
2 3
56 6
15 10
32 8
45 6
3 9
46 8
30 2
29 54
57 3
48 10
17 7
56 5
2 7
54 7
37 6
1 3
21 10
40 12
14 8
29 3
7 8
35 6
11 10
42 8
46 10
43 3
18 5
33 25
2 7
34 1
17 6
23 5
42 6
48 9
36 9
51 4
33 8
10 29
33 6
50 4
19 8
29 6
23 2
25 8
16 2
42 2
29 4
58 47
15 5
36 8
59 3
35 8
39 10
14 2
20 8
59 4
18 9
52 31
15 8
36 7
46 8
60 2
60 8
15 6
26 10
56 3
45 1
59 33
34 2
44 1
34 4
40 9
6 6
40 10
41 5
9 1
8 3
36 18
2 7
53 4
25 3
40 2
45 9
49 8
17 9
39 9
58 4
7 44
16 7
36 7
42 7
4 9
54 5
5 5
43 4
44 5
27 6
50 26
33 7
2 7
3 9
54 6
20 8
49 6
58 6
10 5
21 3
36 40
40 9
21 6
38 7
42 8
37 7
24 2
54 8
21 10
3 10
20 35
2 5
28 1
34 7
47 10
60 1
26 10
17 5
50 2
3 9
4 17
33 3
34 3
8 10
58 7
34 7
60 2
7 7
49 2
51 7
8 15
45 7
10 2
19 6
36 3
60 1
13 7
55 8
13 8
41 4
59 22
17 7
54 9
13 7
59 5
58 9
58 1
34 2
55 9
5 3
49 52
58 1
29 2
5 7
52 4
17 1
21 9
38 2
39 7
15 2
51 27
46 1
7 4
7 7
46 4
58 7
43 3
8 9
1 9
15 4
33 56
31 7
33 7
19 9
59 6
28 10
46 7
35 2
9 10
20 2
42 50
43 4
40 6
11 6
5 4
9 5
6 1
32 8
10 6
47 10
60 47
46 8
58 5
11 9
50 4
56 9
53 9
33 2
59 1
41 6
36 54
40 10
43 9
8 8
22 7
45 4
10 9
29 8
7 9
50 4
49 42
2 9
54 5
20 4
20 1
38 1
9 7
5 10
33 2
12 1
57 59
47 1
31 2
45 3
24 9
43 9
45 4
45 1
38 2
26 7
10 24
60 5
41 8
45 4
48 8
3 2
8 6
52 3
35 4
59 10
1 27
53 9
3 7
32 3
11 7
58 5
18 4
3 7
59 5
60 9
60 33
32 7
24 1
17 3
36 9
25 9
12 5
31 7
39 9
48 10
20 58
26 10
43 2
59 4
52 7
59 3
19 4
38 7
30 6
5 4
45 33
36 7
9 7
54 5
11 3
1 3
24 8
56 1
27 8
34 2
40 31
2 10
29 5
6 5
53 8
41 9
7 4
50 6
43 10
45 4
5 37
8 8
19 7
24 4
53 8
2 3
19 3
8 8
14 8
39 8
21 27
56 6
48 7
13 10
17 8
53 2
29 2
25 6
50 2
44 10
17 54
19 10
50 10
31 7
10 3
13 10
57 5
15 1
25 9
31 6
46 56
23 10
23 5
27 1
36 8
55 8
9 4
8 6
15 8
19 5
7 38
26 7
2 4
11 2
25 5
2 6
25 4
1 6
12 4
16 3
54 56
15 9
7 10
15 7
34 9
46 10
54 10
50 8
59 5
51 10
58 57
12 3
39 1
24 6
6 4
26 4
25 4
36 2
56 4
37 5
34 60
30 7
59 5
37 9
16 5
36 5
45 4
44 3
6 5
56 8
5 29
8 10
12 2
17 8
4 4
23 4
36 4
50 3
56 4
2 9
56 42
22 3
26 7
5 2
26 6
44 6
28 5
21 6
31 4
14 7
3 36
35 2
36 2
15 8
9 7
29 10
16 5
23 4
25 8
13 8
8 53
4 6
5 6
39 6
32 1
10 4
46 6
20 7
56 2
55 1
42 47
7 5
23 3
4 2
12 5
17 4
53 4
22 4
19 7
48 10
9 56
41 6
50 1
59 1
43 2
36 2
35 4
40 1
3 10
34 2
9 37
1 1
45 4
33 6
11 5
9 10
17 7
57 10
31 8
12 10
23 51
42 8
6 7
26 10
49 1
46 8
11 5
47 9
37 6
47 2
34 48
37 7
53 10
4 1
16 9
26 6
19 8
60 9
13 7
36 3
42 36
19 3
8 3
47 7
21 1
11 4
53 1
12 5
38 4
44 5
4 18
42 2
3 8
17 8
18 9
46 2
7 4
4 2
60 7
38 8
23 39
58 1
57 9
54 7
28 8
3 2
9 6
3 7
53 6
5 9
33 38
21 4
44 5
3 9
46 6
18 8
33 2
54 3
51 2
55 7
43 30
16 4
44 6
2 2
55 4
8 1
8 5
60 7
45 8
51 4
45 13
51 7
45 3
32 6
10 9
30 3
26 7
16 1
40 8
27 3
53 38
38 8
26 6
1 4
21 10
53 1
14 4
58 6
3 3
5 6
47 60
16 5
35 10
34 5
27 2
11 3
10 10
38 4
14 9
2 6
25 56
14 1
50 6
9 10
39 1
52 10
31 8
10 1
50 7
45 4
21 25
22 6
58 5
47 1
20 2
49 5
2 8
14 9
39 10
42 7
52 29
40 4
41 2
34 7
11 1
40 9
45 1
22 9
23 3
9 5
8 34
49 5
37 10
28 1
25 10
1 10
27 6
41 6
41 9
47 5
46 17
53 5
54 4
36 7
15 10
13 10
22 8
35 10
2 10
56 4
19 33
40 8
14 2
54 5
1 5
57 3
56 5
17 3
60 7
14 4
27 23
20 7
23 7
35 7
29 6
35 4
22 1
39 7
18 1
8 7
48 46
38 5
39 1
13 10
5 7
38 7
27 6
29 3
60 9
13 9
45 40
1 5
28 6
33 8
18 8
5 3
27 3
52 3
33 2
39 3
47 23
24 7
25 3
51 5
59 6
59 2
2 9
22 4
55 9
43 5
1 13
60 1
40 2
41 7
10 2
4 4
54 4
27 4
50 8
5 9
18 51
30 8
54 6
44 6
31 2
20 9
32 10
5 3
35 5
53 1
43 30
57 7
11 9
35 4
2 2
19 7
14 9
14 7
54 9
47 3
59 54
26 2
23 2
34 10
19 5
6 2
53 8
52 8
51 7
8 4
14 24
