688 1000
1 2
1 3
3 4
4 5
5 6
6 7
4 8
2 9
8 10
10 11
9 12
3 13
13 14
1 15
1 16
13 17
12 18
12 19
9 20
16 21
20 22
15 23
21 24
11 25
20 26
15 27
13 28
25 29
8 30
16 31
18 32
3 33
6 34
26 35
27 36
16 37
21 38
17 39
12 40
34 41
40 42
28 43
34 44
32 45
19 46
45 47
11 48
44 49
29 50
8 51
9 52
48 53
39 54
12 55
20 56
45 57
31 58
32 59
33 60
50 61
23 62
1 63
60 64
27 65
58 66
28 67
54 68
26 69
59 70
38 71
7 72
62 73
25 74
38 75
12 76
62 77
45 78
51 79
63 80
64 81
52 82
28 83
71 84
16 85
78 86
17 87
34 88
12 89
56 90
48 91
51 92
66 93
66 94
88 95
14 96
44 97
14 98
20 99
7 100
64 101
71 102
44 103
91 104
4 105
81 106
101 107
33 108
57 109
27 110
29 111
18 112
70 113
67 114
77 115
70 116
19 117
32 118
34 119
72 120
105 121
51 122
81 123
29 124
30 125
85 126
38 127
60 128
21 129
120 130
115 131
17 132
41 133
84 134
31 135
110 136
72 137
54 138
105 139
22 140
93 141
59 142
95 143
34 144
37 145
15 146
23 147
118 148
28 149
60 150
50 151
74 152
151 153
120 154
33 155
28 156
114 157
128 158
19 159
135 160
30 161
120 162
158 163
11 164
159 165
150 166
9 167
47 168
103 169
123 170
52 171
72 172
20 173
170 174
126 175
71 176
175 177
30 178
136 179
87 180
63 181
141 182
146 183
110 184
178 185
185 186
132 187
135 188
3 189
36 190
59 191
160 192
80 193
184 194
157 195
64 196
117 197
183 198
143 199
186 200
31 201
144 202
16 203
6 204
49 205
158 206
154 207
205 208
54 209
128 210
191 211
7 212
53 213
195 214
188 215
22 216
78 217
163 218
131 219
201 220
65 221
124 222
166 223
44 224
199 225
53 226
165 227
24 228
213 229
203 230
162 231
124 232
203 233
39 234
29 235
55 236
171 237
173 238
206 239
105 240
116 241
233 242
7 243
94 244
147 245
185 246
71 247
100 248
141 249
131 250
116 251
2 252
236 253
92 254
38 255
112 256
198 257
61 258
48 259
74 260
3 261
4 262
144 263
31 264
252 265
186 266
113 267
65 268
174 269
124 270
97 271
95 272
157 273
67 274
259 275
111 276
78 277
16 278
91 279
181 280
175 281
25 282
235 283
217 284
215 285
203 286
282 287
130 288
232 289
93 290
261 291
134 292
286 293
162 294
1 295
224 296
88 297
138 298
276 299
206 300
40 301
145 302
96 303
278 304
270 305
127 306
42 307
250 308
140 309
302 310
194 311
154 312
158 313
281 314
220 315
139 316
167 317
253 318
182 319
11 320
253 321
213 322
313 323
62 324
20 325
28 326
281 327
70 328
48 329
196 330
247 331
241 332
17 333
178 334
296 335
224 336
78 337
31 338
268 339
250 340
178 341
240 342
59 343
130 344
309 345
171 346
39 347
29 348
152 349
117 350
214 351
148 352
91 353
258 354
307 355
106 356
170 357
156 358
272 359
123 360
175 361
17 362
263 363
220 364
193 365
110 366
214 367
62 368
268 369
223 370
268 371
369 372
109 373
359 374
74 375
77 376
370 377
254 378
186 379
110 380
372 381
279 382
161 383
109 384
193 385
65 386
334 387
61 388
23 389
205 390
61 391
173 392
235 393
365 394
205 395
299 396
36 397
293 398
143 399
201 400
293 401
234 402
116 403
337 404
221 405
22 406
290 407
90 408
130 409
8 410
70 411
47 412
48 413
272 414
382 415
151 416
28 417
102 418
97 419
227 420
33 421
308 422
205 423
313 424
372 425
6 426
218 427
30 428
62 429
243 430
102 431
347 432
291 433
396 434
113 435
403 436
391 437
293 438
219 439
186 440
172 441
399 442
237 443
112 444
150 445
348 446
98 447
222 448
26 449
187 450
79 451
17 452
407 453
86 454
186 455
109 456
26 457
102 458
34 459
62 460
141 461
180 462
14 463
328 464
260 465
178 466
449 467
368 468
408 469
262 470
280 471
177 472
147 473
227 474
463 475
467 476
472 477
431 478
380 479
439 480
324 481
57 482
330 483
164 484
185 485
57 486
444 487
14 488
30 489
346 490
354 491
371 492
451 493
145 494
180 495
202 496
127 497
435 498
310 499
250 500
171 501
108 502
48 503
382 504
418 505
436 506
298 507
340 508
25 509
365 510
470 511
389 512
184 513
56 514
507 515
130 516
505 517
291 518
297 519
447 520
255 521
119 522
426 523
126 524
16 525
450 526
20 527
516 528
231 529
364 530
147 531
384 532
513 533
485 534
372 535
121 536
49 537
74 538
43 539
489 540
80 541
392 542
439 543
21 544
126 545
408 546
125 547
82 548
156 549
385 550
182 551
289 552
546 553
255 554
74 555
350 556
184 557
543 558
247 559
243 560
22 561
143 562
235 563
453 564
90 565
439 566
145 567
3 568
117 569
86 570
283 571
426 572
67 573
358 574
249 575
355 576
227 577
315 578
246 579
419 580
67 581
578 582
89 583
43 584
224 585
443 586
443 587
239 588
479 589
129 590
485 591
459 592
583 593
465 594
240 595
269 596
195 597
108 598
32 599
238 600
197 601
65 602
326 603
391 604
453 605
199 606
149 607
578 608
466 609
436 610
155 611
356 612
176 613
311 614
165 615
303 616
162 617
108 618
556 619
409 620
325 621
190 622
594 623
495 624
458 625
203 626
151 627
17 628
569 629
16 630
566 631
351 632
273 633
188 634
410 635
344 636
57 637
528 638
221 639
624 640
112 641
517 642
552 643
354 644
391 645
276 646
71 647
358 648
517 649
569 650
72 651
554 652
592 653
253 654
317 655
495 656
235 657
302 658
435 659
19 660
50 661
273 662
163 663
346 664
592 665
170 666
517 667
104 668
80 669
470 670
311 671
138 672
516 673
75 674
96 675
506 676
24 677
362 678
678 679
308 680
593 681
364 682
70 683
353 684
46 685
145 686
615 687
673 688
269 6
11 9
440 4
272 6
400 9
313 1
124 10
46 3
32 9
67 462
450 10
371 1
243 3
448 8
685 2
607 8
328 3
79 10
507 9
477 313
337 3
107 2
646 4
581 8
428 8
536 9
249 2
514 2
646 7
307 628
611 1
546 10
496 10
651 5
673 1
540 8
81 2
129 3
547 2
441 573
453 9
34 10
228 9
73 10
504 6
300 4
546 1
638 4
189 10
507 513
581 1
466 8
631 6
96 3
60 3
513 3
39 5
119 8
244 10
551 423
392 8
428 1
63 8
330 1
444 5
611 5
156 9
538 9
118 8
28 255
436 5
105 3
44 3
127 9
346 10
371 6
134 1
448 4
1 9
240 475
495 1
640 3
133 3
611 4
185 10
308 2
162 8
224 5
67 8
343 381
277 7
127 7
658 8
201 8
36 2
586 7
22 5
128 8
96 8
215 354
485 9
264 4
470 9
312 3
556 4
4 1
565 4
108 5
368 10
196 114
375 7
366 10
214 10
356 10
7 6
661 9
529 7
99 7
263 8
481 589
142 8
54 1
352 5
625 10
163 1
614 3
523 3
83 10
400 9
175 442
258 6
632 7
16 4
542 1
226 4
132 9
202 7
569 9
505 2
632 373
543 9
535 7
227 3
226 3
370 5
209 9
5 10
597 4
486 7
73 99
140 6
307 4
7 1
442 7
464 8
245 4
272 5
2 5
61 6
3 15
132 1
342 2
372 10
70 1
166 1
364 9
628 8
626 3
10 1
90 223
330 7
1 6
33 4
124 7
431 1
477 9
80 4
451 10
131 10
267 190
463 9
159 5
623 5
328 9
607 8
305 6
378 7
371 6
412 1
626 180
42 10
352 1
637 10
10 3
156 1
644 1
222 7
183 7
424 1
275 633
19 7
74 6
511 10
594 9
261 8
356 3
453 3
391 4
588 3
503 89
244 10
405 7
657 2
434 5
246 8
270 3
402 6
186 9
195 8
42 597
118 6
576 5
481 9
424 8
411 4
176 8
69 4
305 7
336 1
95 524
331 6
489 1
237 1
505 9
297 1
517 2
577 3
312 6
637 3
655 74
59 5
82 5
221 6
214 8
135 5
295 3
150 4
152 6
102 4
75 45
596 2
222 7
372 2
570 2
58 8
478 4
484 1
428 9
65 7
286 451
326 10
263 1
73 8
317 7
217 3
684 9
636 7
124 3
281 3
31 618
216 7
53 1
24 7
49 2
566 3
663 2
614 10
509 6
160 9
70 456
200 1
64 2
451 7
506 10
270 1
276 7
15 10
653 9
123 6
251 196
252 9
91 9
576 10
570 3
269 4
525 7
621 4
374 8
581 6
438 660
616 5
336 8
392 2
330 4
659 1
61 2
172 6
576 9
31 4
302 634
368 8
92 6
323 7
129 10
543 10
77 2
283 2
464 1
187 5
553 452
358 9
685 10
567 4
244 2
124 10
596 1
659 9
240 10
56 9
191 684
532 8
569 8
384 1
182 7
208 6
441 1
436 1
538 8
186 9
266 528
144 10
218 4
29 3
412 9
430 6
8 7
607 6
386 2
86 8
345 356
159 4
206 4
600 3
34 9
370 3
536 5
510 7
140 7
578 2
631 554
532 8
317 6
185 6
387 4
286 7
445 1
84 7
590 9
500 7
18 172
452 10
251 5
368 1
209 2
235 7
447 9
236 10
252 7
195 2
478 366
470 8
685 8
435 3
7 4
25 8
85 4
662 9
161 1
319 6
242 16
351 3
285 10
387 9
606 6
272 3
22 8
647 1
221 8
671 7
35 233
657 6
444 9
228 1
243 10
251 10
480 6
264 10
674 1
270 10
162 326
486 7
449 5
284 7
489 2
134 4
190 10
101 2
596 4
163 4
644 537
370 10
411 8
603 1
542 7
566 4
208 1
586 7
641 7
285 6
168 680
17 6
343 6
212 1
227 4
294 4
149 2
490 2
584 8
236 8
311 173
488 1
558 2
188 6
352 10
354 8
117 10
531 1
97 10
193 1
91 529
528 4
49 8
16 10
624 6
469 4
18 9
170 9
338 6
581 2
243 194
24 2
489 4
119 10
680 2
71 7
402 1
307 7
6 1
469 6
528 644
418 2
286 5
358 10
502 4
44 5
133 3
479 6
52 8
579 5
117 510
658 5
467 2
641 7
382 8
359 10
466 9
190 6
298 3
289 1
533 259
619 5
368 8
668 3
270 6
323 4
362 5
639 5
404 5
460 8
32 503
457 10
317 1
576 9
428 9
355 2
439 1
473 2
432 9
206 2
127 370
169 6
406 4
240 3
687 8
338 9
305 1
642 9
645 6
350 8
256 373
224 4
393 6
647 6
665 5
546 1
239 7
557 6
415 9
45 3
453 395
253 1
81 2
18 9
175 6
410 5
164 9
337 10
589 7
275 7
2 13
424 9
418 7
320 3
444 5
506 9
14 5
569 1
529 9
21 6
345 212
541 5
233 8
369 8
656 8
611 2
133 4
116 7
218 9
237 1
312 104
257 1
206 9
78 2
84 1
513 8
214 5
486 8
456 2
524 9
393 100
235 7
58 1
542 8
438 3
428 1
310 9
215 1
602 7
68 5
316 399
272 4
485 10
307 2
637 7
466 3
655 6
193 8
271 1
271 6
120 11
111 1
360 9
363 5
54 7
569 9
502 3
466 7
382 5
256 6
621 99
313 3
122 10
130 7
434 8
682 1
487 6
457 10
621 10
469 5
317 378
49 1
638 8
197 3
688 9
492 4
422 10
96 8
13 7
115 2
403 307
307 10
602 10
686 9
487 5
184 2
268 7
42 6
291 7
269 10
244 438
278 7
523 8
55 8
53 5
629 8
658 5
554 9
131 5
158 10
635 499
358 1
570 1
176 1
230 8
480 9
43 9
583 9
187 3
317 7
588 150
366 2
684 5
452 10
632 8
478 3
334 7
518 9
109 4
397 4
306 295
421 6
260 1
86 5
278 3
427 4
488 7
402 1
384 6
512 9
354 155
76 2
258 6
461 3
401 3
121 7
561 2
284 6
663 9
309 7
430 150
70 7
394 5
146 5
619 7
599 9
372 2
638 10
197 6
371 1
684 316
202 10
371 9
285 7
13 7
608 4
82 4
143 1
240 7
684 6
14 580
2 10
254 7
252 3
442 7
654 8
622 7
367 10
104 2
127 3
311 513
251 10
248 4
389 4
7 2
229 8
598 1
489 10
632 4
454 2
293 512
63 9
25 2
184 2
13 9
576 7
162 8
509 2
432 5
373 5
491 675
567 9
155 4
463 9
155 2
240 10
311 5
541 8
129 5
384 1
151 664
55 4
74 4
287 10
470 6
171 3
175 10
639 8
310 6
567 10
515 518
554 10
471 1
443 6
105 4
160 2
609 2
591 2
424 10
468 6
69 543
202 5
89 5
633 10
363 2
504 2
256 4
391 3
244 9
139 5
120 189
139 7
71 4
409 7
465 5
341 10
234 7
134 4
455 1
395 9
559 427
58 7
94 4
552 6
91 4
616 7
48 7
580 8
410 3
680 5
68 97
168 5
625 10
80 8
221 8
50 2
616 9
39 6
12 6
406 10
347 632
468 3
369 5
687 2
89 9
305 6
643 10
673 4
24 2
671 8
358 336
355 3
73 4
527 3
653 1
211 5
297 9
61 6
311 1
293 9
388 461
607 8
622 6
173 9
216 8
470 3
60 2
654 2
211 4
356 5
521 333
108 5
182 9
554 9
642 10
476 6
559 10
16 6
315 9
440 1
63 57
423 6
612 6
172 7
438 2
411 3
336 10
548 3
248 2
71 10
290 375
381 6
287 8
453 9
173 3
122 10
377 8
295 3
637 4
624 7
588 660
468 6
107 3
317 6
615 4
539 6
521 2
190 2
578 4
249 9
293 134
308 5
63 1
176 1
149 9
500 9
158 10
118 9
170 9
622 2
200 453
78 6
677 8
18 10
385 6
168 8
70 6
284 8
478 9
72 10
87 663
237 10
54 2
403 2
508 5
623 3
329 7
467 4
554 8
357 4
157 553
542 9
353 8
384 3
27 5
649 1
140 5
654 4
403 9
371 4
655 202
439 1
596 3
381 10
653 4
164 4
343 4
416 8
354 1
638 9
529 567
278 1
173 4
510 9
235 8
176 7
241 1
222 3
71 3
634 4
396 244
158 6
22 7
30 5
620 2
360 4
605 7
9 4
286 4
384 6
115 302
143 9
320 8
467 3
303 6
86 7
105 6
510 8
77 10
235 10
402 485
658 5
76 3
290 5
552 2
72 3
519 1
504 5
501 10
570 10
569 468
551 8
582 3
106 9
135 6
347 6
37 3
87 9
341 7
659 3
566 304
680 10
59 10
530 10
308 1
655 9
172 6
200 9
341 4
577 2
179 133
545 8
373 1
56 6
563 3
505 5
373 4
617 5
648 1
388 9
288 76
88 10
462 6
512 5
78 2
200 9
227 8
345 10
670 2
297 3
549 268
