401 1000
1 2
2 3
2 4
2 5
1 6
3 7
6 8
4 9
4 10
5 11
3 12
8 13
3 14
6 15
13 16
12 17
16 18
18 19
1 20
4 21
7 22
11 23
5 24
2 25
4 26
15 27
17 28
2 29
1 30
21 31
30 32
20 33
28 34
20 35
27 36
2 37
33 38
17 39
9 40
5 41
21 42
18 43
40 44
28 45
25 46
42 47
3 48
8 49
2 50
13 51
46 52
37 53
49 54
53 55
38 56
8 57
16 58
9 59
41 60
55 61
58 62
18 63
62 64
25 65
57 66
43 67
48 68
53 69
29 70
67 71
70 72
20 73
26 74
26 75
34 76
55 77
59 78
47 79
63 80
80 81
65 82
54 83
32 84
39 85
31 86
9 87
85 88
29 89
56 90
69 91
54 92
4 93
6 94
11 95
51 96
59 97
22 98
44 99
70 100
36 101
74 102
43 103
84 104
40 105
32 106
104 107
77 108
66 109
12 110
41 111
91 112
77 113
5 114
97 115
69 116
96 117
2 118
79 119
83 120
114 121
115 122
51 123
88 124
59 125
5 126
93 127
13 128
100 129
56 130
31 131
63 132
107 133
50 134
9 135
55 136
48 137
66 138
114 139
88 140
46 141
50 142
100 143
136 144
49 145
138 146
13 147
133 148
135 149
145 150
54 151
10 152
77 153
96 154
24 155
84 156
8 157
16 158
121 159
78 160
137 161
122 162
40 163
6 164
36 165
8 166
164 167
131 168
109 169
57 170
47 171
51 172
124 173
91 174
21 175
138 176
111 177
16 178
74 179
168 180
162 181
113 182
103 183
50 184
149 185
3 186
101 187
169 188
71 189
66 190
75 191
20 192
190 193
68 194
69 195
34 196
67 197
142 198
189 199
117 200
159 201
71 202
83 203
144 204
60 205
158 206
88 207
102 208
127 209
126 210
190 211
205 212
34 213
108 214
33 215
123 216
100 217
37 218
176 219
193 220
208 221
186 222
43 223
59 224
5 225
66 226
81 227
20 228
162 229
38 230
168 231
73 232
90 233
182 234
107 235
29 236
194 237
122 238
47 239
191 240
47 241
55 242
230 243
207 244
60 245
164 246
150 247
246 248
95 249
247 250
134 251
153 252
48 253
208 254
80 255
89 256
62 257
139 258
106 259
242 260
12 261
213 262
255 263
215 264
110 265
174 266
16 267
219 268
174 269
162 270
190 271
86 272
238 273
88 274
82 275
165 276
85 277
246 278
256 279
191 280
176 281
127 282
26 283
137 284
162 285
44 286
183 287
202 288
135 289
126 290
16 291
123 292
282 293
27 294
94 295
135 296
36 297
249 298
76 299
55 300
233 301
171 302
199 303
170 304
243 305
80 306
77 307
225 308
199 309
46 310
227 311
57 312
310 313
209 314
236 315
172 316
191 317
287 318
302 319
134 320
123 321
240 322
170 323
236 324
214 325
174 326
159 327
148 328
293 329
67 330
103 331
297 332
227 333
154 334
19 335
327 336
214 337
180 338
298 339
271 340
101 341
310 342
138 343
334 344
229 345
40 346
92 347
196 348
306 349
332 350
199 351
140 352
35 353
154 354
268 355
351 356
289 357
327 358
146 359
222 360
284 361
74 362
318 363
339 364
150 365
219 366
37 367
85 368
129 369
299 370
38 371
147 372
269 373
328 374
180 375
80 376
296 377
75 378
79 379
283 380
40 381
33 382
63 383
313 384
23 385
339 386
242 387
268 388
187 389
95 390
272 391
193 392
286 393
255 394
243 395
107 396
320 397
380 398
378 399
32 400
220 401
295 7
135 7
361 1
275 4
18 10
212 4
170 2
245 7
285 6
327 152
188 1
134 7
287 7
390 10
174 6
3 4
31 8
354 9
223 1
75 329
86 8
92 5
179 3
375 7
288 7
325 4
60 5
222 8
273 9
94 379
250 8
19 1
33 2
320 2
35 3
230 10
191 10
257 10
341 2
201 289
265 3
371 9
159 6
265 8
212 1
236 8
227 7
355 10
162 9
191 54
189 10
302 6
82 8
190 1
71 1
313 10
88 2
45 5
95 1
350 109
204 5
144 8
347 10
377 1
56 6
311 2
338 3
366 7
195 5
263 127
223 2
213 8
20 4
127 10
339 10
127 2
274 8
324 3
95 7
395 282
59 8
203 2
251 1
83 5
86 4
150 9
290 5
16 8
71 1
150 209
135 6
84 6
92 7
124 10
158 2
236 1
97 10
332 5
371 6
27 275
148 7
9 6
124 2
347 3
293 3
290 7
301 1
298 3
315 6
196 21
229 9
354 3
62 3
186 6
324 10
286 4
168 3
26 8
32 6
354 290
323 8
320 5
147 2
342 1
220 9
58 10
201 9
29 7
104 3
120 296
303 8
103 6
385 4
320 10
166 10
215 5
105 5
360 4
291 10
351 249
25 7
322 7
227 6
370 10
379 1
261 9
21 8
86 8
90 6
361 86
198 10
100 4
312 4
320 1
397 6
46 7
297 1
108 2
39 8
267 185
184 1
80 2
288 4
40 9
370 9
360 4
247 6
374 10
40 5
268 68
115 6
276 5
76 2
261 1
377 2
63 3
13 3
311 5
146 6
363 305
18 9
314 10
70 8
190 10
352 9
171 3
282 9
138 7
124 6
268 173
155 9
131 6
55 3
265 6
28 1
398 10
112 7
119 10
321 8
358 45
180 8
33 6
30 9
212 8
105 9
286 4
43 1
196 9
291 1
107 112
388 9
77 10
139 3
107 9
208 8
142 2
377 9
124 8
128 9
148 351
142 2
377 4
9 2
284 3
290 9
233 4
368 2
207 5
227 6
245 83
199 6
289 6
78 9
85 4
8 7
260 2
129 1
359 6
35 5
217 400
319 1
102 2
115 4
48 9
220 10
220 9
391 3
380 10
161 5
282 79
364 9
117 8
70 9
264 3
190 8
105 8
286 2
185 9
203 6
291 374
103 6
238 10
310 6
253 1
52 5
360 5
388 7
297 1
194 5
75 354
291 5
347 5
257 5
55 8
23 3
9 2
206 10
286 10
29 1
51 252
222 8
190 2
50 1
7 7
178 5
357 8
361 6
56 7
13 4
241 345
320 8
315 4
171 9
131 10
221 6
103 5
16 10
235 10
103 1
62 29
125 2
169 8
73 10
202 4
114 7
223 10
173 2
301 6
228 10
311 261
167 4
220 1
109 1
93 1
289 2
144 1
185 1
395 7
266 5
17 13
14 3
24 3
232 4
134 6
263 6
152 8
237 1
128 6
377 2
168 205
18 5
157 8
123 10
251 9
83 1
33 2
122 10
143 4
303 5
266 355
36 2
350 10
216 3
9 2
154 7
13 6
219 10
243 4
128 6
264 30
98 6
351 4
86 2
202 7
306 8
160 3
378 9
101 2
291 3
19 264
278 2
299 3
31 6
302 5
24 1
26 8
137 4
98 1
259 6
200 334
147 7
232 5
171 2
362 7
155 3
321 3
295 10
144 7
6 7
110 242
385 1
312 3
217 5
305 4
260 9
90 3
157 4
271 10
285 6
163 16
85 6
101 8
326 9
362 8
199 9
37 9
4 6
342 9
376 8
92 125
274 2
362 10
202 1
60 6
263 1
42 8
130 1
14 4
16 4
274 326
324 7
310 4
44 1
25 5
319 9
360 4
333 3
196 2
237 3
98 318
145 2
325 3
90 8
94 9
142 3
166 9
336 5
152 8
329 7
343 276
364 2
178 4
166 5
275 8
207 6
177 8
258 4
190 1
261 1
106 284
387 3
151 7
371 3
173 8
166 2
115 4
292 2
271 5
32 9
224 336
267 10
325 7
186 7
340 3
304 10
398 1
364 3
36 10
359 10
314 23
282 4
4 6
66 9
49 1
351 9
247 10
232 5
293 4
310 1
63 262
347 10
308 9
190 6
131 2
134 2
26 10
399 1
28 5
41 9
329 152
43 7
196 6
85 1
94 5
344 2
206 9
192 3
139 10
167 3
306 390
268 1
213 1
219 6
304 6
355 5
23 8
326 4
216 6
250 8
67 218
269 4
388 1
94 8
398 10
235 5
207 8
108 4
69 1
324 5
361 222
144 8
152 1
13 9
297 5
328 1
149 7
388 9
309 1
324 1
59 325
235 4
31 9
379 2
182 8
396 7
38 3
297 8
65 7
235 8
133 239
183 9
228 2
261 3
204 4
150 4
366 10
284 5
51 9
299 8
103 236
135 7
341 5
50 7
374 5
31 2
281 2
141 4
191 10
22 10
205 121
56 10
250 8
4 8
343 3
397 2
170 5
340 8
326 4
235 3
372 181
190 7
241 6
82 10
378 10
327 1
150 2
234 7
27 2
267 4
364 296
6 7
136 9
261 8
48 3
210 2
163 9
49 2
272 3
401 4
154 255
213 4
317 10
368 7
351 10
264 5
108 5
340 6
287 2
97 8
69 99
212 4
202 10
42 6
355 3
394 10
301 6
104 10
221 10
156 2
347 29
291 3
228 6
344 2
330 6
43 7
108 4
12 7
269 3
280 8
231 369
312 2
80 1
5 5
310 1
67 4
226 6
336 4
307 7
313 4
207 62
193 3
106 9
88 4
135 5
313 10
379 3
263 4
230 3
215 2
59 186
134 2
94 9
27 3
239 4
214 3
352 7
349 6
52 1
4 3
331 317
311 5
62 5
373 9
289 2
52 6
181 7
186 6
301 3
112 1
304 361
241 7
74 3
99 9
123 4
49 8
83 10
349 4
190 6
156 3
353 75
271 1
382 6
274 4
321 1
54 9
174 5
390 10
311 5
138 9
287 336
196 6
137 4
160 6
374 5
282 9
288 4
208 9
22 3
91 1
348 27
53 9
320 4
31 4
304 4
239 4
270 4
390 3
277 10
47 4
355 142
259 3
317 4
301 3
285 2
224 9
345 7
209 7
187 7
250 9
86 196
305 5
322 9
131 6
44 6
208 8
61 2
46 10
113 7
327 7
284 376
230 1
182 9
273 6
320 7
155 5
315 8
250 1
399 7
336 6
202 336
231 10
163 3
93 4
338 7
83 2
243 1
17 8
232 8
306 2
387 27
109 3
56 3
287 4
247 5
325 7
215 4
242 3
36 7
319 10
390 352
101 8
22 3
159 3
24 6
239 2
115 2
77 7
266 1
215 8
275 320
140 9
1 2
324 10
277 8
396 3
254 8
322 7
342 3
165 8
111 252
174 4
185 10
255 3
83 10
224 8
212 1
322 5
77 1
83 10
364 130
328 10
316 7
227 10
193 1
249 8
371 10
84 1
163 5
377 9
355 349
117 1
239 7
376 10
351 9
158 8
69 8
323 10
76 2
220 2
296 208
263 10
325 4
131 1
11 5
107 2
56 10
378 5
175 7
332 3
221 202
382 8
200 7
371 2
326 10
77 1
248 7
67 5
242 4
261 9
276 161
12 2
108 7
18 3
106 5
94 1
197 1
130 1
17 8
299 7
357 315
353 8
305 4
379 8
364 1
223 4
137 9
384 6
132 10
177 3
42 301
337 10
130 10
4 3
305 6
250 1
65 9
348 4
103 2
102 5
338 336
29 10
231 10
189 8
201 3
323 10
251 9
120 9
340 6
373 2
26 140
68 10
174 5
122 2
237 6
54 2
322 7
351 7
256 2
44 9
126 112
78 2
370 5
76 7
320 8
294 1
88 8
149 7
54 5
121 3
307 330
76 3
292 8
245 5
356 6
313 2
132 5
336 2
306 4
259 2
238 175
207 2
373 1
230 3
183 4
328 3
157 2
136 5
24 7
281 2
131 355
400 1
3 4
224 7
117 5
40 10
211 6
394 1
280 1
37 5
89 96
252 2
107 3
171 10
127 8
174 10
184 8
357 10
356 5
149 7
385 69
236 7
108 5
60 4
71 7
116 4
137 8
389 8
128 2
227 4
320 311
223 6
270 8
60 2
145 3
370 9
84 5
294 3
36 1
246 8
137 132
309 4
71 6
388 7
336 9
193 2
368 2
355 1
257 2
52 4
112 238
394 5
118 5
73 8
367 8
398 2
381 6
176 6
75 9
9 7
384 31
389 3
325 6
189 2
101 7
59 8
235 6
4 2
297 4
58 9
6 113
14 10
182 8
185 10
35 4
55 10
253 7
100 8
338 7
43 8
232 27
133 8
144 10
65 7
391 10
372 1
214 4
32 9
379 7
389 2
373 176
178 7
254 5
398 7
37 4
28 9
366 8
253 3
147 8
153 7
38 166
162 8
261 5
398 3
129 7
19 8
367 6
77 5
331 5
166 2
90 170
