312 1000
1 2
1 3
1 4
4 5
2 6
3 7
4 8
3 9
1 10
10 11
5 12
6 13
11 14
10 15
14 16
6 17
6 18
2 19
1 20
5 21
2 22
14 23
12 24
15 25
21 26
23 27
25 28
26 29
7 30
17 31
19 32
22 33
17 34
20 35
31 36
6 37
6 38
32 39
13 40
38 41
15 42
36 43
32 44
39 45
17 46
17 47
25 48
41 49
6 50
40 51
27 52
17 53
13 54
34 55
24 56
28 57
19 58
6 59
27 60
34 61
12 62
13 63
18 64
38 65
46 66
64 67
30 68
68 69
31 70
41 71
27 72
2 73
67 74
1 75
67 76
37 77
7 78
35 79
19 80
49 81
31 82
64 83
61 84
82 85
48 86
2 87
8 88
88 89
87 90
48 91
39 92
87 93
15 94
29 95
36 96
8 97
38 98
45 99
52 100
17 101
95 102
40 103
10 104
17 105
34 106
14 107
22 108
23 109
35 110
36 111
18 112
78 113
41 114
30 115
76 116
109 117
25 118
50 119
119 120
110 121
84 122
3 123
9 124
17 125
6 126
80 127
56 128
64 129
104 130
78 131
32 132
8 133
114 134
70 135
42 136
9 137
75 138
89 139
37 140
37 141
34 142
64 143
35 144
123 145
36 146
1 147
45 148
50 149
15 150
125 151
86 152
52 153
145 154
54 155
73 156
149 157
49 158
36 159
90 160
40 161
135 162
151 163
150 164
35 165
1 166
164 167
161 168
132 169
143 170
1 171
87 172
29 173
103 174
114 175
81 176
65 177
55 178
80 179
57 180
140 181
142 182
18 183
164 184
143 185
28 186
175 187
19 188
145 189
185 190
176 191
74 192
57 193
121 194
70 195
192 196
153 197
107 198
67 199
80 200
100 201
45 202
90 203
155 204
91 205
109 206
8 207
149 208
145 209
185 210
20 211
98 212
46 213
40 214
178 215
47 216
104 217
36 218
45 219
172 220
193 221
116 222
139 223
77 224
75 225
116 226
191 227
103 228
156 229
192 230
71 231
106 232
198 233
184 234
37 235
177 236
125 237
131 238
157 239
175 240
158 241
100 242
29 243
234 244
24 245
46 246
203 247
88 248
51 249
51 250
77 251
82 252
62 253
78 254
176 255
65 256
57 257
183 258
206 259
119 260
131 261
19 262
220 263
103 264
60 265
28 266
234 267
263 268
252 269
142 270
113 271
10 272
189 273
205 274
8 275
219 276
100 277
60 278
240 279
84 280
272 281
13 282
87 283
27 284
245 285
63 286
124 287
220 288
147 289
249 290
90 291
24 292
34 293
279 294
33 295
132 296
41 297
108 298
221 299
33 300
111 301
18 302
243 303
202 304
278 305
224 306
303 307
273 308
290 309
194 310
67 311
50 312
160 3
175 2
242 10
304 7
79 7
239 6
236 9
219 10
171 9
262 85
114 8
214 2
78 6
180 7
40 9
208 1
125 1
36 10
30 9
241 206
209 9
290 7
220 7
306 8
257 4
29 8
266 1
214 2
146 5
161 265
121 2
140 8
181 8
163 6
195 5
117 9
226 4
235 2
132 10
218 10
193 2
258 9
308 9
208 4
39 6
73 4
107 5
150 8
89 10
102 221
158 2
303 9
113 6
138 10
271 6
282 6
199 4
36 5
94 1
260 270
263 6
12 2
238 4
12 9
127 4
72 6
196 5
150 2
8 2
152 58
286 7
27 9
195 7
221 10
101 1
243 2
211 5
7 5
187 2
137 217
134 4
307 6
151 2
225 4
39 6
113 2
148 5
120 6
215 1
263 118
238 4
221 9
191 7
54 6
250 6
177 7
232 2
31 7
102 9
247 295
19 4
186 1
104 5
251 10
302 6
220 1
88 7
4 7
13 5
112 309
197 6
198 8
274 4
5 7
168 1
190 2
125 7
298 1
160 10
157 229
200 4
245 8
310 4
23 8
182 8
125 7
138 3
181 10
243 8
255 168
311 4
311 7
207 5
245 9
275 9
2 4
220 1
142 1
187 6
109 130
154 6
208 1
142 2
11 8
34 4
61 8
272 4
28 4
135 4
230 127
75 5
274 10
165 2
2 2
190 6
176 3
245 8
206 2
117 10
58 233
82 5
146 10
2 1
88 1
81 4
26 2
65 3
201 5
55 6
284 19
237 6
211 3
110 6
263 10
297 4
249 6
96 1
289 3
202 4
11 104
27 4
170 8
184 5
188 6
137 2
63 2
54 2
289 3
237 5
7 203
285 2
234 10
266 8
283 6
101 4
249 8
160 9
117 8
72 8
198 28
100 5
134 4
178 4
118 8
13 7
280 2
64 8
32 1
20 4
213 24
243 9
17 1
169 1
182 10
172 8
222 2
137 2
190 2
197 8
188 154
108 2
228 3
276 7
178 5
26 10
203 1
94 5
121 1
146 5
168 80
311 6
211 5
87 10
156 2
289 10
62 5
31 1
192 6
3 7
41 51
262 9
80 7
6 2
219 5
277 6
235 5
116 3
155 7
203 5
72 274
86 7
126 3
184 8
182 7
258 1
221 5
137 8
92 2
278 5
77 222
185 2
129 5
66 7
279 7
265 8
272 4
163 8
49 1
23 3
287 148
85 2
216 5
299 9
289 7
134 7
114 8
205 3
80 7
67 3
283 93
57 6
80 3
263 7
208 6
104 1
132 3
273 7
31 4
135 10
241 36
17 5
208 10
104 9
238 5
229 5
161 4
50 4
254 7
134 1
133 197
28 2
254 8
150 9
165 4
59 2
42 2
90 3
273 1
12 8
173 17
116 7
127 7
79 9
53 6
227 8
114 1
231 8
144 2
102 7
43 273
172 5
116 10
76 8
268 1
84 7
225 6
73 5
132 7
237 5
148 13
198 10
98 5
66 7
167 9
116 10
280 3
92 2
157 6
139 1
150 261
141 10
157 1
175 3
5 3
38 6
111 6
68 3
105 8
138 5
49 296
175 5
265 9
123 8
311 9
72 9
112 2
218 2
59 1
257 9
280 215
127 7
113 3
177 7
159 3
162 2
83 3
21 2
179 7
235 2
138 50
256 7
139 10
272 4
123 8
227 5
12 1
230 8
266 6
183 9
44 271
80 3
249 7
231 8
44 5
69 6
149 7
133 5
115 8
258 1
25 73
192 9
78 5
11 5
157 7
148 2
92 10
86 8
243 10
42 10
75 288
181 10
240 3
196 6
78 3
25 10
122 3
232 6
247 5
278 8
114 205
66 1
56 4
17 10
96 7
21 9
186 4
110 4
234 10
10 3
196 185
215 3
175 2
186 7
76 7
310 2
160 6
184 7
237 8
274 2
46 137
77 5
25 1
53 5
14 5
211 6
291 5
103 3
114 10
54 5
188 191
15 7
165 10
179 10
66 6
284 2
119 6
292 1
6 1
282 8
84 162
124 9
297 5
221 5
237 5
241 6
122 5
78 4
245 6
207 9
148 154
113 1
97 1
114 8
282 5
297 3
46 1
181 6
147 3
65 2
26 155
119 4
203 3
12 1
59 6
213 7
38 6
266 8
20 5
80 7
165 232
123 10
307 9
149 1
112 2
41 5
137 10
185 3
135 5
169 9
116 158
9 8
215 2
243 3
257 1
282 4
134 1
98 8
184 3
81 7
132 238
63 1
296 7
162 5
145 9
87 1
51 1
6 6
283 7
60 3
155 205
149 4
262 9
259 5
300 9
296 5
12 8
258 8
218 2
247 1
78 74
106 9
227 8
172 10
43 4
304 9
148 8
185 9
19 8
134 5
196 203
38 2
125 2
10 4
268 4
265 8
126 7
188 7
22 4
185 10
99 171
99 4
169 6
140 9
139 10
247 7
300 2
230 8
254 8
224 5
309 115
56 2
251 4
26 8
296 9
208 2
230 10
216 10
119 9
233 10
258 230
303 6
144 1
265 9
200 9
90 4
266 6
115 5
311 4
53 2
293 57
259 2
54 1
60 7
143 1
227 6
227 8
1 10
168 8
20 3
177 55
260 6
117 3
38 2
177 2
300 3
230 5
233 6
214 1
217 10
246 294
170 7
169 4
237 6
40 7
133 6
251 5
198 10
252 10
242 7
144 109
107 1
78 8
188 4
52 10
14 1
262 10
146 1
154 1
100 1
311 118
287 6
212 10
103 1
18 8
247 1
160 10
262 6
240 4
221 5
254 235
73 2
210 5
23 4
51 2
98 10
85 8
208 1
219 1
165 6
80 36
20 4
84 6
6 10
171 8
40 2
259 10
144 5
300 5
178 7
41 179
303 7
273 2
218 8
174 1
203 8
207 9
149 7
242 7
257 3
201 53
237 5
125 3
81 3
39 6
188 8
6 6
20 7
279 5
104 6
295 65
67 4
6 4
70 5
216 1
59 2
114 3
188 10
116 4
192 4
94 138
187 9
12 7
124 10
44 3
53 6
64 10
75 2
278 7
58 7
237 197
286 6
110 8
262 1
292 5
236 6
179 7
152 10
306 5
264 10
26 73
137 4
175 2
307 3
147 8
62 9
97 5
228 5
97 10
120 10
107 111
222 4
61 4
173 7
203 5
292 10
163 8
287 6
100 4
272 7
1 60
15 9
184 4
109 8
113 9
27 2
142 6
243 9
96 8
307 10
116 191
100 4
24 6
237 3
276 2
198 8
209 5
192 2
16 2
119 7
35 114
268 5
174 4
304 4
198 3
226 3
10 10
17 10
74 4
159 6
261 143
10 4
142 4
114 1
89 8
44 6
62 1
177 7
98 1
259 6
125 207
233 7
295 3
166 5
251 8
25 1
311 3
182 5
16 3
226 5
67 295
280 8
73 10
13 2
218 2
236 2
138 10
97 3
277 8
287 7
18 70
24 4
96 5
1 2
31 5
165 10
162 6
104 4
216 10
161 7
26 97
8 3
37 6
231 2
84 10
89 9
214 5
134 3
17 6
88 8
147 266
150 8
96 6
272 5
164 2
300 9
179 6
82 1
9 6
8 3
174 246
149 6
32 6
54 4
113 8
265 1
189 1
113 7
150 2
5 5
213 200
242 3
73 9
243 7
285 5
291 9
232 8
1 10
237 5
249 8
300 223
3 1
248 5
202 7
32 6
147 8
155 2
310 5
104 1
151 8
175 262
156 3
5 3
190 2
98 9
46 1
126 3
83 5
40 1
130 3
274 157
263 10
245 8
156 3
184 7
144 7
7 1
249 8
7 8
163 7
56 161
52 10
212 8
305 4
193 4
280 10
75 7
53 3
298 7
57 4
17 284
82 3
184 9
11 9
74 10
305 2
144 1
82 1
247 3
61 10
10 55
201 5
103 9
84 9
202 1
197 9
84 1
142 9
115 9
210 4
94 205
142 4
262 8
93 2
169 6
159 6
164 8
265 9
234 10
70 1
277 65
232 9
29 1
36 6
115 3
102 7
124 5
202 1
15 3
122 6
276 231
43 2
208 2
62 1
142 4
77 1
81 5
157 9
68 5
53 6
159 111
54 2
168 7
7 6
246 10
43 3
293 1
86 5
306 10
225 10
185 195
173 9
212 3
142 10
228 4
67 3
271 1
105 8
76 6
124 3
237 293
279 9
41 2
169 1
215 5
149 1
112 7
159 10
168 5
56 10
163 84
25 1
1 4
301 6
38 2
10 6
307 6
178 2
10 5
80 3
286 311
70 8
54 5
310 6
208 8
100 5
310 5
147 9
70 6
95 8
284 112
304 8
75 4
106 8
144 9
209 6
151 3
144 8
106 1
304 1
227 49
280 6
91 1
117 6
95 1
206 4
17 2
87 7
302 8
137 9
298 225
20 9
277 8
47 6
60 8
310 2
114 9
67 4
95 7
116 1
259 275
306 4
30 1
274 10
194 10
235 8
31 2
150 2
176 9
24 9
171 227
