112 1000
1 2
2 3
1 4
2 5
3 6
3 7
6 8
8 9
7 10
5 11
2 12
6 13
7 14
13 15
9 16
15 17
17 18
3 19
11 20
11 21
11 22
22 23
14 24
19 25
2 26
14 27
25 28
28 29
14 30
16 31
30 32
24 33
19 34
24 35
13 36
18 37
35 38
24 39
13 40
34 41
30 42
28 43
26 44
6 45
1 46
15 47
43 48
11 49
37 50
24 51
15 52
36 53
18 54
37 55
19 56
3 57
23 58
5 59
40 60
11 61
45 62
4 63
2 64
44 65
48 66
49 67
21 68
8 69
17 70
67 71
40 72
15 73
64 74
11 75
64 76
50 77
72 78
74 79
11 80
40 81
63 82
16 83
47 84
32 85
38 86
32 87
80 88
88 89
53 90
66 91
74 92
8 93
70 94
70 95
21 96
84 97
17 98
55 99
26 100
26 101
35 102
12 103
31 104
48 105
19 106
15 107
42 108
97 109
41 110
86 111
68 112
86 1
16 10
15 3
93 10
56 1
7 5
63 3
92 4
9 7
102 27
8 3
91 7
33 9
100 6
96 1
35 4
89 5
112 9
71 1
111 37
11 9
13 5
87 3
38 5
45 6
4 5
10 6
11 10
27 6
69 99
51 5
6 2
13 8
53 1
33 7
56 6
44 7
28 3
38 7
15 93
49 2
100 8
17 2
73 4
85 2
62 9
64 2
104 7
109 7
106 69
94 1
18 4
54 6
96 8
78 6
46 2
80 8
40 8
110 5
45 103
44 5
45 9
55 3
30 5
68 3
89 7
81 2
45 2
35 8
99 108
106 6
23 9
52 4
111 4
58 10
76 2
26 10
26 4
100 1
16 21
101 9
53 1
108 7
41 10
59 3
84 5
29 9
20 8
59 4
100 94
13 6
2 2
98 8
87 3
95 9
34 3
24 8
16 4
83 7
4 97
69 9
9 1
102 2
76 1
40 7
43 4
49 2
25 7
109 9
83 107
111 3
51 6
36 1
98 3
63 9
27 6
96 10
2 4
42 7
110 87
70 3
51 5
14 6
31 9
17 7
102 9
63 1
105 5
50 1
67 39
31 6
52 2
18 10
80 10
32 5
14 3
33 4
80 9
85 10
107 107
23 1
57 6
49 2
15 10
79 5
34 2
72 2
42 6
96 1
45 71
68 10
99 6
24 4
92 3
18 6
20 7
107 5
35 2
82 9
62 98
67 9
38 7
89 3
98 1
69 4
18 6
9 5
64 3
51 5
112 72
24 6
5 9
85 4
23 10
64 5
87 8
77 2
73 8
95 4
39 61
86 8
4 7
37 8
112 4
40 8
3 1
46 10
46 9
37 7
101 81
45 10
25 9
11 1
7 6
20 4
7 3
44 2
25 7
19 5
3 108
8 1
66 9
8 4
43 8
96 9
76 5
15 3
112 8
45 8
85 61
23 9
34 1
36 10
107 7
17 10
61 4
58 8
17 10
39 3
24 16
40 7
37 8
22 3
66 4
70 4
93 8
76 6
67 10
48 2
72 55
81 3
2 2
107 9
34 3
13 1
20 3
61 6
37 4
111 9
44 29
17 2
9 7
57 10
46 3
49 2
15 4
36 5
25 1
60 1
40 54
17 4
73 3
21 8
94 2
79 1
108 4
19 1
6 6
94 10
73 50
10 2
9 5
43 7
89 10
38 8
77 7
80 10
6 5
109 10
88 45
85 5
82 1
14 2
55 7
26 10
36 9
38 5
18 4
41 5
87 17
97 8
17 5
67 1
42 5
84 7
13 8
75 10
74 6
76 5
28 62
30 9
69 6
94 7
93 2
100 9
63 3
75 6
35 10
9 7
33 74
76 2
93 6
34 2
31 10
89 1
71 2
54 10
91 1
100 4
66 25
4 7
99 7
23 8
100 6
107 7
89 8
80 9
68 8
44 3
74 94
69 8
23 10
48 7
89 8
13 4
65 6
46 3
65 3
63 6
12 27
60 1
6 8
77 3
61 8
60 9
91 8
77 10
24 7
82 2
69 105
35 10
34 5
69 6
107 5
93 1
33 4
19 3
58 4
100 4
8 35
74 9
86 3
99 6
18 9
95 1
6 3
110 10
64 6
40 1
22 94
82 7
91 5
71 9
81 8
108 5
55 7
104 5
106 9
13 10
91 64
93 7
14 6
93 3
28 6
26 5
86 2
72 10
60 9
94 1
104 111
76 5
2 2
82 7
92 10
18 5
42 2
81 7
94 4
100 8
98 78
46 4
12 8
62 3
107 9
110 1
44 8
104 4
43 2
48 7
46 112
106 10
23 7
43 4
72 8
28 2
67 9
43 9
20 6
62 5
86 13
4 1
63 6
54 6
74 5
108 2
110 2
53 6
70 8
103 6
35 108
54 4
12 10
19 2
70 4
57 2
12 2
21 10
90 1
87 4
33 34
23 1
111 2
45 8
101 3
17 1
47 7
78 10
43 7
42 10
81 23
42 8
74 1
88 8
53 8
110 9
63 4
53 2
96 5
76 6
28 52
87 10
56 5
16 6
12 6
62 5
17 7
17 1
66 9
11 9
20 101
67 8
59 9
108 2
94 10
72 10
10 9
90 7
56 6
46 2
80 111
108 9
34 1
90 5
8 10
64 7
94 7
7 4
63 4
43 10
49 69
66 5
68 8
60 7
10 1
62 6
19 3
58 1
68 5
13 8
99 21
57 7
19 1
99 5
35 10
83 4
2 6
57 5
27 6
89 5
74 92
17 10
22 8
99 3
100 10
3 7
56 4
78 7
78 1
16 5
102 48
64 1
15 3
85 10
98 6
63 5
98 5
105 3
16 8
95 3
41 16
94 9
80 3
15 5
98 5
99 1
53 6
99 1
109 5
71 10
100 60
63 3
32 3
21 5
58 9
46 6
108 5
11 9
105 4
25 10
15 32
34 1
100 3
36 6
75 3
62 1
99 9
9 3
102 2
80 7
43 92
12 4
111 4
76 4
87 10
5 5
87 9
10 1
46 4
88 2
48 37
81 6
15 6
102 4
90 1
110 8
91 6
29 4
105 1
99 6
88 44
36 3
16 8
73 5
39 6
28 3
34 7
32 6
24 6
25 2
30 98
51 3
72 1
90 1
93 7
54 9
24 5
26 7
93 5
81 7
8 51
14 1
90 4
12 8
22 7
70 5
20 3
3 5
66 9
79 1
27 37
48 2
68 5
13 7
29 7
9 7
11 8
54 10
70 5
110 4
109 34
38 2
75 8
73 2
103 8
59 10
70 8
89 8
97 10
47 2
72 104
14 6
26 5
60 2
92 1
12 3
8 1
12 3
13 4
80 7
56 62
84 3
3 3
34 6
110 6
58 4
35 3
93 5
61 8
18 9
104 95
76 1
33 10
25 10
41 10
47 7
69 10
103 1
79 4
37 7
19 52
85 8
99 6
84 10
57 3
74 3
112 3
64 4
71 9
72 2
18 35
30 4
35 8
26 5
95 2
83 1
15 7
39 5
80 10
49 1
14 54
4 7
106 6
17 2
5 10
6 1
43 2
62 4
45 6
71 5
68 81
19 6
50 6
85 4
93 9
37 6
13 7
63 6
65 5
28 3
55 43
74 5
29 1
27 3
63 5
59 2
54 9
76 4
62 2
89 4
39 54
13 7
83 1
57 3
93 7
21 3
58 5
67 6
48 10
77 6
31 81
105 8
82 5
64 5
92 4
45 1
18 2
35 4
5 2
83 6
42 13
93 7
111 10
36 1
98 8
78 1
16 6
89 6
43 10
87 7
102 30
50 5
107 6
91 2
66 7
17 1
84 9
50 7
42 7
41 8
78 108
19 7
13 5
80 7
75 4
82 6
2 9
65 4
82 10
16 7
58 76
23 9
107 7
100 9
101 4
97 8
66 5
13 1
95 2
14 9
41 45
94 1
35 1
43 6
65 8
105 5
110 2
78 6
79 3
95 10
33 20
9 7
106 10
109 9
106 6
87 8
84 7
8 10
67 3
57 6
13 57
16 3
41 4
75 1
26 6
26 6
77 6
95 10
85 2
10 3
89 52
107 4
90 3
15 10
12 4
77 9
68 1
28 6
38 1
17 6
64 41
7 10
100 4
58 7
50 9
67 10
48 9
68 6
107 10
98 8
36 54
102 10
75 9
50 1
72 3
90 10
43 10
84 9
99 4
55 3
78 79
44 10
95 4
77 7
89 2
78 4
76 1
96 9
103 7
58 1
112 33
10 2
14 6
96 8
6 5
29 10
6 3
89 1
86 4
22 3
83 81
50 2
1 4
17 8
35 3
103 10
110 9
26 3
39 6
8 9
100 83
41 3
44 1
112 9
10 4
51 7
12 5
15 4
97 4
7 9
67 49
52 4
44 7
33 7
79 7
98 9
13 7
109 6
103 1
66 5
80 112
18 4
100 8
11 5
70 1
11 1
42 4
107 8
80 2
7 8
101 104
98 9
17 4
35 4
81 6
23 10
15 5
74 2
9 1
87 3
1 101
50 7
51 10
35 4
4 9
22 7
15 7
74 8
30 5
91 1
53 95
76 7
6 1
102 8
80 10
22 9
93 8
54 1
68 6
21 1
8 25
42 8
38 9
32 4
83 7
83 7
101 1
102 3
95 10
73 7
31 69
50 4
20 1
73 7
45 10
44 10
13 3
42 2
71 4
6 6
58 35
24 10
4 5
99 4
92 6
16 10
49 3
21 3
107 6
46 6
1 103
105 4
100 4
5 9
4 9
64 10
39 5
84 6
77 7
66 9
109 54
54 9
34 1
79 9
45 6
110 7
50 1
102 1
18 10
99 2
57 90
63 7
21 3
58 9
97 5
8 5
70 4
50 3
15 5
98 9
82 100
59 4
35 8
95 7
15 4
12 8
10 8
45 5
49 2
63 5
59 90
49 6
5 1
16 6
13 2
83 6
83 7
102 2
112 2
29 6
33 108
17 7
76 1
12 10
34 1
58 4
25 9
8 5
22 6
44 5
110 19
