60 1000
1 2
1 3
3 4
2 5
1 6
6 7
2 8
8 9
1 10
4 11
1 12
9 13
11 14
14 15
3 16
8 17
1 18
2 19
2 20
1 21
5 22
22 23
1 24
21 25
15 26
19 27
24 28
10 29
17 30
26 31
3 32
9 33
18 34
1 35
33 36
15 37
33 38
22 39
25 40
38 41
40 42
26 43
41 44
25 45
6 46
21 47
45 48
28 49
6 50
4 51
48 52
2 53
29 54
47 55
22 56
17 57
30 58
16 59
44 60
1 3
5 3
19 2
44 5
21 2
4 3
51 1
1 8
38 4
4 42
60 8
58 10
38 3
38 4
37 2
51 1
26 2
40 4
47 10
20 46
6 9
40 9
24 10
51 8
31 4
44 5
54 7
17 6
20 1
22 29
2 2
29 6
40 6
13 4
3 7
22 7
38 5
57 5
39 3
59 19
51 4
19 1
20 4
27 8
43 9
58 6
30 5
52 1
39 9
35 51
55 1
31 3
38 7
44 6
55 10
37 2
7 4
31 10
15 2
3 25
56 3
44 1
53 9
53 6
31 5
56 3
18 10
41 8
33 10
56 34
23 8
49 8
18 2
9 10
56 9
58 2
7 9
46 10
3 6
50 42
20 10
28 5
21 7
31 1
42 10
60 5
10 10
6 10
34 5
30 30
12 7
14 6
58 6
2 10
44 1
47 2
48 10
14 7
59 1
53 38
2 4
2 4
9 5
51 6
18 2
59 9
54 1
14 4
33 8
27 55
55 2
13 2
5 9
48 8
38 2
5 5
9 7
31 7
58 5
38 23
47 3
35 3
14 2
22 3
24 8
33 3
21 5
46 3
32 10
57 25
46 5
51 7
48 5
3 2
60 2
51 8
19 1
22 10
35 5
7 24
52 9
15 4
30 5
32 2
31 5
4 3
54 2
6 5
37 8
41 37
29 9
7 7
32 6
15 4
34 3
42 5
5 3
10 7
60 7
55 18
16 2
57 7
31 7
29 8
11 9
16 3
17 3
23 1
45 3
17 30
30 2
24 3
41 6
48 7
10 4
25 10
52 7
53 2
52 2
44 33
39 4
26 7
38 5
53 7
30 5
40 1
56 9
11 3
14 5
55 55
43 10
52 9
12 5
30 2
31 6
33 3
34 4
3 3
52 2
58 48
41 1
6 6
2 7
2 10
7 9
19 8
10 2
50 2
33 8
41 33
29 7
18 10
8 3
47 4
1 4
57 7
46 4
9 8
59 10
6 49
52 10
33 4
12 5
12 6
9 5
6 9
58 10
51 4
22 5
13 33
45 10
19 7
7 7
21 5
35 6
34 5
17 1
20 7
10 6
37 41
58 3
47 5
26 3
40 6
3 6
18 8
23 6
53 7
49 3
60 21
52 1
45 4
35 5
30 9
25 5
29 6
5 3
8 8
4 2
31 14
29 9
33 2
32 10
51 10
20 2
48 1
40 5
3 6
39 8
11 49
36 3
28 9
33 6
48 3
17 1
34 2
10 10
50 7
15 9
27 58
38 1
4 8
60 7
31 9
53 6
17 6
19 4
19 4
50 7
59 46
25 6
8 3
10 1
38 7
13 8
6 2
1 10
52 5
51 1
18 55
1 4
45 4
48 9
54 1
24 1
36 2
58 8
42 8
23 8
49 41
17 8
59 10
13 3
18 2
5 8
17 5
54 8
34 4
39 7
35 53
24 5
27 4
36 1
11 5
13 7
56 9
56 10
18 8
24 8
36 30
9 9
7 5
49 5
26 1
50 5
45 2
41 7
35 7
55 8
32 36
24 8
23 8
38 5
18 5
54 10
54 3
48 7
49 4
43 10
3 31
20 8
59 10
42 6
29 3
55 1
8 3
6 6
22 4
11 1
7 34
30 6
40 7
37 3
43 9
28 5
8 9
14 10
4 3
4 1
43 52
32 9
15 4
52 4
42 2
49 4
52 3
60 2
60 1
30 9
55 32
2 6
48 7
51 7
2 2
18 3
40 5
4 2
7 9
4 2
1 25
48 9
59 9
14 9
22 2
3 2
39 5
13 6
18 9
28 8
37 27
18 2
21 3
35 6
57 2
18 3
35 3
59 1
11 5
40 2
52 26
16 1
48 3
23 6
32 1
59 6
45 1
49 8
20 7
49 3
46 53
40 1
14 4
11 1
20 1
27 5
48 3
25 4
48 5
20 5
12 45
18 10
28 8
45 10
25 1
47 6
22 8
19 9
24 2
43 6
55 34
44 1
51 4
46 5
7 4
30 1
5 4
39 1
11 8
47 4
15 33
47 4
30 2
53 5
6 3
49 5
23 6
37 1
52 9
29 9
25 52
51 7
24 2
17 4
31 7
2 8
48 8
2 4
28 3
1 2
57 29
28 8
36 2
36 2
22 7
16 5
12 6
6 2
15 8
32 1
57 59
18 3
38 8
5 4
36 10
39 5
38 7
36 8
49 7
3 2
31 33
39 4
34 4
35 9
20 10
22 7
21 1
34 1
7 1
28 9
24 50
19 7
46 8
32 6
53 4
3 8
57 4
56 5
59 7
18 9
34 26
53 7
28 10
47 3
16 1
55 9
45 1
5 2
33 4
8 9
21 47
51 6
29 7
21 3
57 9
37 1
31 2
1 6
11 9
53 4
8 34
48 5
15 3
58 5
9 1
36 5
16 4
16 8
38 8
5 7
4 57
18 6
1 4
31 4
19 5
9 1
56 2
37 2
24 2
48 7
59 47
27 9
26 7
33 6
51 10
41 10
60 3
3 7
50 6
36 7
4 15
25 8
19 8
1 4
29 2
52 2
42 5
12 6
27 8
37 8
54 60
11 10
22 8
6 8
46 5
51 8
17 2
21 7
49 9
39 3
3 28
35 7
14 3
24 6
2 5
29 1
7 5
57 5
12 1
25 8
52 33
22 7
48 9
41 3
6 8
20 4
25 10
16 6
60 2
43 7
59 59
2 3
38 3
39 3
1 6
49 4
43 3
59 10
23 2
52 6
13 14
59 9
17 9
23 9
10 2
51 4
25 9
15 5
59 6
13 5
23 39
1 5
47 6
4 4
17 4
17 6
44 6
35 6
4 9
56 9
55 39
29 2
59 8
27 10
55 8
58 2
23 8
6 8
31 9
54 8
18 39
33 8
44 8
53 2
55 5
1 10
26 8
26 8
6 6
23 8
48 17
32 1
7 8
9 10
33 3
25 7
56 10
48 1
60 4
33 1
56 38
52 5
25 6
49 6
53 7
47 3
29 7
26 10
12 3
59 3
16 56
25 10
28 3
17 4
60 2
6 3
54 3
3 8
2 3
22 6
48 58
27 8
29 5
33 3
47 5
14 10
47 3
55 7
4 5
56 7
18 23
52 4
21 3
26 10
52 6
34 9
48 7
37 6
54 9
32 4
46 39
2 5
52 2
3 7
60 7
22 8
6 8
1 6
14 7
49 1
18 24
38 2
4 9
13 3
29 7
53 9
45 7
17 2
17 6
56 1
48 29
3 3
7 4
50 6
42 3
9 1
27 8
2 3
18 4
23 4
29 57
28 1
60 1
17 4
4 2
40 9
1 10
43 4
46 1
60 2
48 56
27 6
45 7
15 4
26 10
35 1
6 9
52 10
56 9
7 9
25 52
24 3
4 2
43 5
2 5
55 6
42 5
1 10
38 3
2 8
36 29
33 7
41 9
55 3
3 2
52 8
57 1
18 10
38 9
20 10
60 59
24 7
41 6
59 2
14 8
50 4
47 1
15 6
2 6
27 3
30 52
29 7
33 2
22 9
51 4
19 3
9 8
48 6
3 1
39 8
20 24
33 6
27 7
53 9
53 3
34 6
23 10
25 6
11 10
40 9
22 57
39 10
1 1
5 4
2 3
4 3
51 5
4 6
22 2
2 1
29 29
18 5
46 5
35 4
8 10
53 4
23 9
3 10
11 2
12 9
60 25
30 2
7 2
2 10
25 8
53 7
58 4
41 2
52 5
50 5
20 60
26 2
43 7
39 9
53 3
39 9
13 5
14 2
42 9
41 6
6 51
36 9
9 1
52 4
53 4
15 7
20 9
25 10
22 10
44 7
56 19
33 4
51 10
8 7
37 4
13 6
40 6
16 4
26 8
37 7
37 25
32 2
27 5
24 5
5 2
27 8
15 2
9 2
32 9
26 5
31 39
13 1
58 10
41 4
14 6
39 4
31 2
3 2
48 8
4 9
54 54
1 10
23 6
43 7
59 7
60 8
19 8
41 7
10 7
17 7
37 53
4 4
14 1
50 7
58 4
59 7
6 1
58 6
6 10
24 6
36 35
19 6
39 7
52 3
17 2
38 8
10 2
47 2
47 4
23 10
17 51
31 7
26 4
60 9
12 10
4 9
55 9
36 3
1 4
59 10
51 49
28 5
42 6
19 1
33 8
53 10
25 7
31 5
50 1
5 2
15 27
6 5
12 7
36 5
53 6
37 2
1 7
54 1
23 8
25 4
19 53
31 3
18 1
52 10
23 8
34 7
1 5
51 2
28 1
36 1
50 53
13 1
22 7
55 8
48 4
30 7
49 4
50 8
11 8
27 8
39 10
59 4
41 3
23 10
8 1
9 1
20 3
43 7
22 7
20 5
24 57
51 8
44 6
9 6
24 2
17 4
32 8
22 4
37 7
27 8
20 56
3 3
2 3
27 4
12 1
48 5
46 1
48 3
39 4
21 8
50 14
13 6
33 9
13 2
56 1
56 1
1 4
29 1
15 1
45 3
26 41
