34 1000
1 2
2 3
3 4
1 5
5 6
4 7
7 8
5 9
8 10
2 11
2 12
2 13
13 14
12 15
11 16
14 17
13 18
2 19
11 20
15 21
13 22
9 23
1 24
13 25
10 26
4 27
17 28
14 29
20 30
7 31
7 32
11 33
9 34
29 7
25 7
20 10
14 9
14 4
12 8
22 4
26 5
18 8
22 32
9 7
8 10
34 7
11 6
7 2
21 10
25 5
16 6
25 8
28 22
16 7
26 4
25 3
23 6
14 8
4 9
10 8
10 1
7 4
8 23
12 4
27 8
12 6
32 7
21 4
2 5
10 3
12 3
11 6
20 16
24 9
18 1
13 6
11 2
4 9
30 9
6 4
11 5
25 4
4 14
20 1
25 9
18 4
17 9
28 6
33 10
7 2
19 7
2 3
18 26
3 4
24 4
34 1
14 5
15 9
18 4
21 7
34 1
10 5
8 26
27 8
8 5
21 3
17 7
17 5
5 3
10 5
24 6
27 4
26 15
1 1
14 10
1 4
2 5
24 6
23 9
22 4
34 1
7 9
27 19
4 5
17 3
1 2
14 5
27 5
8 10
12 7
29 3
4 8
25 10
12 3
13 10
5 1
19 8
24 7
7 3
3 1
21 1
10 6
17 22
27 5
11 9
27 9
26 10
13 3
8 3
34 6
29 4
12 6
29 20
9 3
12 1
29 5
20 7
25 1
6 10
24 2
1 7
9 1
14 22
31 7
20 4
26 4
4 1
22 7
17 6
32 9
31 8
9 5
7 26
22 5
33 1
3 10
6 10
29 3
19 8
18 6
31 2
14 4
30 12
9 6
21 3
25 10
22 7
13 7
16 7
2 3
15 6
22 6
33 19
31 6
11 6
10 8
5 2
9 2
3 8
23 9
1 8
27 5
2 23
30 9
9 1
24 5
8 5
6 3
25 9
4 4
16 1
27 3
12 32
12 4
11 1
26 4
17 3
30 7
9 4
31 7
25 3
8 4
5 23
27 8
20 5
23 3
9 2
27 10
28 10
25 5
7 1
34 10
9 28
32 9
8 8
27 8
9 6
4 9
16 7
25 10
29 5
5 7
29 11
24 3
21 4
31 6
9 8
27 2
18 10
5 3
16 3
3 10
28 27
3 2
5 9
11 8
30 5
20 8
26 10
19 6
18 8
17 10
25 28
25 7
4 6
33 3
4 2
26 2
10 10
15 5
19 5
1 8
23 16
33 5
25 3
10 2
27 7
16 6
5 7
1 3
3 5
8 9
21 23
4 5
12 9
13 2
7 10
21 2
4 3
28 3
9 5
17 9
3 10
23 5
23 5
32 8
9 10
16 1
23 5
27 9
33 7
3 8
33 18
14 5
9 10
3 8
17 3
7 9
22 9
18 9
32 7
15 2
3 25
15 3
9 1
12 9
30 5
11 9
7 4
15 3
9 7
17 4
4 34
23 5
20 6
6 1
19 2
17 5
14 4
10 6
6 4
12 7
31 25
31 3
26 8
2 2
30 10
28 8
26 3
31 4
21 3
15 10
10 25
21 7
4 5
6 6
9 5
8 2
8 9
30 2
12 2
34 7
18 28
28 6
1 2
6 3
15 2
33 7
32 6
33 5
10 4
7 4
34 13
11 3
17 8
25 9
22 2
3 6
13 1
21 8
33 6
27 3
1 30
6 9
31 7
26 4
23 10
27 5
13 3
6 2
2 10
6 8
3 30
30 4
3 1
28 6
9 7
1 6
24 9
25 10
29 1
29 3
34 34
18 6
31 5
25 4
20 3
22 1
23 10
29 10
23 8
4 9
23 16
18 2
22 1
18 4
15 7
23 2
4 5
27 5
19 6
28 10
16 22
13 9
28 8
13 7
7 3
34 1
6 6
28 3
1 1
12 1
26 33
28 5
34 5
34 2
13 7
22 8
28 4
19 2
27 8
33 4
21 19
28 10
16 4
22 3
29 9
5 10
34 10
17 4
1 3
22 1
11 12
32 7
15 10
9 3
24 9
34 5
1 3
11 9
21 5
24 9
20 33
1 7
22 2
21 10
2 6
27 1
20 1
27 3
14 9
12 10
6 13
21 7
34 3
10 10
27 6
34 2
9 8
2 8
27 5
30 7
2 16
3 10
28 4
1 1
14 9
23 2
6 3
29 9
1 8
13 10
33 26
18 4
27 2
13 5
25 6
15 10
16 6
30 5
7 7
26 9
33 26
21 2
32 8
20 6
8 9
18 1
13 6
23 2
2 6
31 7
3 20
4 9
11 9
17 9
12 4
7 8
29 4
2 2
12 8
19 2
19 32
21 9
1 3
2 7
18 9
4 5
5 5
23 1
7 9
1 10
28 21
26 5
6 8
33 2
3 9
7 3
1 4
34 1
21 8
4 2
15 31
19 6
34 5
23 9
4 10
26 7
31 5
32 3
20 1
30 9
34 27
9 9
30 10
26 1
10 5
18 1
22 1
13 3
32 6
21 8
32 23
24 2
19 3
3 4
7 8
10 2
21 4
22 1
25 2
32 8
6 22
9 8
33 6
5 1
32 4
23 7
20 2
19 6
20 4
19 6
29 11
20 5
11 5
19 5
11 4
25 7
1 10
33 4
6 2
23 10
6 16
30 2
29 1
20 5
2 9
14 5
20 5
30 8
3 8
10 9
17 17
28 1
10 3
18 1
16 7
10 6
21 1
15 3
34 2
5 2
21 28
16 2
30 5
20 4
7 10
13 2
23 4
12 9
7 10
19 10
3 22
29 1
20 10
14 4
29 1
18 10
29 8
11 3
8 9
13 8
33 19
31 6
9 4
30 2
11 8
34 8
2 7
25 10
16 7
9 7
28 21
3 10
30 2
17 4
20 9
11 9
26 8
20 5
28 5
15 5
13 27
1 3
18 9
33 10
7 6
22 6
7 4
33 7
24 2
26 2
34 12
4 1
29 2
25 4
15 10
4 8
32 7
1 5
2 5
27 9
1 27
21 5
16 8
14 9
23 5
32 2
9 8
29 10
13 10
12 5
28 23
31 7
14 6
4 2
7 9
28 9
25 8
7 3
11 2
14 6
19 23
7 10
30 6
14 10
34 9
18 1
30 5
4 2
19 10
16 9
6 31
31 2
23 5
16 4
20 4
29 9
8 4
15 5
17 2
31 1
23 28
19 9
30 4
26 4
32 5
5 6
7 5
7 2
33 10
16 9
5 15
22 6
9 5
28 2
17 10
31 6
23 8
20 1
33 1
32 7
4 12
18 4
7 10
32 2
10 2
28 8
5 7
24 8
8 5
22 2
21 12
16 5
14 9
6 10
8 10
17 10
18 10
27 8
6 3
27 2
3 31
11 1
16 3
1 9
24 10
31 8
22 4
7 1
10 7
4 10
16 19
13 7
5 3
28 4
13 10
6 4
34 7
1 4
18 8
20 3
16 30
15 1
4 8
29 1
16 2
21 5
10 8
12 10
20 10
19 9
8 32
11 10
25 5
15 8
8 8
34 9
28 4
33 8
25 8
23 6
14 15
9 1
9 9
18 6
12 10
11 3
16 6
34 4
19 4
27 4
18 11
32 7
14 9
14 6
12 7
30 6
28 2
19 2
18 1
5 3
18 12
29 3
5 8
28 1
1 5
1 10
30 1
10 5
7 9
30 8
30 11
5 3
21 9
9 1
1 10
26 9
27 5
25 9
17 1
18 7
32 11
17 6
6 7
12 5
22 5
14 9
4 2
31 4
18 3
28 6
6 17
14 6
14 7
3 5
25 5
17 10
21 5
2 1
19 9
28 2
12 15
34 1
28 3
27 9
14 5
7 7
13 7
16 7
28 10
2 6
21 24
23 8
5 5
22 5
25 9
4 2
11 7
26 7
1 2
23 4
24 29
28 9
6 2
12 4
26 2
30 1
18 10
8 10
34 1
32 1
27 14
6 8
9 9
29 2
12 9
4 9
7 6
14 2
21 6
32 10
2 10
9 5
19 1
12 3
10 7
24 4
4 1
27 5
15 6
5 6
31 26
8 9
34 8
8 6
3 7
19 5
10 3
25 2
19 8
17 8
3 30
16 4
11 4
21 2
17 9
13 10
13 1
13 7
24 7
27 5
3 31
10 2
4 6
11 6
26 8
19 2
22 3
26 5
11 8
29 9
27 29
8 1
12 2
29 9
18 3
24 4
15 4
27 10
6 5
10 6
21 20
25 7
1 3
23 9
28 6
2 6
26 5
22 9
20 7
34 5
20 12
24 8
5 7
16 6
1 6
27 2
6 3
20 2
5 6
26 3
33 13
13 1
2 8
3 6
19 4
7 3
18 6
20 8
33 8
11 8
26 12
12 5
31 9
31 9
24 8
24 5
16 4
2 1
1 10
3 8
32 31
5 9
28 9
30 9
32 6
22 1
7 4
25 10
19 3
16 7
30 13
1 10
31 2
1 6
25 10
28 8
20 2
18 5
14 9
19 8
23 16
33 5
14 5
5 1
5 5
11 6
1 3
33 4
1 5
8 10
32 26
3 6
17 3
29 3
20 8
1 9
18 10
25 7
1 7
16 7
7 33
30 5
6 6
10 5
6 9
32 6
19 2
7 8
9 6
30 8
32 22
29 1
11 3
1 2
29 6
6 9
9 10
29 7
3 7
1 7
11 24
