322 1000
1 2
1 3
2 4
4 5
4 6
3 7
4 8
4 9
9 10
1 11
6 12
1 13
5 14
4 15
7 16
14 17
4 18
11 19
2 20
15 21
5 22
3 23
19 24
10 25
6 26
14 27
22 28
8 29
6 30
30 31
15 32
8 33
1 34
8 35
10 36
17 37
36 38
14 39
9 40
28 41
23 42
15 43
35 44
34 45
31 46
5 47
33 48
5 49
3 50
12 51
1 52
13 53
25 54
35 55
20 56
37 57
37 58
56 59
43 60
21 61
17 62
13 63
14 64
49 65
31 66
5 67
54 68
51 69
40 70
63 71
33 72
21 73
26 74
63 75
49 76
48 77
10 78
72 79
45 80
52 81
17 82
29 83
36 84
38 85
10 86
86 87
20 88
39 89
43 90
57 91
42 92
5 93
38 94
5 95
86 96
13 97
75 98
66 99
31 100
93 101
78 102
86 103
15 104
34 105
50 106
33 107
89 108
39 109
86 110
89 111
15 112
81 113
64 114
26 115
96 116
22 117
75 118
8 119
75 120
20 121
27 122
37 123
41 124
63 125
105 126
77 127
66 128
122 129
117 130
17 131
88 132
29 133
48 134
16 135
123 136
127 137
72 138
74 139
26 140
16 141
72 142
133 143
26 144
31 145
2 146
30 147
109 148
71 149
68 150
88 151
125 152
55 153
73 154
94 155
7 156
102 157
58 158
99 159
5 160
111 161
105 162
66 163
151 164
136 165
107 166
10 167
87 168
63 169
148 170
149 171
96 172
83 173
61 174
170 175
153 176
145 177
140 178
164 179
144 180
60 181
138 182
97 183
25 184
7 185
97 186
119 187
145 188
161 189
37 190
98 191
176 192
93 193
166 194
123 195
128 196
132 197
46 198
139 199
11 200
107 201
155 202
18 203
19 204
83 205
193 206
149 207
191 208
163 209
202 210
75 211
120 212
142 213
204 214
138 215
36 216
104 217
198 218
216 219
197 220
108 221
24 222
37 223
102 224
117 225
108 226
35 227
80 228
13 229
166 230
70 231
116 232
96 233
22 234
13 235
25 236
172 237
84 238
222 239
118 240
48 241
114 242
92 243
81 244
189 245
159 246
176 247
171 248
57 249
177 250
108 251
160 252
4 253
155 254
89 255
24 256
205 257
230 258
178 259
205 260
72 261
109 262
48 263
104 264
50 265
143 266
253 267
85 268
195 269
15 270
18 271
200 272
272 273
251 274
159 275
183 276
113 277
188 278
125 279
271 280
183 281
168 282
237 283
156 284
99 285
241 286
177 287
145 288
37 289
132 290
159 291
257 292
13 293
208 294
231 295
39 296
134 297
243 298
177 299
52 300
177 301
191 302
262 303
93 304
180 305
16 306
126 307
146 308
27 309
10 310
164 311
223 312
281 313
146 314
71 315
46 316
201 317
313 318
217 319
192 320
260 321
258 322
76 1
38 4
7 8
39 3
282 5
284 2
307 7
151 1
299 3
260 40
210 9
226 1
220 8
159 9
114 6
195 5
76 3
197 3
180 7
57 229
199 6
13 2
134 1
148 10
108 5
258 6
49 9
78 9
2 4
287 86
322 7
248 2
280 5
35 1
31 7
76 10
159 9
89 3
261 4
231 163
272 6
318 4
18 8
105 6
257 2
65 9
243 8
55 9
220 6
80 115
224 8
176 5
83 9
58 6
145 9
5 9
37 1
244 2
256 6
315 56
160 7
148 6
27 5
27 7
276 2
115 8
79 2
156 8
54 10
290 30
103 10
300 6
114 8
278 10
175 9
26 5
205 5
267 8
290 7
312 226
303 7
194 5
40 1
24 7
57 4
35 4
50 6
185 10
98 1
4 147
79 8
190 2
206 5
287 6
259 7
286 3
93 1
52 2
180 3
109 137
102 5
260 4
105 9
222 2
108 6
150 2
215 5
102 5
234 10
249 242
159 4
137 5
251 2
108 10
248 4
58 6
285 4
317 5
50 9
316 132
93 4
140 7
98 3
232 2
276 2
23 8
8 1
161 5
268 3
118 88
62 6
301 5
43 9
307 4
28 8
129 9
189 2
307 9
319 2
20 114
260 8
202 1
97 9
180 4
8 7
147 9
50 3
16 3
116 7
105 105
295 6
197 6
315 7
51 10
316 3
29 6
282 3
185 3
165 2
164 100
76 10
139 4
276 4
75 5
293 1
318 8
283 6
230 7
128 3
66 29
254 8
298 6
319 2
287 2
320 1
165 6
45 10
68 5
10 4
199 305
252 3
313 4
309 8
197 6
84 2
47 2
291 3
44 1
50 9
178 56
319 1
245 2
75 3
218 1
75 4
45 6
291 8
162 2
118 7
7 194
121 6
133 2
67 10
197 7
232 3
57 4
66 7
87 2
308 2
209 244
181 9
61 1
207 4
17 8
160 7
99 5
292 6
13 4
277 4
181 313
108 2
56 4
272 1
255 8
232 4
95 1
9 6
193 3
288 2
141 214
129 9
74 9
202 6
274 9
140 4
140 3
212 2
183 6
29 5
250 233
305 1
138 2
142 1
276 10
250 5
244 3
54 3
310 7
305 5
48 129
176 5
118 10
174 2
297 9
163 7
307 5
34 5
54 6
319 8
66 280
90 2
117 7
68 3
34 1
255 2
247 7
184 8
23 10
17 8
236 322
313 1
259 5
96 5
3 1
17 10
186 2
218 8
112 1
308 1
39 313
209 4
6 6
278 5
262 2
167 4
312 8
158 1
267 2
281 10
302 220
170 6
27 2
240 1
222 3
250 10
256 1
53 6
27 4
263 9
299 11
69 7
177 7
258 1
214 8
274 7
27 2
54 3
297 1
145 9
191 211
31 5
166 9
138 1
41 9
298 3
28 2
242 1
16 2
50 10
212 42
149 4
290 10
258 3
192 10
304 5
171 9
211 8
278 4
255 5
152 10
174 2
57 2
215 10
216 7
35 6
138 4
223 9
233 4
152 9
195 171
75 3
107 10
37 1
63 1
319 10
132 9
244 3
25 8
316 5
244 291
289 8
38 9
127 10
134 2
257 4
160 7
247 8
64 3
152 2
280 195
130 10
312 3
47 3
294 8
280 4
255 1
39 4
185 3
17 5
100 181
97 3
312 10
229 4
62 1
311 10
188 10
80 5
251 5
100 3
242 51
261 8
166 4
101 4
312 3
123 8
258 10
88 7
165 2
308 2
51 14
189 2
256 9
261 3
229 7
153 9
154 6
232 10
217 6
264 10
74 11
53 2
104 8
244 2
270 4
85 5
214 3
299 7
98 2
103 9
136 274
203 9
257 4
266 4
212 8
245 5
4 3
110 10
286 4
174 3
258 181
280 8
59 5
276 6
25 8
159 8
308 10
1 4
277 2
6 9
282 18
208 1
204 8
185 2
4 4
15 9
72 7
141 7
224 6
98 4
102 182
172 5
315 1
83 10
74 5
204 9
137 9
68 1
291 8
79 6
158 12
106 4
269 5
84 10
120 9
53 1
318 1
165 5
318 6
120 3
208 260
110 2
157 9
74 1
234 8
19 3
13 3
263 6
304 2
45 4
320 116
249 2
264 9
180 5
68 1
105 9
62 1
273 8
97 4
202 8
16 146
259 9
163 6
222 10
87 10
4 9
181 6
288 3
39 6
272 6
128 137
2 2
305 3
87 7
258 2
83 1
5 5
51 6
27 4
119 2
277 169
60 5
108 7
129 4
275 1
170 8
20 8
97 2
210 10
18 9
58 292
308 4
123 6
116 2
94 5
264 6
68 5
20 4
38 6
106 7
180 278
68 2
147 3
238 1
51 3
209 9
30 4
200 6
159 7
216 7
72 294
150 9
268 7
314 2
226 1
129 2
268 5
283 8
81 7
190 2
55 147
22 6
94 1
89 6
86 3
165 4
9 5
109 10
100 10
125 3
272 218
45 9
240 6
68 10
49 4
256 2
128 2
31 4
5 9
302 5
245 217
290 10
69 5
128 7
236 8
9 6
193 4
265 10
100 9
160 6
289 36
17 5
73 5
276 3
135 8
32 6
237 10
14 4
202 8
272 2
195 313
96 8
55 2
42 3
16 6
279 9
320 4
215 5
227 4
89 2
219 213
245 9
74 10
86 3
143 2
107 1
123 10
7 8
272 3
217 4
46 238
6 3
318 1
321 10
261 7
38 8
68 7
78 4
103 2
114 3
68 36
216 10
258 5
312 6
71 4
139 3
203 9
38 2
77 5
52 2
38 273
301 10
229 6
179 7
44 4
103 1
124 6
188 10
27 7
273 3
80 40
281 9
227 4
3 1
229 9
229 7
56 5
263 6
192 10
82 2
193 222
87 6
61 2
265 7
90 10
105 2
133 10
95 3
134 1
180 3
166 86
129 8
90 10
24 7
177 6
139 9
260 8
220 2
300 1
8 2
65 236
278 2
132 3
2 6
111 7
171 6
271 1
12 1
269 1
172 3
28 191
217 5
310 5
163 2
104 9
212 4
260 10
60 4
4 1
150 6
290 118
126 2
248 1
160 4
190 1
25 3
116 7
25 8
37 6
266 3
224 145
138 2
51 8
10 10
157 9
254 3
237 7
117 4
16 10
235 5
209 109
58 2
285 6
39 1
275 6
55 5
30 3
260 8
126 6
247 6
266 123
246 7
119 8
205 5
307 9
56 7
3 10
284 3
105 8
80 8
75 222
41 10
219 2
171 8
88 10
37 3
108 8
191 2
231 7
165 2
201 242
168 3
156 5
248 8
90 2
280 2
184 3
136 3
152 4
104 2
304 134
292 4
34 3
264 6
262 8
37 1
284 3
303 9
241 2
126 1
301 193
236 7
63 7
62 10
175 4
280 9
254 4
25 5
300 10
29 6
307 236
42 3
164 1
90 10
114 8
263 2
52 7
268 2
102 8
198 4
309 289
123 1
5 1
67 9
230 1
243 4
202 10
174 10
75 4
209 2
295 103
278 6
213 7
149 7
55 1
130 2
290 4
146 1
116 3
96 7
104 169
232 4
238 7
168 2
135 10
44 3
95 5
169 2
321 8
35 3
110 286
289 9
33 1
139 3
199 1
117 7
64 9
49 10
267 10
220 1
214 237
298 3
229 8
48 10
286 9
266 5
257 4
171 1
11 10
261 4
161 103
146 9
251 6
75 4
117 10
246 5
288 1
192 9
235 3
301 10
80 83
177 7
117 5
277 9
52 7
238 5
264 3
277 4
254 8
97 5
266 211
194 8
8 6
167 1
285 1
257 9
81 10
24 4
60 7
143 7
219 111
238 10
92 6
3 5
270 9
16 1
267 8
18 9
288 4
106 2
60 275
131 1
34 3
54 5
60 10
225 7
125 4
291 4
133 6
93 4
166 214
133 3
51 1
179 5
39 2
102 5
281 9
30 10
273 1
91 3
222 63
106 2
209 4
160 6
29 9
84 10
49 8
50 3
178 9
298 6
215 149
229 6
176 5
188 5
75 1
88 3
8 3
154 5
248 10
140 5
72 114
43 6
34 2
130 10
222 7
249 3
259 10
147 3
186 2
40 1
46 224
242 9
79 9
164 6
153 8
86 9
270 7
260 3
61 6
30 10
171 139
156 7
10 9
303 9
166 10
118 3
227 2
44 7
71 6
232 3
60 109
133 9
247 10
186 6
294 6
113 5
241 4
107 3
13 3
141 9
78 208
53 4
23 6
275 5
143 7
238 4
245 3
146 7
144 5
258 10
20 192
65 1
80 5
114 2
124 1
319 3
198 4
265 6
33 10
84 9
284 223
149 5
148 2
189 10
171 1
215 5
43 10
228 8
255 9
307 7
84 112
235 3
131 9
116 3
125 3
303 8
299 2
138 6
114 9
254 9
285 103
297 3
52 5
107 1
88 9
305 9
267 3
18 6
253 5
142 8
215 56
30 4
188 7
176 2
66 4
80 2
162 5
67 6
237 4
54 1
142 214
