405 1000
1 2
2 3
1 4
3 5
3 6
4 7
6 8
2 9
5 10
2 11
9 12
4 13
13 14
12 15
4 16
12 17
2 18
8 19
19 20
13 21
11 22
1 23
4 24
2 25
13 26
8 27
8 28
20 29
4 30
8 31
31 32
22 33
12 34
27 35
6 36
3 37
4 38
34 39
19 40
9 41
16 42
6 43
9 44
7 45
18 46
6 47
39 48
47 49
3 50
19 51
26 52
5 53
52 54
39 55
50 56
24 57
14 58
5 59
5 60
24 61
16 62
61 63
45 64
55 65
2 66
10 67
17 68
43 69
51 70
20 71
33 72
24 73
64 74
46 75
44 76
8 77
69 78
8 79
79 80
31 81
8 82
80 83
33 84
64 85
74 86
14 87
71 88
55 89
46 90
57 91
81 92
70 93
47 94
70 95
95 96
94 97
91 98
58 99
82 100
11 101
67 102
4 103
92 104
24 105
48 106
64 107
78 108
95 109
92 110
4 111
58 112
64 113
2 114
21 115
62 116
32 117
95 118
22 119
65 120
76 121
95 122
113 123
25 124
52 125
113 126
12 127
8 128
62 129
69 130
35 131
4 132
41 133
130 134
109 135
125 136
45 137
124 138
90 139
102 140
101 141
20 142
124 143
37 144
82 145
123 146
45 147
7 148
141 149
69 150
56 151
16 152
111 153
128 154
112 155
125 156
34 157
65 158
25 159
50 160
54 161
85 162
67 163
81 164
142 165
33 166
3 167
66 168
37 169
165 170
31 171
17 172
160 173
3 174
73 175
89 176
33 177
26 178
65 179
119 180
98 181
62 182
46 183
6 184
117 185
102 186
93 187
156 188
77 189
126 190
165 191
169 192
67 193
66 194
152 195
110 196
99 197
75 198
150 199
30 200
186 201
122 202
130 203
195 204
31 205
52 206
33 207
99 208
128 209
112 210
54 211
146 212
125 213
77 214
66 215
14 216
84 217
117 218
60 219
43 220
218 221
59 222
100 223
193 224
219 225
48 226
203 227
40 228
64 229
15 230
111 231
40 232
217 233
77 234
89 235
134 236
203 237
103 238
93 239
128 240
234 241
178 242
173 243
210 244
92 245
211 246
242 247
41 248
1 249
56 250
64 251
106 252
134 253
229 254
147 255
149 256
131 257
54 258
16 259
90 260
242 261
142 262
214 263
125 264
52 265
3 266
167 267
180 268
219 269
168 270
61 271
84 272
120 273
149 274
258 275
192 276
72 277
254 278
71 279
193 280
194 281
48 282
80 283
144 284
101 285
115 286
266 287
265 288
117 289
217 290
205 291
28 292
70 293
97 294
153 295
114 296
125 297
70 298
156 299
134 300
211 301
194 302
29 303
221 304
245 305
31 306
126 307
218 308
273 309
70 310
8 311
129 312
214 313
263 314
142 315
15 316
256 317
88 318
216 319
82 320
141 321
44 322
90 323
7 324
284 325
147 326
294 327
142 328
63 329
79 330
173 331
326 332
192 333
187 334
2 335
27 336
260 337
206 338
156 339
88 340
172 341
336 342
203 343
255 344
318 345
28 346
201 347
255 348
99 349
258 350
199 351
248 352
242 353
88 354
140 355
123 356
179 357
61 358
302 359
105 360
113 361
166 362
277 363
298 364
265 365
359 366
139 367
280 368
95 369
86 370
332 371
329 372
228 373
258 374
332 375
194 376
300 377
214 378
285 379
63 380
267 381
346 382
342 383
201 384
32 385
92 386
21 387
90 388
341 389
178 390
89 391
239 392
240 393
366 394
165 395
78 396
231 397
304 398
135 399
9 400
13 401
81 402
172 403
273 404
165 405
52 6
221 3
158 7
43 6
205 9
393 7
348 8
110 2
349 3
329 381
101 7
306 4
90 8
62 2
380 7
169 4
256 10
326 9
118 4
361 374
235 3
404 10
98 4
218 2
146 10
351 9
56 9
55 7
246 7
371 45
341 2
294 8
41 6
149 10
332 10
82 5
125 4
67 9
159 10
48 131
233 1
227 6
185 8
319 5
84 3
46 10
7 9
81 4
20 1
402 262
138 1
246 8
118 1
347 3
386 10
199 7
77 10
398 2
249 8
164 400
298 4
289 10
371 4
281 8
146 4
70 5
157 4
363 8
10 6
137 270
274 2
302 7
230 4
183 4
65 8
189 6
2 8
221 5
241 7
337 275
38 5
39 1
272 1
276 6
204 2
303 6
230 9
56 6
92 7
235 217
270 2
242 8
124 6
329 8
165 2
91 6
234 5
110 2
34 10
251 150
372 8
294 5
176 6
327 9
242 9
9 2
394 2
191 8
350 4
293 356
81 10
142 10
44 6
84 5
150 8
155 3
347 7
106 2
12 5
166 105
54 3
62 10
48 9
380 5
19 9
253 9
351 2
262 2
270 1
336 190
264 4
317 5
403 5
273 4
308 5
329 4
10 5
102 6
66 9
104 139
35 7
85 10
45 1
376 1
99 5
53 1
292 1
377 3
235 3
333 170
381 9
47 6
75 6
36 10
271 4
190 6
296 6
278 4
58 5
366 276
245 3
248 1
69 7
198 7
161 4
366 10
298 1
78 3
102 6
57 35
399 7
120 5
131 2
186 2
183 3
391 8
231 6
212 9
166 1
95 164
265 2
227 2
191 4
217 7
283 1
178 10
57 8
397 6
67 1
164 255
54 7
351 5
344 8
400 9
5 5
32 10
48 2
18 4
212 1
312 67
14 8
24 4
186 4
95 1
51 4
106 4
174 5
227 3
355 2
219 238
196 5
28 2
190 9
27 9
54 8
19 9
284 1
127 10
332 2
36 254
362 9
295 4
34 9
158 7
327 6
236 5
386 10
376 1
36 8
15 180
166 1
96 2
353 6
278 3
310 3
389 6
5 2
49 3
372 1
281 227
232 9
387 4
312 8
258 2
375 1
164 7
369 2
339 7
14 5
329 137
6 3
81 8
56 5
39 9
2 10
213 8
155 9
325 8
323 8
181 39
153 5
371 7
294 8
19 7
149 3
163 3
101 7
7 7
207 10
249 240
96 7
346 1
388 4
198 2
373 9
155 6
2 10
339 5
254 1
325 401
108 9
390 3
194 3
317 5
305 4
21 9
260 7
16 2
86 6
200 200
247 3
129 6
285 1
201 8
91 2
73 3
26 3
294 7
335 5
338 145
251 3
91 10
103 6
210 5
354 2
265 8
137 8
265 4
138 7
95 123
280 9
105 10
90 2
52 4
274 1
351 9
253 9
268 4
73 4
172 94
19 9
95 3
265 2
243 3
195 9
167 2
291 5
151 3
369 2
175 110
236 10
198 10
405 5
159 4
198 2
144 9
323 5
135 8
235 5
356 315
61 6
8 4
157 5
178 8
270 6
252 3
307 4
177 1
200 9
206 171
215 3
260 2
364 4
8 6
330 7
214 5
5 8
225 1
76 1
120 64
11 7
369 9
287 1
194 6
246 9
231 8
254 2
65 10
266 8
74 37
359 10
345 6
260 4
276 9
12 5
229 3
400 4
8 3
357 8
317 390
206 4
162 5
163 6
324 6
197 2
268 2
163 5
304 2
334 3
140 46
44 8
312 6
301 6
36 6
311 6
388 7
129 9
364 3
162 8
307 177
146 1
98 9
73 4
250 8
227 4
88 6
286 7
42 6
130 4
296 90
333 4
346 2
56 9
220 9
119 6
353 5
19 1
173 6
194 6
198 65
325 1
32 2
73 6
245 9
259 1
147 3
316 3
367 7
378 8
89 262
237 8
201 6
220 8
296 1
257 6
328 1
352 8
139 3
189 1
404 55
55 1
267 10
358 3
279 9
53 7
103 8
325 10
342 7
17 9
257 360
307 1
299 4
262 5
162 6
102 3
144 5
404 5
400 9
227 10
48 392
304 6
62 8
317 5
225 2
203 6
78 8
337 2
331 2
71 8
93 334
384 2
128 4
37 7
402 1
25 10
301 5
351 7
108 6
43 9
289 113
329 4
156 8
300 2
21 3
45 9
190 1
339 1
40 5
267 9
201 108
87 9
210 8
194 2
343 3
178 2
287 8
237 9
128 2
162 2
270 308
100 2
25 3
299 9
28 1
159 2
50 2
244 4
6 5
139 7
189 107
395 2
52 2
271 7
358 2
107 7
254 6
202 9
136 9
229 9
343 216
263 6
238 5
374 9
266 2
257 5
350 3
28 6
213 9
65 3
196 137
181 1
214 7
94 2
349 1
260 7
88 1
283 7
152 9
175 10
273 54
104 3
86 9
258 5
212 8
75 4
317 6
17 4
279 3
269 2
396 240
393 3
34 1
161 10
347 10
191 2
296 2
313 10
185 2
44 9
384 334
36 3
8 9
106 6
263 5
381 9
301 4
404 5
401 8
256 7
201 216
216 5
92 6
118 7
386 10
275 6
239 4
329 3
403 9
19 10
131 288
111 6
129 1
369 2
74 9
124 8
89 8
93 5
119 2
147 6
382 33
9 3
394 3
261 3
130 3
322 9
215 7
313 10
24 6
248 1
355 290
51 6
294 4
218 6
285 6
301 6
362 9
265 10
279 2
382 1
37 325
94 8
115 7
235 2
145 4
336 6
19 8
100 4
44 4
5 4
391 359
93 4
380 8
276 7
221 1
113 3
303 10
215 5
207 3
54 10
63 13
105 2
218 9
165 1
349 3
329 8
82 6
298 3
275 4
50 5
372 261
358 2
403 4
171 5
307 1
307 9
355 3
376 7
101 8
110 5
93 213
217 5
275 7
54 6
42 8
10 5
96 3
178 2
218 2
215 7
88 404
131 2
156 5
171 4
401 4
144 7
265 8
151 8
39 5
296 2
186 125
114 3
87 10
297 2
385 2
401 8
218 8
212 9
342 4
401 3
309 67
394 8
216 4
210 7
205 4
401 4
277 9
111 6
264 8
69 8
228 188
325 10
50 6
289 7
385 9
216 6
242 2
352 6
335 1
179 8
276 362
86 9
126 3
242 10
316 3
64 4
233 2
116 3
272 9
376 4
130 209
238 8
15 7
262 7
396 7
269 7
203 1
346 10
357 9
186 9
386 267
297 4
199 1
190 5
88 8
260 10
36 7
288 4
334 7
367 10
73 247
354 10
6 4
16 10
31 5
259 3
62 5
346 1
383 7
200 5
34 185
187 9
29 6
63 10
78 1
150 3
115 7
167 9
150 1
336 2
142 336
318 2
203 4
39 4
268 10
172 4
274 5
41 5
81 10
225 4
237 389
93 5
108 10
90 8
51 3
392 2
388 8
308 3
150 9
50 6
308 76
74 2
40 6
69 2
101 4
384 1
78 6
385 8
233 4
33 1
302 63
219 7
275 5
142 3
179 7
150 8
232 3
192 1
249 9
266 5
305 404
149 7
397 10
330 10
304 2
351 6
321 9
49 7
270 10
259 4
400 163
90 7
112 6
333 8
155 3
87 6
249 5
350 8
379 2
26 2
84 210
349 1
181 4
208 7
252 7
109 7
76 5
291 1
147 7
114 5
321 66
361 5
328 7
210 4
394 6
236 9
343 10
18 8
363 2
382 8
66 274
116 6
403 5
240 4
221 10
82 5
102 4
73 2
287 2
83 1
92 405
107 6
173 8
170 8
179 6
187 4
350 8
64 1
100 4
400 1
200 280
14 7
293 1
205 2
232 9
126 3
223 10
242 3
125 7
280 4
282 104
59 9
50 10
318 1
155 5
148 6
163 10
348 4
305 3
163 1
14 87
137 5
227 8
72 9
88 5
393 6
139 4
2 9
252 9
300 1
178 258
296 1
54 2
170 6
396 5
13 8
328 2
303 10
276 1
79 10
320 58
314 4
3 8
70 6
32 6
147 1
404 2
157 10
339 5
292 8
373 162
244 7
220 7
373 3
62 4
154 5
226 8
217 7
184 7
289 7
274 247
226 5
299 9
108 7
243 8
222 8
134 9
227 8
386 7
277 10
25 38
59 3
273 8
130 8
206 5
178 6
308 8
384 2
210 6
92 1
326 198
97 3
326 4
164 4
358 4
2 8
43 1
157 5
124 9
140 6
84 84
293 4
134 2
219 5
375 1
350 2
40 3
291 9
134 9
363 10
122 86
334 3
145 10
359 3
315 2
264 10
373 8
355 4
130 6
324 2
88 135
149 2
225 4
403 1
274 4
61 4
219 8
204 6
111 7
213 2
364 271
353 6
350 10
41 3
383 5
292 2
379 2
252 9
90 8
335 4
76 231
359 10
361 3
203 1
365 8
290 6
155 7
234 3
112 6
360 7
356 243
79 1
115 5
347 3
149 7
342 1
64 3
393 5
312 9
175 8
4 281
