724 1000
1 2
1 3
3 4
1 5
4 6
6 7
1 8
1 9
7 10
8 11
11 12
3 13
1 14
12 15
7 16
2 17
7 18
1 19
7 20
14 21
15 22
14 23
10 24
17 25
21 26
10 27
13 28
5 29
16 30
1 31
25 32
3 33
4 34
2 35
12 36
33 37
19 38
32 39
14 40
17 41
33 42
33 43
20 44
26 45
8 46
28 47
43 48
32 49
30 50
12 51
6 52
45 53
11 54
23 55
51 56
12 57
36 58
34 59
47 60
40 61
34 62
58 63
60 64
54 65
18 66
52 67
51 68
55 69
15 70
70 71
58 72
5 73
1 74
31 75
68 76
73 77
24 78
53 79
32 80
1 81
46 82
75 83
22 84
68 85
31 86
18 87
66 88
78 89
13 90
57 91
16 92
16 93
88 94
13 95
60 96
67 97
77 98
38 99
17 100
42 101
97 102
76 103
36 104
4 105
8 106
94 107
3 108
39 109
38 110
66 111
97 112
66 113
11 114
84 115
91 116
43 117
47 118
81 119
99 120
60 121
32 122
31 123
73 124
57 125
79 126
39 127
25 128
119 129
100 130
82 131
34 132
31 133
128 134
125 135
30 136
111 137
69 138
61 139
26 140
124 141
38 142
15 143
29 144
23 145
49 146
8 147
52 148
85 149
94 150
100 151
21 152
7 153
72 154
54 155
2 156
107 157
57 158
50 159
153 160
101 161
73 162
137 163
6 164
88 165
58 166
107 167
167 168
42 169
20 170
85 171
111 172
43 173
46 174
79 175
31 176
71 177
171 178
84 179
141 180
163 181
103 182
155 183
43 184
75 185
107 186
161 187
148 188
49 189
112 190
86 191
115 192
40 193
132 194
91 195
112 196
50 197
177 198
141 199
173 200
64 201
152 202
14 203
50 204
35 205
194 206
173 207
80 208
47 209
117 210
88 211
204 212
173 213
56 214
28 215
24 216
160 217
61 218
72 219
196 220
196 221
3 222
52 223
59 224
65 225
193 226
2 227
212 228
135 229
8 230
191 231
100 232
159 233
51 234
200 235
61 236
177 237
96 238
100 239
148 240
49 241
165 242
94 243
239 244
122 245
75 246
76 247
70 248
183 249
105 250
30 251
193 252
68 253
41 254
227 255
10 256
41 257
197 258
66 259
49 260
200 261
143 262
56 263
192 264
110 265
203 266
6 267
67 268
218 269
24 270
198 271
74 272
112 273
73 274
85 275
44 276
27 277
60 278
193 279
194 280
274 281
185 282
191 283
169 284
161 285
4 286
88 287
57 288
20 289
244 290
243 291
87 292
35 293
195 294
244 295
52 296
58 297
48 298
235 299
42 300
39 301
232 302
48 303
16 304
24 305
269 306
276 307
78 308
73 309
198 310
90 311
90 312
201 313
236 314
277 315
213 316
173 317
195 318
114 319
205 320
46 321
275 322
116 323
154 324
131 325
235 326
316 327
236 328
326 329
50 330
264 331
72 332
104 333
303 334
164 335
29 336
83 337
288 338
313 339
74 340
322 341
190 342
276 343
205 344
222 345
287 346
111 347
228 348
164 349
188 350
321 351
136 352
206 353
32 354
160 355
63 356
245 357
194 358
49 359
278 360
57 361
108 362
239 363
81 364
185 365
245 366
190 367
154 368
262 369
46 370
29 371
260 372
312 373
168 374
340 375
134 376
18 377
122 378
299 379
83 380
306 381
362 382
256 383
330 384
246 385
15 386
44 387
375 388
313 389
9 390
175 391
64 392
115 393
103 394
11 395
380 396
358 397
220 398
220 399
202 400
137 401
364 402
185 403
40 404
201 405
340 406
156 407
193 408
6 409
187 410
145 411
389 412
374 413
190 414
323 415
369 416
386 417
384 418
198 419
242 420
123 421
294 422
59 423
121 424
377 425
201 426
387 427
49 428
377 429
404 430
126 431
92 432
297 433
396 434
186 435
109 436
283 437
201 438
327 439
344 440
12 441
304 442
236 443
47 444
134 445
24 446
255 447
233 448
240 449
167 450
4 451
216 452
172 453
423 454
126 455
105 456
319 457
61 458
10 459
10 460
340 461
315 462
286 463
179 464
339 465
421 466
91 467
178 468
366 469
58 470
171 471
397 472
188 473
367 474
262 475
55 476
187 477
281 478
339 479
339 480
449 481
418 482
269 483
170 484
60 485
405 486
410 487
98 488
336 489
188 490
147 491
117 492
29 493
357 494
356 495
49 496
250 497
132 498
44 499
486 500
145 501
475 502
232 503
348 504
135 505
342 506
286 507
127 508
132 509
250 510
359 511
291 512
406 513
186 514
213 515
63 516
36 517
461 518
422 519
1 520
432 521
207 522
289 523
482 524
89 525
198 526
469 527
170 528
91 529
102 530
424 531
221 532
1 533
186 534
509 535
484 536
496 537
357 538
198 539
43 540
463 541
44 542
131 543
238 544
98 545
307 546
483 547
143 548
480 549
379 550
205 551
204 552
187 553
503 554
112 555
240 556
289 557
316 558
404 559
457 560
533 561
379 562
129 563
553 564
32 565
64 566
479 567
537 568
231 569
314 570
482 571
138 572
126 573
4 574
495 575
492 576
540 577
492 578
289 579
247 580
562 581
248 582
333 583
393 584
215 585
2 586
170 587
349 588
324 589
384 590
330 591
502 592
255 593
544 594
10 595
22 596
515 597
593 598
444 599
69 600
568 601
513 602
481 603
299 604
447 605
75 606
374 607
534 608
163 609
412 610
286 611
238 612
327 613
289 614
354 615
501 616
492 617
201 618
110 619
123 620
238 621
255 622
403 623
42 624
405 625
576 626
326 627
199 628
534 629
520 630
425 631
378 632
328 633
159 634
113 635
491 636
261 637
413 638
155 639
421 640
470 641
469 642
55 643
115 644
317 645
140 646
137 647
284 648
24 649
446 650
550 651
539 652
28 653
74 654
82 655
7 656
51 657
448 658
605 659
507 660
89 661
651 662
243 663
300 664
179 665
485 666
414 667
140 668
252 669
659 670
91 671
24 672
581 673
647 674
542 675
88 676
340 677
141 678
330 679
285 680
110 681
582 682
574 683
514 684
225 685
530 686
280 687
456 688
540 689
659 690
533 691
147 692
361 693
579 694
618 695
98 696
175 697
392 698
225 699
681 700
369 701
132 702
224 703
678 704
145 705
383 706
337 707
432 708
74 709
687 710
330 711
411 712
188 713
361 714
88 715
296 716
33 717
409 718
408 719
314 720
308 721
162 722
422 723
175 724
323 7
578 4
227 4
352 7
222 6
309 3
422 6
490 9
182 5
393 422
704 8
18 1
420 7
561 6
6 7
184 3
671 5
655 10
672 2
118 479
182 1
215 6
300 5
422 8
698 2
409 7
601 9
509 2
184 2
703 338
649 6
405 3
132 9
404 1
332 3
384 6
511 7
593 4
383 3
379 123
617 4
161 5
651 1
98 3
235 4
682 1
62 7
100 4
63 1
445 112
423 4
535 5
704 5
689 4
501 1
172 8
153 1
361 8
539 8
654 132
481 7
230 4
636 2
370 1
616 4
165 2
569 2
4 9
722 10
77 97
288 7
169 1
412 8
646 2
380 4
376 8
393 10
45 1
546 3
536 661
397 3
307 2
580 5
266 3
615 4
593 8
272 10
340 7
585 2
127 397
597 3
264 9
311 8
415 5
322 7
365 1
313 1
310 10
177 9
605 491
163 4
586 3
347 6
192 8
519 5
488 5
500 9
378 9
175 7
124 276
700 1
637 3
211 9
208 10
669 9
6 2
434 4
415 10
678 2
638 184
243 1
180 2
393 2
68 9
326 6
604 9
245 2
181 2
182 1
606 640
340 5
309 4
436 6
150 1
298 3
7 4
521 3
256 5
396 2
117 382
351 7
569 9
505 7
603 6
94 7
684 5
257 7
181 5
582 9
627 124
246 8
425 8
188 5
502 3
279 10
567 2
204 7
370 3
581 5
19 285
289 1
119 8
724 2
723 8
391 4
617 8
628 2
59 2
351 10
29 51
74 7
174 9
519 9
248 4
175 2
62 1
652 9
603 4
230 2
90 566
557 9
100 3
50 4
611 6
470 9
277 7
99 4
416 7
204 5
678 624
145 9
480 6
122 8
196 9
318 8
612 8
209 2
462 5
331 4
556 87
515 7
476 2
246 10
715 1
392 7
579 7
405 4
125 8
616 10
132 314
577 7
429 1
537 9
547 4
427 2
600 10
175 5
505 5
195 7
188 184
438 5
462 4
39 2
112 10
317 4
480 4
101 4
465 8
109 2
602 509
122 10
128 10
438 8
31 3
484 7
646 4
465 5
398 7
485 9
576 250
426 10
433 10
376 10
471 4
50 9
346 5
622 1
427 5
719 4
675 99
82 4
642 7
209 6
517 10
328 8
86 5
376 4
164 8
87 5
50 564
333 9
662 10
399 7
12 2
169 9
200 7
255 2
692 6
543 1
580 483
498 4
227 9
417 8
200 5
687 4
713 10
362 4
154 2
413 8
67 153
461 1
85 5
309 10
162 7
670 6
697 8
19 3
277 2
686 8
239 705
526 4
349 3
559 6
278 3
524 10
190 5
419 3
337 3
542 3
396 50
288 3
254 7
724 4
375 3
663 2
275 6
697 4
216 1
104 5
192 397
435 9
427 1
585 8
575 1
534 7
682 4
288 5
356 2
481 6
204 549
356 1
348 4
507 7
203 10
91 1
97 1
388 4
549 8
250 8
528 315
261 1
404 2
366 1
460 2
410 10
526 6
148 1
347 3
589 10
419 373
634 10
12 2
95 3
297 6
199 10
375 7
568 5
519 5
673 6
594 180
302 9
63 4
137 3
358 4
653 1
8 3
495 1
473 8
34 7
366 123
691 4
642 10
466 7
349 9
74 4
293 6
259 3
216 1
373 7
571 311
586 5
584 8
596 8
157 8
638 6
164 3
10 3
533 4
559 3
609 266
508 10
689 6
657 8
669 9
188 1
692 7
483 4
309 7
543 7
122 245
700 9
196 9
502 7
143 10
680 5
124 1
226 6
550 8
243 2
37 653
504 7
388 7
162 1
46 2
407 7
608 9
464 2
134 1
321 10
719 159
613 5
89 3
1 2
435 5
291 8
261 5
511 3
10 7
687 6
338 130
565 2
516 5
263 8
697 1
439 2
266 9
385 2
119 10
518 9
516 697
30 4
76 7
566 10
581 7
443 4
653 7
495 2
496 6
52 10
705 89
136 5
55 9
421 6
699 5
497 3
252 2
432 7
163 7
483 9
184 228
140 8
223 5
269 2
571 5
671 7
40 3
372 5
379 3
593 8
576 219
554 9
309 3
639 10
418 10
566 3
611 9
559 5
159 7
467 6
661 426
349 6
90 5
314 3
90 10
449 6
118 3
297 10
373 5
526 1
614 422
63 8
490 10
704 7
173 2
454 4
458 8
482 6
543 1
652 10
6 126
682 5
201 10
277 10
578 2
475 6
436 3
281 5
174 2
573 3
20 253
82 1
665 3
116 8
39 10
287 6
223 1
556 6
711 7
241 10
127 274
236 4
567 10
124 1
576 4
700 7
715 1
150 3
389 2
534 7
301 330
433 3
274 1
164 6
259 6
191 8
705 3
477 3
299 6
249 6
463 205
115 5
673 7
273 2
596 7
398 10
106 9
390 10
714 6
97 6
635 108
637 3
109 5
541 7
593 9
447 10
42 8
481 8
11 7
343 10
645 228
188 8
718 1
238 7
268 1
420 5
95 10
306 7
172 9
6 7
275 117
124 9
81 10
169 7
570 2
203 6
593 10
435 6
364 10
354 2
29 291
9 2
409 7
364 5
383 4
542 9
619 1
604 2
646 6
233 8
269 324
22 6
201 10
234 10
206 6
211 1
42 7
209 7
715 2
173 1
346 333
553 9
350 5
594 3
675 8
601 1
677 3
80 2
53 8
494 1
535 251
575 8
553 7
547 1
10 8
356 4
526 7
266 1
643 5
32 8
41 344
44 7
116 10
388 7
634 1
497 4
699 6
414 7
101 10
216 2
341 86
182 10
488 9
509 2
482 6
211 6
262 10
596 1
257 7
103 8
162 373
113 6
695 3
412 8
240 10
601 4
447 8
77 4
374 7
203 6
573 648
260 9
398 8
87 3
563 3
190 1
103 7
114 7
467 4
565 5
176 300
354 7
507 9
256 2
49 6
359 7
369 8
238 1
134 3
479 8
653 688
412 8
691 5
591 2
676 8
202 9
649 8
37 4
166 8
295 8
349 286
690 4
110 1
323 4
606 7
363 7
564 3
383 1
646 9
611 8
278 345
180 8
502 7
254 6
173 7
239 4
157 8
615 10
296 4
312 10
129 486
437 8
542 4
628 4
682 8
462 1
638 7
686 10
711 2
693 7
716 653
666 3
594 3
568 3
536 6
629 8
604 5
415 10
277 10
547 10
467 326
463 2
449 7
204 7
262 3
70 7
340 8
199 4
304 1
616 8
42 124
449 9
21 9
339 7
657 5
445 6
457 8
645 4
385 4
136 3
548 117
519 9
376 3
259 7
563 8
54 3
589 8
306 1
351 8
718 2
655 136
434 8
144 1
337 6
643 5
425 4
232 9
100 8
653 7
699 5
430 32
70 3
202 7
564 1
181 9
479 1
658 6
494 6
122 5
187 10
653 331
459 6
209 8
81 7
580 7
120 5
620 1
345 3
584 2
219 4
653 106
244 7
609 4
60 9
116 7
627 4
396 5
645 4
295 5
150 5
324 138
543 1
660 1
384 1
231 1
624 2
717 3
640 1
178 3
336 10
478 502
577 6
664 10
673 1
297 2
201 10
473 7
246 9
613 5
380 2
120 456
202 7
193 2
551 4
513 4
557 1
108 2
96 5
63 4
105 7
52 711
32 8
421 4
212 4
96 1
715 5
687 8
262 2
352 1
406 2
77 199
498 7
536 2
533 7
14 8
86 6
329 5
494 8
69 2
185 6
335 444
665 10
352 1
190 5
108 8
356 5
394 9
398 8
309 5
389 2
128 98
155 10
474 4
603 6
658 5
237 6
151 10
697 8
308 9
221 4
407 488
117 2
103 5
486 7
721 8
576 7
329 5
392 6
233 2
624 2
165 95
363 9
289 8
149 9
93 7
46 8
411 9
128 5
603 8
9 1
193 541
724 6
687 6
361 2
122 1
17 5
364 6
391 8
492 7
116 3
704 271
248 3
172 10
203 5
691 1
140 10
592 2
717 10
146 10
326 1
545 403
424 5
478 4
481 6
561 4
338 7
614 2
512 8
391 5
423 5
195 431
604 7
466 10
54 9
673 1
662 9
486 10
126 10
196 6
402 2
55 73
719 6
210 1
564 3
368 9
670 5
355 3
29 10
493 9
261 1
668 512
177 9
83 9
621 5
408 7
18 2
173 8
263 8
603 5
454 3
306 21
357 8
211 6
678 8
118 3
580 4
637 7
235 6
140 6
388 7
52 700
656 7
316 4
570 4
56 8
548 4
41 1
152 2
378 7
331 1
709 453
484 6
50 1
384 8
262 5
448 2
183 6
555 6
485 4
177 3
413 335
377 4
456 9
90 3
210 3
664 10
280 3
168 5
403 8
394 5
538 28
704 7
544 4
245 1
712 4
318 7
647 3
596 3
715 3
323 9
550 258
569 10
438 4
181 5
500 5
340 9
26 2
615 7
677 8
400 1
407 457
102 5
609 1
293 6
157 9
245 6
241 8
575 4
16 8
679 7
383 164
