16 1000
1 2
1 3
1 4
1 5
2 6
6 7
6 8
8 9
4 10
2 11
6 12
12 13
1 14
2 15
8 16
14 9
11 7
5 10
10 7
7 9
9 2
16 10
14 9
2 1
10 13
8 10
10 4
16 1
6 4
11 6
16 9
1 10
13 10
16 2
13 16
14 6
2 1
2 8
12 2
15 8
14 7
5 9
6 10
1 4
11 12
6 7
12 3
4 8
8 1
3 6
13 8
15 3
12 3
2 3
16 15
6 1
9 3
7 6
13 10
12 7
2 6
13 9
2 2
10 7
15 15
10 10
7 10
4 5
13 1
16 8
11 3
6 5
3 6
8 2
6 15
14 4
13 7
10 2
1 2
2 6
10 4
16 1
11 10
12 10
4 11
13 6
1 3
11 10
14 10
12 3
16 6
14 8
13 8
7 4
1 11
2 3
14 9
13 9
1 8
16 3
4 1
3 7
7 10
1 8
6 13
1 9
2 6
6 2
2 2
2 2
3 6
9 1
9 6
9 8
11 13
9 6
13 10
11 9
12 10
1 8
14 9
10 4
14 9
9 2
9 11
6 10
8 2
12 10
9 7
1 3
12 7
15 7
7 8
5 7
16 11
9 3
7 4
4 10
13 7
4 8
10 1
11 5
6 4
12 10
12 14
10 9
15 9
5 8
5 1
7 5
7 2
1 1
2 4
14 3
3 13
12 6
11 3
13 1
1 7
9 1
12 8
5 8
3 7
1 5
3 14
9 4
4 5
13 8
10 9
15 10
16 2
11 9
1 9
2 9
14 12
12 1
11 10
5 7
3 10
16 4
9 6
12 6
12 1
6 5
2 15
1 7
13 5
7 3
2 9
1 9
2 1
13 10
7 10
15 8
10 15
11 4
5 7
15 7
9 2
15 7
7 6
3 7
12 5
6 2
15 13
9 9
14 5
13 1
10 8
12 8
8 4
6 5
13 7
5 4
8 15
5 10
8 10
9 3
2 4
9 9
6 9
13 10
5 7
1 5
4 15
3 9
10 5
2 1
11 10
4 10
16 9
6 2
8 7
6 7
14 11
13 5
5 5
12 4
10 8
11 7
12 3
10 5
12 2
2 1
1 10
8 9
8 4
5 4
14 8
2 4
3 2
8 3
11 10
6 6
4 15
11 4
2 4
13 1
11 5
3 9
12 6
11 3
3 7
7 9
5 13
10 9
4 5
11 4
9 6
3 10
13 5
9 5
6 10
4 2
4 14
5 9
13 3
16 2
12 2
15 8
15 3
2 8
5 2
2 9
2 13
13 5
13 9
7 5
13 6
15 6
2 8
12 2
8 3
4 9
11 11
16 1
11 4
13 7
2 5
7 1
7 7
12 10
3 2
8 10
16 12
9 10
6 10
1 9
4 3
9 2
4 3
4 10
5 6
15 5
16 12
2 9
12 2
5 3
6 8
9 3
13 8
10 9
13 8
3 5
9 15
15 1
11 5
5 3
3 1
7 5
6 9
15 8
6 10
16 3
16 10
5 1
9 1
1 9
3 1
15 1
4 4
14 8
12 4
11 3
15 15
14 9
8 7
9 1
2 3
2 8
1 8
14 9
9 8
4 7
13 10
15 1
16 10
13 9
10 4
6 3
6 2
4 6
3 8
13 8
4 13
6 10
15 9
1 3
4 2
16 8
2 10
4 10
5 5
9 8
14 10
8 9
7 1
7 2
2 1
12 8
16 3
6 7
12 7
13 8
9 16
2 8
4 5
1 10
6 2
14 10
14 8
5 8
14 2
2 4
13 14
16 8
16 3
2 6
2 1
6 6
10 10
1 9
9 9
12 1
12 14
13 10
9 7
15 6
13 8
6 10
7 6
12 9
4 1
14 4
2 14
12 1
6 7
16 4
8 1
12 8
12 2
7 1
6 8
8 4
14 15
6 3
5 9
1 3
14 9
2 9
1 6
13 5
16 9
4 1
2 15
3 2
11 4
15 9
6 7
15 1
9 1
16 10
9 5
10 8
14 10
15 10
3 4
14 4
8 2
2 2
14 2
16 6
4 2
1 3
13 14
2 5
9 8
9 10
13 5
5 9
6 6
15 3
13 2
14 9
10 15
15 2
14 1
16 6
11 3
7 2
12 10
4 5
8 4
9 7
12 11
10 2
11 3
2 4
14 4
16 7
11 9
8 7
8 8
7 4
10 15
6 4
7 5
2 3
15 1
15 2
3 4
6 8
13 7
12 3
15 11
1 1
8 3
4 7
5 5
8 9
3 8
15 3
2 10
15 10
2 16
12 4
10 2
1 9
10 2
4 2
3 9
11 5
15 2
3 8
9 15
9 6
10 5
9 7
6 7
13 4
2 6
7 5
2 6
7 2
11 11
16 4
14 5
10 8
1 7
5 2
7 3
8 10
4 9
1 7
7 14
12 2
5 8
6 5
12 6
1 5
9 9
7 6
16 5
3 4
15 15
16 3
2 2
8 5
12 8
15 2
3 1
10 3
12 2
14 10
12 12
13 1
13 1
4 8
15 2
5 10
9 2
12 10
4 1
2 3
14 15
5 4
9 4
16 2
11 2
14 9
5 8
16 7
15 1
16 10
5 10
14 5
6 2
12 4
11 3
9 2
1 1
13 7
13 5
16 8
13 12
2 4
2 1
14 2
15 10
5 2
3 3
8 10
8 5
12 6
12 15
7 3
7 1
3 10
11 7
11 7
9 9
15 9
13 1
14 9
2 11
7 8
8 2
12 6
9 5
15 4
14 1
7 1
4 7
10 9
4 12
4 3
15 9
13 7
10 9
16 6
4 6
12 10
8 7
9 2
5 15
14 9
9 4
16 7
11 6
7 5
1 1
14 10
5 8
12 2
11 13
8 10
1 3
8 10
4 4
14 6
3 7
16 9
1 8
10 3
8 13
3 8
11 1
10 3
11 6
4 8
3 10
13 1
2 6
5 3
10 15
2 9
10 1
2 1
12 3
12 9
6 8
11 3
4 7
3 8
8 16
7 3
10 3
16 3
8 7
1 8
13 3
13 8
5 3
1 2
1 16
7 6
12 8
10 9
12 2
14 5
12 5
15 3
9 1
1 8
10 13
9 6
3 7
13 1
16 8
6 2
15 8
7 5
2 10
5 2
8 10
1 6
16 2
7 6
2 3
6 3
14 8
3 6
11 8
1 1
16 16
15 5
11 3
9 3
11 7
10 1
13 7
11 1
13 2
11 2
15 16
12 5
7 6
1 3
10 3
5 6
1 8
9 10
3 7
5 1
13 11
9 4
9 9
9 5
2 7
10 5
5 7
7 6
4 10
11 7
3 11
16 10
13 2
8 10
14 6
16 1
16 4
11 2
12 3
14 1
1 16
10 9
11 4
13 4
5 5
9 5
8 2
4 2
7 5
6 4
11 16
4 2
8 9
15 1
3 7
1 4
14 9
1 2
4 4
12 4
2 14
4 8
15 9
16 5
15 8
2 5
2 10
2 1
8 4
2 6
14 15
11 5
10 1
15 8
5 3
9 8
11 7
6 5
12 4
13 3
4 11
7 8
6 9
1 1
2 10
13 10
2 4
5 4
15 5
11 9
3 14
3 6
3 2
7 4
16 3
16 10
13 5
12 6
6 2
13 8
13 15
4 6
16 9
16 4
7 9
2 5
10 5
10 2
15 6
13 2
13 15
10 2
16 2
12 6
7 10
2 1
8 8
9 4
2 10
6 8
4 14
6 6
13 5
2 2
8 7
9 6
1 9
6 10
6 6
2 8
9 13
8 7
7 8
1 7
6 9
6 8
10 8
1 7
3 7
16 5
3 14
5 1
15 3
13 3
1 8
10 5
1 9
14 5
16 7
2 6
11 12
3 10
13 2
9 5
7 1
13 6
4 3
13 6
1 7
4 8
13 12
2 8
7 9
8 4
7 3
7 3
2 6
13 9
8 7
12 9
4 16
5 2
5 1
11 5
13 3
7 9
3 7
5 10
6 10
9 3
11 15
16 10
8 4
9 5
9 3
1 4
14 4
4 7
7 8
4 4
13 12
8 8
11 1
12 5
15 7
2 8
11 4
16 5
7 7
2 1
6 10
8 2
2 9
3 9
13 6
8 3
10 6
16 4
13 10
3 5
4 16
11 9
12 5
1 7
15 2
10 3
5 9
10 6
14 6
8 6
15 13
3 4
1 9
10 5
16 4
16 9
13 9
13 10
8 5
9 9
9 15
5 8
1 7
3 5
2 4
1 9
7 10
6 5
5 6
5 6
15 16
8 8
15 8
8 2
8 6
9 4
2 1
9 7
4 9
9 5
2 11
6 6
2 3
1 6
8 2
8 2
8 5
14 4
11 3
3 2
6 13
7 1
8 9
4 6
8 9
9 6
14 6
13 1
10 6
3 3
15 12
9 8
9 4
3 8
2 10
6 5
5 1
7 1
2 10
12 10
15 11
11 3
12 1
15 9
6 2
10 7
5 9
12 8
8 1
2 3
14 16
1 1
10 1
4 3
15 5
4 6
16 3
9 10
1 2
3 5
2 14
15 7
3 10
16 1
8 10
12 7
12 7
14 8
16 4
15 4
9 12
