244 1000
1 2
1 3
3 4
4 5
1 6
3 7
4 8
1 9
5 10
6 11
11 12
3 13
1 14
9 15
7 16
8 17
14 18
12 19
8 20
17 21
17 22
15 23
17 24
23 25
6 26
3 27
14 28
7 29
6 30
13 31
1 32
29 33
12 34
9 35
21 36
18 37
11 38
11 39
30 40
34 41
35 42
38 43
35 44
36 45
15 46
13 47
32 48
11 49
10 50
36 51
2 52
50 53
48 54
30 55
21 56
20 57
23 58
58 59
29 60
14 61
41 62
9 63
7 64
45 65
3 66
37 67
64 68
30 69
51 70
33 71
58 72
6 73
12 74
73 75
9 76
38 77
31 78
68 79
63 80
58 81
39 82
40 83
2 84
55 85
58 86
35 87
65 88
27 89
21 90
23 91
12 92
14 93
42 94
93 95
79 96
63 97
37 98
8 99
68 100
80 101
30 102
61 103
54 104
47 105
60 106
3 107
25 108
9 109
16 110
93 111
63 112
27 113
17 114
45 115
114 116
4 117
70 118
41 119
15 120
14 121
93 122
4 123
82 124
97 125
93 126
112 127
112 128
52 129
105 130
46 131
84 132
88 133
40 134
16 135
12 136
62 137
72 138
108 139
128 140
28 141
41 142
118 143
62 144
115 145
134 146
102 147
123 148
88 149
72 150
47 151
108 152
135 153
48 154
84 155
64 156
145 157
136 158
14 159
100 160
130 161
70 162
96 163
74 164
58 165
105 166
43 167
82 168
132 169
42 170
162 171
91 172
27 173
135 174
32 175
55 176
85 177
134 178
139 179
21 180
153 181
151 182
91 183
122 184
142 185
30 186
130 187
82 188
66 189
177 190
184 191
71 192
131 193
178 194
52 195
90 196
160 197
153 198
100 199
47 200
178 201
171 202
111 203
89 204
192 205
125 206
170 207
32 208
37 209
25 210
13 211
135 212
115 213
99 214
39 215
63 216
48 217
149 218
119 219
188 220
149 221
1 222
177 223
171 224
141 225
26 226
135 227
52 228
102 229
229 230
19 231
68 232
226 233
143 234
2 235
199 236
85 237
185 238
214 239
103 240
128 241
85 242
25 243
122 244
108 4
230 8
18 8
79 6
4 1
236 9
19 5
69 8
152 4
145 12
242 5
223 8
199 10
133 7
164 6
206 4
168 1
87 3
86 9
60 213
189 6
48 3
25 6
215 9
192 8
167 5
192 10
98 1
14 9
202 56
237 5
60 9
52 7
84 2
140 7
29 10
106 4
194 9
104 8
28 137
155 6
203 2
70 10
104 10
119 4
233 6
77 10
25 9
213 5
103 30
16 8
180 8
25 3
241 10
199 8
134 6
31 7
93 1
58 10
187 234
222 3
26 2
94 10
187 2
121 1
11 1
37 3
15 9
168 8
71 68
120 7
47 5
145 5
30 5
75 7
144 1
157 2
132 10
178 8
212 22
219 8
211 2
105 5
78 4
23 2
103 9
43 7
71 7
161 10
4 159
112 8
109 6
127 6
99 10
14 3
53 1
59 7
146 6
77 10
156 231
126 3
183 6
228 5
118 9
133 5
96 5
45 6
216 3
55 3
166 128
93 2
236 8
60 5
232 8
170 6
181 4
216 6
92 3
171 5
23 59
160 10
198 4
242 2
17 3
234 9
49 1
206 1
129 1
129 2
215 87
61 8
85 1
233 5
23 9
22 3
209 7
226 5
1 1
124 6
86 224
43 3
162 3
17 10
28 4
8 10
111 9
129 10
52 3
144 9
140 117
214 5
166 2
92 7
65 4
21 7
36 10
127 9
198 9
74 3
237 213
237 1
190 9
34 8
191 1
195 8
213 2
93 10
60 10
9 3
43 186
163 3
104 3
83 7
126 6
202 6
113 5
147 5
64 1
204 9
239 90
3 7
141 9
94 1
54 1
93 7
42 4
15 5
242 10
69 2
114 42
13 8
94 3
16 2
187 8
182 3
211 6
188 10
143 8
121 4
238 84
75 3
99 10
26 1
77 5
91 3
209 6
90 9
129 4
235 3
88 226
125 9
235 8
209 1
122 7
200 7
233 6
188 4
53 5
161 3
175 177
94 2
33 9
66 1
43 10
114 8
114 6
90 3
235 3
233 4
135 97
22 5
208 6
116 2
110 5
23 2
167 1
56 5
23 1
124 8
225 208
53 6
105 9
212 1
5 3
228 1
169 6
121 7
79 4
230 3
149 182
230 3
94 6
199 10
141 9
167 5
94 9
52 3
24 8
151 1
57 70
132 8
197 2
164 10
11 3
192 1
208 7
41 6
30 6
167 6
12 44
208 10
208 8
119 6
210 1
233 7
217 5
170 6
121 2
221 10
51 243
123 1
127 10
68 3
144 2
28 5
128 5
49 3
206 9
78 4
178 75
155 5
241 1
118 7
128 8
237 4
139 8
154 6
150 4
199 1
149 243
160 3
213 7
53 6
112 10
73 4
102 5
154 8
155 1
86 1
165 89
200 2
95 2
228 6
171 6
51 4
102 7
198 6
187 9
138 10
229 57
235 4
202 6
128 7
1 3
121 9
177 2
214 10
129 9
18 3
11 194
200 1
206 4
93 1
83 2
126 5
2 8
139 4
36 6
90 2
191 42
186 6
135 10
132 3
51 2
244 2
121 8
200 7
178 8
219 4
41 21
215 3
119 9
18 7
176 5
127 2
95 5
222 1
65 1
224 5
10 190
197 1
160 5
120 1
203 7
131 8
72 8
207 6
132 1
135 8
191 144
198 7
206 9
1 1
141 10
49 1
111 8
85 2
20 3
139 5
82 170
161 7
233 8
168 1
167 2
85 3
178 8
45 1
171 2
1 8
226 137
186 7
30 10
2 1
5 3
227 10
162 7
95 7
114 6
29 7
243 224
104 9
207 10
186 5
174 8
203 3
27 7
21 7
193 9
221 4
167 223
38 9
150 1
129 2
234 1
102 2
152 7
155 6
184 2
126 8
237 66
127 3
153 3
179 7
217 7
111 7
60 10
165 5
218 8
202 8
71 240
147 10
229 8
222 6
116 8
53 1
40 6
47 9
154 1
102 9
136 184
176 4
15 8
51 8
64 7
99 4
34 4
244 6
163 5
52 9
82 148
145 10
62 5
29 9
43 7
2 5
28 2
204 6
78 6
222 1
63 236
185 3
145 3
45 4
176 9
58 4
77 4
128 5
191 6
189 2
234 55
243 2
216 2
72 7
76 10
190 1
91 4
136 1
175 7
186 1
117 124
229 3
222 2
115 3
35 8
226 1
211 1
207 5
213 9
38 8
204 238
184 9
241 2
93 9
28 6
71 8
88 6
65 4
116 3
45 6
207 216
87 8
216 3
69 5
181 7
218 8
36 10
221 7
78 8
168 1
66 222
99 5
230 10
57 4
173 1
22 8
44 1
146 9
94 8
195 7
157 45
164 2
34 8
129 3
3 7
95 2
196 8
188 9
150 3
22 5
4 144
173 10
10 3
40 3
130 1
172 4
88 6
158 1
35 4
113 7
157 87
156 6
209 4
40 7
193 9
44 2
81 10
224 9
175 10
207 2
240 64
234 7
160 10
194 5
17 7
54 4
96 2
16 7
109 3
5 7
19 98
83 4
231 5
97 8
204 8
113 10
6 4
145 4
208 8
187 2
88 105
232 2
86 10
50 2
21 2
39 10
35 2
235 5
222 4
163 4
100 133
109 7
172 7
210 9
95 7
110 4
64 5
14 4
196 6
158 7
31 52
88 4
125 2
58 9
27 5
233 7
123 5
157 2
23 5
55 8
30 25
225 3
37 2
174 9
185 9
198 6
135 2
172 5
52 6
104 4
149 33
233 10
86 4
21 5
104 9
53 2
100 4
241 9
114 2
133 8
35 37
213 6
57 7
101 6
134 6
223 9
77 2
222 4
129 7
213 2
66 42
184 4
20 6
35 9
227 5
196 3
147 5
211 8
115 9
104 6
224 45
76 3
75 8
139 1
10 10
150 8
31 3
72 1
124 5
108 5
210 116
100 6
78 10
44 10
144 10
165 1
187 10
199 1
15 2
193 6
78 204
25 5
162 1
48 4
5 6
211 8
115 6
167 3
6 6
100 8
214 39
177 4
97 2
211 5
189 1
209 1
50 10
120 9
207 6
3 9
142 167
97 10
235 7
232 6
92 3
198 10
162 4
218 8
238 5
59 7
3 82
1 9
49 8
23 8
206 4
238 4
105 8
35 8
163 1
22 3
81 186
32 4
205 8
30 7
210 5
208 10
212 3
55 10
110 10
185 1
242 154
192 10
153 6
211 10
240 6
128 4
37 5
24 2
244 9
123 7
115 132
127 6
87 2
188 3
170 2
48 7
58 8
77 3
132 7
167 3
200 133
90 6
18 3
1 8
112 8
143 5
99 3
199 10
152 1
219 7
113 190
151 4
244 3
13 6
238 9
208 2
239 8
12 10
95 4
197 1
24 104
108 9
179 8
143 2
110 1
15 10
63 2
38 6
120 3
164 4
181 109
128 10
141 2
235 1
172 9
179 7
48 5
84 9
145 6
188 9
144 206
136 1
16 5
58 1
123 4
65 10
102 6
4 1
61 8
214 1
203 37
238 5
155 3
220 7
10 7
190 9
172 10
220 8
229 2
205 5
182 241
110 7
59 3
120 4
103 2
34 3
212 10
113 7
196 7
243 1
113 233
67 9
102 9
43 9
172 3
93 4
83 5
146 9
37 7
92 3
226 64
203 9
93 8
216 6
7 7
88 5
203 1
153 8
50 8
175 6
185 104
19 8
208 4
178 1
25 6
14 7
194 1
18 7
140 9
104 1
222 27
215 10
13 5
155 3
204 10
47 9
164 4
102 1
86 7
38 3
236 172
214 8
144 2
68 3
67 10
193 8
54 1
102 2
218 4
26 4
195 26
7 5
207 2
83 2
6 4
133 10
4 1
48 4
137 8
189 8
134 159
17 6
30 9
211 1
81 8
99 2
131 9
67 9
236 6
9 4
6 101
77 9
127 6
205 2
151 5
81 7
192 5
33 10
134 3
225 2
109 37
213 9
52 3
60 9
139 2
162 5
124 3
151 1
78 7
128 9
108 55
102 6
166 1
42 9
8 4
225 6
52 5
155 4
161 7
204 2
220 57
200 3
108 7
135 4
114 4
33 5
128 2
161 10
44 9
195 6
40 136
15 8
96 9
196 6
178 4
178 6
207 7
216 2
168 4
122 7
193 232
171 5
124 10
69 3
101 9
127 1
53 5
93 3
212 8
150 1
80 241
200 7
95 9
184 10
133 7
198 10
204 9
8 3
109 3
164 4
78 131
227 2
55 10
69 10
220 8
57 8
235 1
229 9
140 10
96 6
64 166
228 1
7 9
201 9
18 6
237 3
32 3
17 4
67 8
190 8
160 149
77 1
188 5
186 5
145 1
38 9
122 1
44 2
7 4
15 2
110 46
124 4
18 10
164 4
211 6
61 10
70 1
110 5
38 8
224 7
189 152
143 3
168 9
37 3
176 2
242 7
28 5
24 6
206 6
38 4
58 49
147 5
163 2
60 1
103 2
105 9
129 10
113 7
159 5
132 8
29 21
