51 1000
1 2
1 3
2 4
3 5
2 6
2 7
4 8
2 9
5 10
5 11
6 12
12 13
5 14
11 15
4 16
4 17
4 18
14 19
5 20
16 21
19 22
17 23
2 24
21 25
15 26
20 27
9 28
14 29
20 30
25 31
2 32
11 33
22 34
23 35
10 36
22 37
15 38
32 39
2 40
11 41
24 42
41 43
4 44
12 45
40 46
36 47
5 48
32 49
5 50
26 51
18 4
27 4
50 2
43 2
17 7
44 1
5 8
3 10
35 1
1 46
28 7
27 5
43 2
35 8
10 4
3 9
7 5
19 2
41 5
47 34
8 7
7 9
13 4
29 9
29 2
9 9
17 8
23 2
43 6
46 51
23 7
48 9
4 7
23 6
47 9
21 2
46 2
44 6
38 1
21 32
15 3
47 3
23 3
14 6
47 8
26 10
35 5
15 10
12 7
32 32
5 2
50 6
1 10
30 8
48 7
50 7
28 5
27 3
43 2
1 18
20 2
11 7
41 2
9 6
10 6
8 1
23 10
45 3
22 10
24 27
33 2
16 9
35 6
16 8
25 5
6 5
17 4
15 5
46 7
50 26
12 3
32 6
49 7
51 1
11 5
18 8
37 3
13 4
22 2
28 46
4 6
21 4
19 1
3 1
11 1
51 5
26 8
38 4
50 2
21 35
51 4
2 4
18 7
37 10
41 4
48 9
32 10
22 4
29 4
46 10
29 7
22 5
16 9
33 4
22 8
22 3
28 4
41 10
51 7
21 43
39 4
7 3
41 8
20 1
41 4
42 5
24 5
51 1
17 5
22 14
19 2
45 9
16 8
6 7
26 5
14 5
9 3
2 8
39 10
50 35
45 3
43 7
7 7
46 5
45 5
2 7
33 2
11 5
6 6
12 40
11 8
30 4
15 4
2 3
47 8
34 5
19 8
43 8
25 5
26 28
37 1
21 10
19 9
19 4
31 3
45 2
42 5
37 6
38 1
7 48
30 9
12 3
21 3
1 5
21 3
10 9
19 1
47 5
12 8
13 33
34 8
26 1
45 3
18 10
51 5
10 1
18 7
16 8
11 6
17 16
31 7
33 2
16 8
8 5
17 4
17 8
13 10
35 9
20 6
22 47
28 7
23 5
47 1
51 4
14 4
24 6
29 4
38 9
1 8
51 26
26 7
18 2
31 8
43 10
2 2
35 6
4 2
8 3
38 10
4 21
6 5
40 4
8 4
34 4
20 3
43 5
1 2
39 8
9 7
8 51
21 8
1 5
17 1
23 1
34 8
44 10
15 1
48 5
46 3
14 30
27 2
7 3
21 8
23 6
24 10
42 8
38 1
38 4
30 3
18 18
9 5
23 5
19 7
44 4
14 5
39 6
4 7
47 9
43 8
46 31
30 8
49 6
1 6
9 10
42 4
8 7
51 3
43 9
49 9
5 16
3 5
29 4
51 4
3 10
37 8
25 7
19 9
3 10
41 7
20 21
41 1
1 8
3 10
28 2
12 3
23 7
31 8
5 8
3 10
14 30
36 2
44 10
38 2
41 3
26 2
19 2
31 3
42 6
50 9
26 38
15 4
39 5
43 7
25 8
42 5
37 3
20 5
3 1
21 4
29 43
13 5
28 5
8 4
23 10
5 10
29 2
15 7
50 9
24 10
25 51
49 1
37 10
24 3
15 4
31 8
14 2
44 6
26 10
49 6
24 43
35 4
15 8
12 7
44 10
34 9
8 1
8 2
7 3
38 10
6 29
26 5
1 7
37 8
13 10
35 8
39 5
41 3
42 3
25 4
37 35
14 7
33 9
29 2
23 5
45 1
32 1
26 2
34 7
34 1
32 49
22 3
13 3
22 1
29 8
21 5
25 2
5 5
36 2
7 10
44 20
23 7
2 7
22 10
16 1
21 3
6 2
9 2
47 7
2 1
10 35
36 3
40 7
12 1
7 6
8 2
51 3
2 9
18 4
10 8
33 34
29 7
25 6
8 5
43 9
8 4
30 3
24 2
33 1
44 2
34 35
14 8
20 10
38 8
34 9
32 9
31 9
7 2
23 6
50 1
26 31
49 8
13 6
20 8
39 7
35 1
22 8
15 4
36 10
38 9
33 19
45 7
3 10
44 2
37 8
33 8
26 5
42 9
51 2
45 3
49 40
2 3
39 7
14 7
43 7
38 5
26 3
34 1
25 7
2 2
4 24
7 4
10 4
11 3
40 7
50 1
2 7
51 4
49 8
33 3
10 50
45 10
7 2
40 5
38 8
47 1
34 10
32 10
2 7
51 10
15 39
22 5
41 4
3 4
26 7
46 9
9 3
51 7
1 6
12 4
25 25
2 2
15 9
48 8
28 10
13 6
48 4
26 3
38 4
14 4
27 14
23 6
6 6
46 1
17 1
32 4
21 10
19 1
24 2
3 2
42 15
22 3
20 2
9 1
19 8
23 10
24 2
18 1
33 9
7 6
13 14
22 1
39 8
4 5
24 10
45 6
1 9
11 1
26 3
29 10
42 21
47 3
3 4
48 3
31 4
34 2
51 8
46 7
42 1
13 2
11 29
6 5
23 7
36 3
44 2
13 8
31 1
5 6
33 8
48 6
11 34
42 10
43 7
41 5
6 1
23 9
8 5
21 8
51 3
39 3
30 35
17 3
11 8
8 7
13 8
10 9
26 2
19 4
13 1
32 10
46 19
22 2
48 6
2 4
41 1
3 8
13 9
12 7
11 7
9 8
9 22
7 7
35 2
43 1
21 3
49 8
48 8
21 5
36 2
1 3
47 51
47 9
45 3
47 1
45 5
47 4
44 6
28 6
9 10
37 8
25 46
45 5
30 8
39 9
24 7
42 3
43 8
33 6
6 4
26 5
28 18
42 5
43 3
50 1
13 9
46 10
12 7
20 1
5 5
2 9
19 32
35 8
47 9
1 7
50 3
33 3
41 7
7 8
5 7
1 7
16 40
21 10
20 4
44 5
21 1
7 1
19 3
14 7
44 9
25 5
43 22
26 9
17 6
25 3
19 7
15 10
24 1
46 1
19 9
14 8
9 42
39 10
29 7
34 1
15 7
15 10
6 7
19 9
16 9
40 9
36 28
9 1
40 2
6 1
6 1
28 6
31 4
22 3
10 4
33 1
4 32
8 10
18 7
41 4
23 3
1 1
24 8
49 5
34 7
43 1
17 25
5 5
20 10
12 9
38 3
28 5
14 3
1 8
11 3
11 5
40 51
25 5
20 7
9 6
39 10
19 5
21 9
17 4
32 4
45 10
7 23
28 2
15 7
15 8
39 7
49 6
35 10
42 6
39 8
18 5
25 18
14 4
49 1
49 9
31 1
16 8
9 7
7 3
22 9
29 3
16 42
23 6
51 3
34 4
26 1
4 2
11 3
27 7
14 9
47 7
22 39
29 1
10 3
34 6
40 9
38 4
13 6
10 10
22 10
29 1
29 23
42 9
35 10
12 2
47 4
27 1
31 7
2 10
2 8
47 8
23 29
10 9
49 9
47 10
31 1
33 2
51 6
45 9
17 7
20 1
2 34
35 6
49 9
23 10
43 4
17 6
42 7
10 1
13 3
16 3
22 43
15 2
13 7
48 4
41 8
13 4
35 10
18 10
33 6
34 7
36 28
43 8
34 6
25 9
26 5
4 10
50 6
15 10
37 10
23 9
50 50
45 2
10 5
26 2
28 4
51 6
9 10
4 10
12 7
38 2
44 25
25 3
38 2
17 6
44 6
31 10
32 7
8 4
10 2
40 5
48 10
46 4
45 4
27 6
36 2
41 3
2 4
51 9
14 7
4 7
15 19
51 10
48 5
39 1
39 8
22 4
36 4
5 5
32 6
42 1
29 17
39 2
9 6
11 1
26 9
11 8
37 10
8 6
11 10
15 6
39 19
48 3
6 6
9 2
7 4
8 10
16 5
17 9
17 7
5 2
9 47
37 3
15 4
51 6
13 3
28 2
12 8
37 7
40 10
7 8
8 20
3 10
48 5
23 7
10 6
39 8
39 7
41 4
47 9
34 2
41 23
46 1
35 10
10 6
24 4
14 9
45 4
2 1
45 5
24 5
2 17
39 1
47 6
24 3
44 4
31 5
29 7
32 7
10 7
5 4
9 34
8 4
15 7
41 1
30 7
48 5
29 1
2 6
29 4
44 4
15 45
31 3
20 6
23 10
49 8
24 8
18 1
33 3
44 9
20 2
25 44
16 10
50 8
20 5
47 4
5 8
12 8
43 4
24 5
5 9
41 49
28 5
34 4
24 10
45 10
13 5
26 8
44 6
32 9
26 6
6 42
29 9
1 2
30 5
25 1
30 2
39 7
34 9
35 2
50 6
23 11
20 9
24 1
51 6
50 10
39 7
12 8
43 2
45 2
18 6
7 18
5 8
49 4
21 10
26 2
40 3
24 2
28 6
7 10
46 8
7 14
41 10
19 5
49 2
31 6
40 9
20 7
21 4
28 3
37 4
30 12
5 4
16 6
35 8
35 7
29 5
37 8
49 7
27 10
49 6
7 49
33 9
29 8
17 3
44 9
10 9
11 3
42 3
3 5
31 8
36 39
31 6
37 1
33 2
4 1
36 7
8 3
7 1
47 5
51 4
26 18
3 6
16 3
9 7
40 6
4 8
20 5
25 1
44 6
47 10
15 43
16 8
15 7
9 8
7 6
51 6
3 7
30 7
5 3
38 7
35 27
