256 1000
1 2
1 3
3 4
4 5
3 6
6 7
7 8
4 9
7 10
8 11
11 12
7 13
11 14
3 15
2 16
1 17
14 18
16 19
14 20
11 21
19 22
8 23
12 24
4 25
10 26
5 27
1 28
20 29
9 30
5 31
28 32
1 33
20 34
4 35
7 36
20 37
2 38
8 39
18 40
26 41
8 42
41 43
36 44
11 45
38 46
16 47
10 48
33 49
7 50
38 51
3 52
15 53
35 54
21 55
2 56
53 57
18 58
44 59
28 60
50 61
60 62
28 63
33 64
30 65
57 66
65 67
31 68
7 69
1 70
29 71
33 72
64 73
16 74
31 75
10 76
8 77
44 78
10 79
44 80
42 81
19 82
34 83
9 84
36 85
23 86
8 87
39 88
29 89
52 90
55 91
52 92
30 93
69 94
38 95
87 96
50 97
66 98
88 99
41 100
12 101
3 102
66 103
103 104
50 105
54 106
92 107
69 108
46 109
28 110
110 111
100 112
82 113
49 114
86 115
68 116
52 117
26 118
46 119
119 120
70 121
36 122
68 123
82 124
61 125
9 126
79 127
115 128
125 129
100 130
64 131
121 132
51 133
104 134
103 135
71 136
60 137
126 138
7 139
111 140
27 141
5 142
81 143
27 144
34 145
4 146
73 147
128 148
33 149
109 150
122 151
58 152
94 153
78 154
86 155
149 156
38 157
40 158
90 159
136 160
152 161
71 162
27 163
112 164
59 165
106 166
12 167
59 168
6 169
58 170
58 171
16 172
20 173
13 174
50 175
99 176
1 177
150 178
94 179
37 180
10 181
132 182
74 183
47 184
15 185
56 186
37 187
115 188
71 189
25 190
137 191
108 192
63 193
90 194
89 195
82 196
85 197
120 198
129 199
178 200
5 201
5 202
192 203
193 204
71 205
165 206
147 207
108 208
125 209
196 210
55 211
179 212
43 213
48 214
153 215
31 216
83 217
174 218
9 219
189 220
132 221
202 222
109 223
78 224
63 225
1 226
90 227
66 228
150 229
146 230
135 231
91 232
92 233
189 234
27 235
201 236
35 237
199 238
39 239
158 240
70 241
22 242
213 243
151 244
19 245
14 246
17 247
95 248
236 249
66 250
206 251
2 252
93 253
79 254
99 255
242 256
15 8
224 9
119 9
158 7
43 3
179 10
144 2
72 10
3 5
212 11
237 5
70 4
16 2
169 9
90 3
125 6
117 5
1 6
230 6
85 129
90 4
56 3
18 3
35 9
148 1
230 1
143 4
31 3
105 9
214 40
242 6
147 6
184 7
67 2
242 6
95 6
36 4
165 3
126 1
248 250
247 2
208 10
22 8
234 9
61 1
125 4
39 2
251 4
186 4
239 192
112 10
129 8
76 6
22 5
176 10
94 1
114 2
99 3
196 6
169 58
93 10
68 6
216 10
172 4
215 9
84 4
178 5
131 7
236 1
216 30
95 7
188 2
109 3
33 4
232 8
136 7
182 3
46 2
203 9
3 193
85 5
37 1
222 6
147 9
209 1
41 10
204 3
31 7
119 8
16 86
190 9
20 6
5 2
35 3
38 1
75 6
64 4
120 8
84 5
118 57
145 5
217 6
85 6
164 4
241 3
168 7
168 7
24 10
30 4
16 143
241 3
119 3
131 10
197 8
227 9
203 6
30 3
37 10
201 7
141 148
220 10
231 5
222 10
7 9
222 9
134 6
223 7
187 6
53 8
245 29
254 8
141 7
33 1
211 9
26 3
212 8
66 5
243 4
134 10
29 220
100 10
175 3
88 9
8 3
131 5
176 10
50 6
135 1
241 6
234 36
36 7
173 3
48 5
227 1
205 1
234 6
128 2
210 7
67 9
157 225
3 1
72 3
194 7
15 4
130 6
66 5
155 5
52 5
29 10
206 179
252 3
215 10
180 8
237 3
109 9
193 6
74 1
152 3
129 7
202 138
248 2
79 3
6 10
245 10
35 4
19 8
109 6
11 7
96 1
88 54
62 4
172 2
217 9
156 5
19 2
174 7
222 5
190 1
36 2
72 139
174 3
84 5
52 1
67 6
173 4
131 6
134 3
78 1
67 7
22 116
235 10
70 2
122 10
15 10
204 9
29 7
208 10
19 6
35 8
154 88
207 5
229 4
216 10
173 10
174 3
101 3
222 7
199 3
253 4
201 80
221 10
109 10
4 7
205 4
19 3
165 4
220 9
104 6
121 10
206 69
111 1
55 3
124 10
95 6
79 1
56 8
233 1
164 3
205 7
3 231
255 7
145 7
220 4
10 2
119 3
118 7
159 2
96 1
231 1
189 222
208 8
25 3
173 5
167 4
134 6
153 4
190 3
243 8
250 4
92 175
239 9
237 8
118 4
56 2
230 10
71 5
225 1
193 3
175 7
21 249
22 4
101 4
73 7
34 6
225 2
46 9
122 7
251 8
216 2
62 89
216 1
6 6
88 9
137 3
3 6
115 7
76 9
9 3
66 6
201 169
20 8
29 5
255 2
162 3
210 9
210 4
63 3
167 7
21 9
188 221
254 1
114 10
195 7
108 6
125 2
115 2
184 7
76 5
117 8
106 83
138 7
246 6
103 3
61 9
119 1
241 10
60 5
121 6
233 8
27 81
144 5
92 2
216 6
123 2
27 4
111 5
183 2
149 5
118 3
170 113
243 4
37 8
239 4
36 10
253 7
18 7
5 5
203 3
232 6
147 256
111 10
179 10
64 10
53 2
159 4
40 7
206 5
103 7
22 10
135 207
77 2
136 5
62 4
168 2
7 9
166 2
20 2
157 3
134 8
3 173
105 5
137 2
26 4
18 6
125 9
120 7
203 4
16 10
171 8
70 67
171 6
214 10
221 3
182 4
190 6
195 10
195 8
197 4
72 5
131 142
174 6
229 7
32 6
67 2
33 2
92 5
192 3
90 9
241 6
31 124
130 10
220 1
173 3
103 1
77 2
106 2
248 9
88 8
26 9
62 59
86 8
205 3
89 1
155 10
185 1
140 3
165 4
124 10
96 8
7 118
184 9
140 10
189 4
143 10
181 6
243 9
66 10
18 1
122 3
223 244
161 10
52 1
21 8
166 3
107 1
49 4
62 5
56 6
107 8
235 203
57 2
209 7
72 6
164 6
6 8
151 1
1 2
67 3
148 7
164 63
212 9
107 1
60 4
121 10
139 2
73 9
172 10
98 3
73 7
1 151
186 2
31 8
234 1
178 10
95 6
25 6
94 8
59 9
228 7
231 66
112 6
190 4
39 3
215 9
196 4
19 4
232 1
51 1
69 3
64 79
159 9
75 7
162 4
74 5
237 9
142 6
30 4
153 3
141 6
133 99
30 7
37 9
219 1
4 6
156 1
219 6
23 4
1 4
38 10
189 59
8 7
112 9
78 7
162 1
191 2
248 7
132 1
93 8
223 3
168 232
30 10
188 10
148 4
246 5
160 9
108 9
89 3
234 5
180 3
143 46
49 2
44 6
177 1
50 1
87 9
74 6
132 5
177 6
107 5
140 195
212 7
224 5
28 9
201 2
16 4
180 1
216 1
152 10
89 1
163 248
116 10
32 7
27 5
250 1
76 8
84 5
142 7
220 5
225 4
193 60
221 10
37 8
213 7
148 9
186 7
67 1
89 7
172 3
114 7
50 65
163 6
124 2
14 10
56 9
185 2
255 1
213 6
186 10
236 4
15 54
168 3
38 3
146 6
45 9
178 7
63 3
228 2
112 4
238 5
97 65
232 9
154 10
135 4
206 8
121 3
106 8
167 4
34 2
78 1
149 234
208 6
31 1
163 4
13 7
176 7
216 2
162 8
69 7
150 6
245 208
138 9
254 10
148 2
89 6
13 8
62 6
165 2
129 5
115 7
1 73
60 4
150 6
237 10
93 1
30 3
223 5
49 10
48 10
101 10
178 47
212 2
256 1
47 5
44 1
137 5
253 3
80 1
114 10
23 6
176 193
198 5
102 9
9 10
21 9
1 6
220 3
38 8
110 1
121 4
156 29
76 8
239 5
231 3
197 8
163 2
21 1
238 7
165 2
220 6
57 92
115 9
247 5
172 1
89 4
10 2
231 9
199 7
135 7
9 6
119 104
36 10
68 10
235 9
206 4
172 8
138 6
169 6
138 9
224 10
128 224
125 7
83 5
40 8
214 8
256 9
252 4
11 10
56 6
118 10
30 62
147 10
53 6
97 10
161 7
240 10
252 8
184 4
135 2
250 9
78 61
121 6
13 9
33 4
127 2
181 4
189 7
231 6
82 5
19 7
6 221
170 6
45 10
119 8
244 6
123 8
108 10
30 9
133 1
216 10
60 39
192 3
25 9
54 2
12 5
110 7
101 4
154 5
250 9
193 10
29 140
112 5
14 8
247 3
161 6
65 1
7 7
92 2
135 8
156 2
17 131
27 10
58 1
122 5
13 8
153 8
95 9
189 7
176 8
9 9
132 225
115 6
63 10
86 8
127 3
126 5
233 3
81 3
179 1
28 8
185 178
15 1
115 3
31 6
56 6
148 8
17 9
232 9
215 5
59 8
132 90
60 6
28 9
104 6
229 10
136 4
51 1
224 3
33 4
56 6
73 207
115 4
26 7
244 9
31 1
101 8
239 10
53 4
94 4
98 2
235 255
101 7
73 5
231 6
73 5
17 10
127 4
242 7
68 7
76 9
132 146
214 2
141 1
43 6
24 3
243 5
202 8
121 9
43 2
82 7
185 246
173 2
51 4
152 5
154 3
136 1
241 5
170 8
135 10
108 7
166 97
195 9
51 1
136 4
124 5
48 1
229 9
232 10
11 5
25 7
201 67
139 3
50 7
5 3
167 9
39 6
184 10
159 3
181 3
91 7
46 198
76 7
175 4
22 10
23 10
95 7
164 2
113 10
116 2
101 2
246 127
224 10
128 7
80 9
167 6
83 6
244 1
125 2
246 6
11 10
85 58
147 10
8 10
177 8
255 3
56 4
103 7
141 5
48 8
77 9
212 36
189 4
228 10
47 5
169 4
165 5
84 4
85 6
23 7
105 5
256 221
215 9
186 8
64 2
6 9
154 6
131 9
104 6
190 8
43 6
50 33
15 10
178 5
176 6
122 4
247 6
24 8
223 2
127 8
213 2
175 113
24 3
9 5
224 8
84 7
201 10
47 7
91 9
51 8
22 10
155 172
52 10
224 5
222 10
147 6
147 3
252 3
118 3
246 9
204 5
188 15
255 10
134 4
49 5
243 3
203 1
158 2
104 9
37 5
195 5
47 220
252 5
96 4
114 6
90 4
224 8
207 7
217 1
180 3
208 9
18 79
149 1
143 6
219 1
255 8
241 3
204 1
160 7
21 2
111 2
138 88
172 2
166 5
36 7
255 8
66 6
69 10
166 1
16 7
240 3
135 218
240 1
105 5
162 10
19 5
109 7
140 5
247 2
252 9
97 8
247 98
84 5
232 4
140 7
31 4
236 4
197 2
190 2
112 9
36 4
216 254
241 10
106 10
248 8
156 1
62 9
59 7
65 1
126 7
11 6
193 171
8 6
148 7
54 10
18 1
34 1
7 1
125 9
61 1
50 2
159 51
53 10
1 7
131 1
231 1
37 2
215 6
242 10
144 4
48 9
155 155
