148 1000
1 2
1 3
1 4
2 5
5 6
1 7
3 8
5 9
8 10
2 11
8 12
7 13
4 14
12 15
15 16
8 17
11 18
10 19
6 20
3 21
4 22
20 23
21 24
9 25
23 26
23 27
16 28
25 29
2 30
17 31
26 32
22 33
5 34
33 35
1 36
24 37
33 38
34 39
9 40
39 41
6 42
9 43
22 44
27 45
21 46
29 47
38 48
7 49
24 50
8 51
42 52
26 53
36 54
39 55
3 56
4 57
16 58
18 59
8 60
1 61
60 62
35 63
30 64
31 65
51 66
41 67
55 68
22 69
29 70
48 71
47 72
60 73
28 74
22 75
40 76
49 77
6 78
12 79
2 80
24 81
15 82
31 83
5 84
7 85
79 86
84 87
54 88
76 89
58 90
10 91
18 92
70 93
39 94
1 95
49 96
24 97
24 98
62 99
33 100
81 101
63 102
80 103
91 104
5 105
53 106
19 107
19 108
71 109
71 110
21 111
96 112
77 113
99 114
83 115
34 116
18 117
105 118
54 119
100 120
61 121
106 122
53 123
43 124
118 125
23 126
72 127
50 128
113 129
77 130
39 131
57 132
100 133
93 134
87 135
46 136
134 137
35 138
117 139
31 140
67 141
98 142
104 143
96 144
92 145
108 146
26 147
145 148
50 1
105 7
127 9
135 8
92 5
89 10
137 7
59 9
88 10
94 51
48 1
86 7
81 4
86 7
55 6
127 8
4 5
126 3
28 10
85 91
47 1
139 7
12 7
38 7
77 5
33 10
136 1
9 2
40 8
1 55
96 2
16 7
15 1
123 8
75 4
93 1
96 6
12 8
119 5
65 33
65 8
39 1
62 7
72 7
63 10
78 3
36 6
20 5
119 5
9 119
146 8
64 6
89 10
36 4
29 6
58 6
139 7
133 9
113 6
88 103
99 3
27 10
86 7
93 3
29 2
27 5
95 5
70 1
141 1
18 57
100 6
138 7
89 1
3 8
43 2
48 7
16 9
118 5
37 7
8 10
32 10
129 6
61 2
56 4
136 10
119 3
109 2
97 5
139 4
93 90
132 3
121 6
62 3
146 2
49 10
2 1
9 3
112 10
129 10
73 53
24 9
58 7
130 1
33 10
103 8
85 8
120 8
119 2
96 6
51 110
91 10
135 6
112 8
19 3
80 7
129 1
55 1
8 6
119 8
77 12
145 6
57 1
74 8
88 10
104 4
121 7
58 3
80 9
67 2
26 60
98 8
13 9
46 1
16 3
131 1
131 10
99 5
147 8
133 10
72 54
66 7
116 3
102 7
100 4
8 8
112 6
103 7
69 2
108 5
88 70
120 4
104 4
11 7
75 8
86 9
54 3
103 4
73 1
65 9
69 67
105 6
3 1
1 3
106 9
64 8
57 10
140 7
22 4
85 1
117 115
92 3
137 10
85 3
27 9
138 5
31 3
145 7
80 8
17 4
64 108
55 10
72 2
38 4
94 9
65 7
2 9
51 10
28 2
20 3
11 141
126 2
135 8
75 4
23 3
91 10
107 1
92 4
34 6
20 7
39 116
83 9
71 6
23 5
85 10
72 8
29 3
17 1
16 7
96 10
107 32
64 2
114 4
61 5
113 3
38 5
75 10
49 6
43 9
115 1
71 42
30 7
127 4
35 8
87 5
144 1
92 5
61 5
143 4
68 7
18 61
139 1
22 5
133 6
12 4
40 8
119 3
89 7
118 1
1 1
122 64
72 5
11 8
33 1
67 2
125 5
86 7
14 2
43 9
46 3
123 132
36 3
88 8
117 4
2 1
28 4
82 5
27 1
102 2
87 9
107 138
115 2
120 7
96 5
30 5
54 7
47 10
2 1
144 10
83 9
131 24
31 8
74 6
114 6
90 3
22 3
139 7
65 8
47 7
49 5
21 35
108 7
75 5
81 5
123 5
26 4
129 8
148 8
99 9
119 6
141 18
45 10
105 1
104 5
136 1
31 4
20 5
45 2
130 10
120 3
60 53
15 10
37 6
16 9
128 3
92 8
99 6
98 1
34 2
68 1
66 70
23 10
85 7
6 3
50 9
42 8
119 10
35 7
101 4
75 3
13 94
57 4
82 2
6 2
79 4
130 9
45 10
7 1
10 8
4 4
53 42
74 9
102 3
35 8
73 7
123 5
17 4
39 10
42 9
18 10
80 43
47 9
120 2
85 1
14 8
39 8
59 9
6 7
112 6
143 10
27 85
88 1
55 1
70 8
17 2
91 5
29 9
136 10
98 4
65 1
124 137
79 8
14 10
68 4
92 9
86 5
88 4
3 5
73 9
79 5
1 64
98 2
19 2
23 2
42 3
47 9
46 1
105 10
39 1
10 10
34 21
61 3
110 10
65 8
22 9
48 7
118 8
142 5
133 9
70 6
28 90
93 7
89 6
85 10
51 2
74 4
91 9
123 3
106 6
16 1
133 84
61 5
40 7
59 9
27 2
68 9
114 8
57 8
3 1
112 6
133 59
48 7
41 5
38 5
62 9
20 8
4 8
46 7
58 1
46 9
96 22
95 8
124 7
147 8
93 7
135 9
132 3
52 4
80 1
123 2
82 54
106 1
121 1
91 6
97 6
1 4
33 4
113 5
113 4
30 3
140 104
142 9
131 5
81 7
110 4
112 5
89 4
78 8
129 5
34 7
22 80
59 4
73 6
91 10
16 10
12 9
45 3
25 8
6 5
90 4
26 118
137 3
18 3
147 6
85 1
125 1
43 2
3 1
136 5
82 6
145 10
74 3
83 8
61 3
31 9
40 10
118 2
26 8
131 4
12 8
106 77
99 1
124 7
78 2
138 2
42 9
147 1
124 4
61 1
81 7
125 93
36 7
113 5
44 9
74 9
130 8
1 4
55 3
128 7
86 1
55 119
126 7
133 5
106 6
1 3
123 3
109 8
62 7
115 1
19 1
28 27
132 2
3 8
143 4
61 3
144 10
76 4
64 5
84 6
17 5
23 62
110 1
79 7
65 5
69 7
91 10
71 6
124 7
27 3
83 2
8 95
148 7
12 10
59 1
96 8
3 2
108 4
137 6
143 5
79 7
41 146
11 10
30 9
11 3
14 2
2 5
77 4
94 2
87 3
24 7
36 13
126 5
41 1
73 1
79 1
82 3
38 8
89 9
95 8
94 9
118 92
10 3
91 6
27 3
58 2
59 9
26 8
91 1
121 8
105 9
131 82
88 2
61 5
17 7
103 5
136 3
140 4
134 5
2 5
124 1
91 70
14 9
29 4
79 2
32 4
46 4
111 5
83 2
67 1
69 10
141 130
112 8
81 6
21 10
148 2
19 7
140 6
8 5
138 6
45 2
127 59
49 5
41 1
26 1
38 9
61 5
32 7
66 3
75 5
50 2
132 74
85 3
126 8
127 10
1 10
48 10
64 6
98 5
140 8
84 4
61 39
22 6
119 4
66 10
86 8
11 4
97 3
105 4
99 4
49 10
4 47
81 2
79 7
22 7
135 9
9 6
136 5
147 6
32 8
11 10
28 68
144 9
114 3
88 9
115 1
4 1
137 1
63 7
95 9
31 9
121 16
6 3
37 4
101 2
113 6
99 8
106 9
105 5
79 5
101 3
68 131
59 5
49 1
62 9
6 10
34 2
4 5
90 10
77 8
65 3
110 132
115 3
29 10
8 1
92 5
65 5
122 9
140 2
99 7
105 8
88 106
108 4
9 5
28 1
71 10
93 10
146 8
99 3
123 3
126 2
136 143
123 5
21 2
99 1
131 2
9 5
70 1
62 2
94 6
120 1
125 107
85 3
65 10
20 5
107 1
24 7
61 3
16 10
29 9
75 10
111 126
45 1
118 1
139 6
77 8
127 6
130 9
49 7
110 3
117 8
125 28
62 2
72 9
23 7
119 3
110 5
95 9
59 2
66 1
44 2
141 130
8 9
105 7
118 1
142 9
64 6
25 10
113 4
107 3
73 9
144 129
135 2
135 5
10 9
116 2
112 4
86 3
109 6
122 10
10 2
60 89
98 8
102 9
80 7
148 1
26 8
112 5
2 1
96 10
21 5
114 13
6 10
41 4
79 4
28 9
30 5
67 7
76 3
41 5
139 10
130 141
69 9
16 3
38 3
42 6
124 6
88 9
39 5
56 7
40 9
29 34
140 1
77 9
7 5
101 10
145 10
119 8
5 8
29 5
141 10
122 13
15 2
137 7
126 6
43 7
1 8
59 2
80 1
51 9
113 5
30 123
86 3
29 8
94 6
43 8
65 10
41 9
22 7
30 3
144 3
78 103
71 3
2 2
100 2
13 7
43 6
39 8
47 10
142 4
134 10
121 46
88 5
123 6
80 2
81 10
136 7
80 10
114 1
21 2
85 6
6 142
106 2
99 2
59 9
84 4
53 4
141 6
69 6
112 1
65 6
130 44
62 6
49 9
31 9
4 4
102 3
33 4
46 4
22 4
25 1
22 12
46 10
39 8
123 9
36 1
120 4
92 1
23 3
147 7
48 5
77 102
94 1
137 2
112 3
64 5
92 8
74 6
84 7
43 9
130 10
15 75
55 5
9 3
55 9
87 10
95 3
90 4
35 6
84 9
1 5
113 79
5 10
89 3
32 8
146 4
119 8
42 5
19 7
29 3
69 7
106 88
43 6
48 6
55 4
23 2
5 2
86 5
93 10
65 8
108 6
66 93
111 5
100 9
21 9
116 10
129 2
144 7
62 3
5 5
94 3
51 57
104 1
118 1
1 3
89 6
81 9
131 3
20 1
106 7
25 8
19 60
100 7
77 6
84 1
143 3
71 10
105 10
57 3
2 10
127 4
70 127
58 6
15 3
27 8
34 1
138 2
5 2
42 6
115 7
147 3
97 64
146 7
121 7
50 5
55 8
97 2
115 7
47 9
148 5
86 9
139 83
127 4
64 8
22 4
108 10
66 5
130 3
90 10
95 2
94 4
140 133
124 1
139 5
54 6
104 2
49 8
93 9
147 3
142 4
143 5
60 64
120 2
74 10
112 1
118 1
33 10
128 7
22 5
21 9
74 4
123 106
87 4
79 3
134 1
148 7
132 7
142 2
139 5
89 6
92 6
34 100
83 10
101 2
24 5
40 8
74 6
82 6
19 8
22 5
121 2
48 94
