118 1000
1 2
1 3
2 4
2 5
3 6
4 7
1 8
5 9
7 10
10 11
11 12
11 13
4 14
9 15
7 16
8 17
5 18
15 19
8 20
16 21
16 22
3 23
18 24
16 25
5 26
16 27
23 28
23 29
22 30
15 31
17 32
1 33
29 34
32 35
25 36
13 37
18 38
36 39
6 40
10 41
29 42
9 43
9 44
31 45
23 46
12 47
11 48
29 49
27 50
37 51
25 52
51 53
1 54
26 55
11 56
48 57
22 58
40 59
30 60
7 61
3 62
56 63
36 64
30 65
29 66
32 67
34 68
55 69
27 70
39 71
30 72
68 73
29 74
72 75
60 76
40 77
12 78
37 79
58 80
29 81
7 82
36 83
5 84
72 85
10 86
14 87
21 88
11 89
25 90
7 91
65 92
79 93
66 94
52 95
67 96
63 97
51 98
21 99
28 100
39 101
37 102
16 103
98 104
83 105
10 106
7 107
7 108
93 109
104 110
60 111
103 112
17 113
29 114
11 115
17 116
85 117
103 118
106 10
48 1
34 3
7 3
49 4
63 8
114 4
104 7
82 1
48 41
79 3
108 3
39 4
92 5
56 4
73 2
17 1
81 1
117 5
34 10
53 4
54 3
78 3
59 8
62 9
1 4
117 2
66 6
71 4
62 24
91 4
52 2
30 6
101 5
91 1
1 7
12 9
27 2
63 10
82 63
114 7
108 8
42 6
84 10
55 6
45 9
108 1
116 10
47 6
75 34
51 5
10 4
15 4
45 1
99 6
115 4
17 5
116 6
72 6
114 62
63 5
79 1
56 8
14 3
31 1
7 4
18 3
44 8
82 3
46 97
73 9
71 6
12 8
18 9
36 9
61 4
96 7
111 8
31 1
8 112
68 2
45 6
36 3
24 2
44 5
110 8
61 5
105 7
74 4
39 26
111 2
106 10
37 8
74 4
30 8
65 1
6 6
46 1
48 5
21 83
11 4
11 6
14 5
115 4
12 5
107 3
64 6
15 4
14 4
62 21
53 3
50 7
94 10
20 1
51 8
76 6
4 2
108 1
65 5
91 25
17 10
49 10
1 9
106 3
45 10
96 3
20 1
70 10
62 5
29 70
38 3
88 10
30 9
108 7
21 2
63 6
76 2
109 10
42 2
39 99
77 6
8 5
107 1
16 10
70 8
73 2
11 4
85 9
62 9
26 48
7 6
31 4
86 5
76 7
63 2
88 3
26 8
51 9
1 2
62 15
1 6
22 3
68 1
36 5
90 4
84 7
104 5
92 7
96 9
31 16
81 8
60 6
77 1
5 8
97 8
86 4
21 4
80 3
73 3
71 70
30 7
26 8
7 6
67 6
62 3
24 6
35 6
88 1
11 2
1 26
64 7
36 6
86 6
49 7
4 8
46 7
2 7
31 6
104 5
71 34
116 10
37 2
2 6
98 4
36 1
111 10
47 1
4 3
53 1
110 77
108 2
49 3
30 3
117 3
57 2
57 7
50 4
1 6
94 7
54 61
115 10
84 1
22 7
3 1
98 10
117 4
10 2
91 6
5 7
95 101
3 8
80 3
83 1
104 8
49 5
52 7
22 6
41 6
32 4
9 55
18 3
51 4
100 10
37 3
34 2
117 9
66 8
93 4
22 10
90 69
59 2
51 4
5 7
10 2
113 10
76 7
66 1
8 7
76 4
44 58
33 4
45 4
71 5
115 3
92 6
85 6
98 7
69 5
105 7
101 113
65 4
84 9
98 10
111 3
16 7
118 10
16 7
92 9
10 1
110 26
42 7
94 1
57 8
60 5
100 7
21 8
61 9
104 3
97 8
92 111
8 2
74 1
17 4
114 1
108 4
93 6
46 7
23 3
36 7
37 84
31 3
100 2
19 4
56 9
12 7
16 9
5 8
6 8
108 5
7 90
80 5
73 6
104 9
24 8
30 2
114 10
72 4
12 7
39 6
47 13
50 5
112 10
74 4
17 7
23 1
68 8
103 5
6 3
52 10
61 58
28 3
107 7
34 1
3 7
16 7
80 10
18 3
54 4
90 10
46 106
15 6
108 2
1 6
21 6
98 1
93 2
92 2
18 5
116 1
108 69
22 9
29 6
34 7
18 3
97 2
86 4
72 2
105 5
11 6
6 16
48 9
54 5
110 9
105 6
87 10
77 1
109 4
55 8
89 10
42 82
18 7
2 1
106 5
83 4
102 4
29 5
10 9
50 2
5 9
89 62
58 6
8 10
24 7
91 6
50 1
5 9
16 7
11 7
50 8
48 15
4 6
85 7
77 1
16 4
5 3
67 5
27 4
117 9
92 1
74 111
24 4
117 10
19 1
32 4
46 2
116 5
96 7
102 5
48 10
99 19
88 10
74 4
98 4
82 4
45 4
43 9
41 8
6 4
116 3
74 73
107 9
51 1
83 7
66 8
9 10
46 6
57 5
26 10
49 7
57 25
115 4
23 2
15 3
71 5
41 7
49 3
62 8
80 1
2 1
58 51
62 6
30 2
55 8
49 5
32 4
76 6
89 1
38 8
45 8
21 53
75 4
59 6
34 3
46 1
66 10
34 8
102 6
110 7
59 7
111 80
74 1
29 9
7 5
15 8
105 8
59 6
101 1
47 9
108 5
19 17
9 2
39 3
22 1
33 2
80 8
114 2
13 8
44 9
36 4
76 50
78 3
14 4
86 10
87 4
19 10
39 2
72 1
112 2
77 2
54 23
9 9
82 6
58 5
103 3
10 3
70 5
101 8
113 6
55 7
92 38
107 5
99 5
16 7
76 7
24 4
75 10
77 3
114 10
17 6
89 36
43 7
49 4
27 10
104 8
99 8
64 6
55 2
38 6
117 9
81 29
1 3
52 4
77 5
49 4
37 1
25 10
99 9
115 5
68 4
4 26
87 4
45 10
44 4
51 7
15 2
3 8
98 3
39 3
20 2
18 36
24 10
35 8
57 9
41 4
91 6
38 10
100 2
5 4
12 9
46 36
59 6
68 9
5 5
38 4
41 3
62 9
102 1
106 6
82 7
74 74
75 8
97 8
75 5
47 4
82 1
80 8
68 3
102 8
99 3
12 13
38 7
116 4
13 1
32 10
64 8
90 7
64 3
93 10
33 3
50 30
33 1
76 4
92 9
112 6
82 1
22 4
104 4
97 2
86 5
15 84
103 7
68 6
95 7
70 4
30 10
76 6
69 1
65 3
45 2
35 61
67 5
44 3
55 4
88 6
47 9
65 2
87 2
96 1
90 10
65 44
10 8
113 1
47 3
34 10
16 7
101 10
89 2
13 8
21 5
99 25
101 5
79 1
50 1
111 4
33 6
32 8
13 7
13 5
53 9
97 80
40 10
75 2
89 2
106 10
18 6
59 3
14 5
102 6
11 9
65 33
95 4
46 8
116 4
27 2
65 7
39 2
97 9
65 8
90 2
31 61
42 1
111 2
19 3
116 7
9 2
101 8
70 9
117 8
101 4
21 25
118 8
82 7
38 7
57 9
2 7
80 10
63 9
56 4
11 3
101 33
56 2
13 2
1 1
44 3
4 2
102 7
3 1
66 8
57 10
84 101
88 5
37 1
70 5
75 3
47 5
102 3
78 2
9 1
14 8
41 29
85 2
30 9
62 4
19 9
93 3
69 7
29 1
12 1
99 2
2 26
110 3
16 3
72 4
5 3
83 5
70 1
32 2
46 8
31 9
66 53
72 9
57 3
1 6
18 5
49 1
80 3
73 2
20 5
97 7
3 23
59 3
68 1
78 2
84 10
20 5
13 5
112 5
89 4
86 8
87 11
7 6
76 2
66 3
115 5
62 4
72 9
51 8
117 5
50 1
86 10
28 10
72 6
117 5
116 2
12 2
88 10
99 3
64 8
113 4
22 99
20 9
51 10
92 2
3 2
32 5
111 4
100 1
43 6
65 4
100 33
101 5
118 2
21 7
66 2
74 9
115 6
59 7
110 8
89 4
19 18
87 7
108 1
25 3
49 1
89 4
69 4
82 7
87 8
26 7
13 74
3 7
88 10
54 8
66 6
40 1
64 3
111 10
32 5
11 9
81 79
99 10
95 4
4 7
51 1
40 1
47 10
100 2
34 2
6 9
80 59
114 6
67 1
3 10
11 9
48 2
95 7
32 10
50 3
92 1
97 66
57 9
13 7
15 1
23 10
87 3
78 6
2 2
93 3
23 6
51 51
112 4
98 2
67 1
27 6
113 3
60 2
28 8
39 5
42 4
80 99
112 6
55 1
94 1
91 8
12 10
94 7
42 6
84 5
74 2
76 87
112 1
91 3
85 4
56 8
22 2
98 7
69 10
83 3
57 1
102 86
85 1
9 1
66 10
33 2
92 7
15 4
39 8
13 7
53 1
36 102
9 4
91 1
9 9
85 2
48 5
84 1
59 6
56 7
109 1
22 15
74 2
94 3
22 6
2 5
102 3
29 4
57 2
35 10
77 2
54 35
65 5
1 8
116 8
35 3
83 4
20 10
76 3
76 7
99 5
115 117
69 3
38 3
17 3
9 7
99 4
1 9
49 3
115 2
74 2
98 23
83 2
98 1
106 3
86 6
9 9
44 5
47 1
16 10
26 7
65 36
91 4
10 5
115 4
115 10
108 9
106 10
23 2
118 7
96 4
115 64
6 10
3 5
102 3
26 2
114 6
63 6
46 7
57 2
90 5
12 118
77 7
61 9
20 4
114 7
59 9
76 3
25 6
110 5
13 2
44 39
24 10
43 10
97 3
66 2
55 1
26 4
114 9
116 4
61 9
25 74
28 10
34 4
98 7
11 8
2 3
35 10
4 1
66 8
16 5
24 63
72 6
47 9
22 7
50 1
24 5
107 9
72 2
67 6
67 9
49 100
18 1
50 5
96 8
26 7
82 3
78 10
18 7
75 10
56 6
44 69
47 3
52 3
2 7
92 10
77 9
5 7
54 8
37 6
100 2
96 107
4 9
88 8
55 3
85 9
37 1
46 5
110 9
67 1
117 2
49 71
