309 1000
1 2
1 3
1 4
4 5
2 6
4 7
7 8
4 9
4 10
3 11
10 12
9 13
5 14
6 15
3 16
16 17
7 18
15 19
1 20
17 21
11 22
22 23
14 24
24 25
1 26
12 27
19 28
27 29
1 30
20 31
22 32
15 33
32 34
32 35
34 36
35 37
17 38
23 39
35 40
19 41
8 42
22 43
9 44
29 45
9 46
39 47
33 48
28 49
37 50
31 51
1 52
52 53
31 54
6 55
18 56
21 57
18 58
16 59
59 60
5 61
58 62
40 63
15 64
40 65
1 66
52 67
34 68
65 69
35 70
42 71
42 72
33 73
6 74
28 75
55 76
9 77
43 78
15 79
70 80
12 81
31 82
43 83
63 84
43 85
6 86
55 87
29 88
2 89
42 90
12 91
24 92
28 93
1 94
42 95
16 96
24 97
82 98
58 99
43 100
88 101
61 102
70 103
102 104
98 105
77 106
25 107
49 108
22 109
30 110
84 111
64 112
15 113
80 114
96 115
2 116
100 117
93 118
67 119
58 120
66 121
63 122
23 123
32 124
22 125
17 126
99 127
82 128
37 129
125 130
5 131
77 132
42 133
108 134
79 135
29 136
13 137
71 138
7 139
28 140
32 141
11 142
128 143
43 144
30 145
125 146
76 147
142 148
110 149
127 150
12 151
112 152
94 153
131 154
42 155
15 156
44 157
16 158
70 159
83 160
9 161
80 162
102 163
25 164
85 165
137 166
76 167
80 168
163 169
125 170
124 171
85 172
130 173
91 174
153 175
169 176
161 177
160 178
147 179
177 180
126 181
93 182
106 183
148 184
121 185
143 186
32 187
118 188
56 189
34 190
114 191
134 192
187 193
161 194
38 195
160 196
119 197
106 198
153 199
147 200
55 201
89 202
138 203
198 204
171 205
83 206
97 207
120 208
90 209
15 210
34 211
3 212
79 213
132 214
119 215
10 216
124 217
194 218
53 219
172 220
31 221
31 222
170 223
172 224
196 225
105 226
179 227
40 228
58 229
190 230
190 231
194 232
207 233
2 234
51 235
20 236
186 237
236 238
12 239
159 240
198 241
239 242
205 243
206 244
67 245
60 246
128 247
212 248
203 249
11 250
65 251
228 252
236 253
196 254
138 255
249 256
150 257
52 258
214 259
211 260
69 261
171 262
224 263
69 264
259 265
164 266
132 267
35 268
197 269
203 270
155 271
13 272
263 273
269 274
117 275
146 276
253 277
275 278
4 279
37 280
43 281
177 282
144 283
35 284
272 285
204 286
260 287
86 288
50 289
165 290
151 291
266 292
243 293
233 294
253 295
190 296
210 297
293 298
141 299
241 300
199 301
111 302
91 303
274 304
227 305
274 306
171 307
173 308
56 309
139 3
240 5
108 7
141 2
107 8
145 2
279 8
78 10
106 6
249 114
78 10
200 4
181 8
163 9
153 8
80 1
71 2
19 4
91 9
268 69
89 1
42 6
150 4
53 1
97 2
226 9
196 7
180 8
284 6
157 167
4 1
178 4
101 8
69 7
22 4
59 7
252 9
296 2
194 3
275 166
52 7
227 9
255 8
89 5
233 2
102 4
32 2
264 2
157 5
302 218
91 7
279 3
139 3
240 6
267 4
27 8
294 10
90 3
211 3
213 46
52 3
7 4
85 9
61 9
168 1
162 9
221 9
287 8
264 9
7 93
252 6
168 6
34 10
63 1
271 7
184 7
202 10
237 1
39 8
269 283
244 8
260 2
15 6
93 5
279 1
152 5
135 3
63 1
155 6
171 214
152 1
190 4
79 3
273 1
112 8
103 8
60 10
202 10
199 10
255 164
116 2
128 10
128 3
162 10
122 9
105 4
249 9
38 2
204 8
192 304
77 6
244 7
44 5
52 9
180 9
155 5
28 2
265 5
239 7
278 234
183 7
19 3
281 8
145 1
210 2
291 10
233 3
69 2
79 7
166 10
117 6
104 4
280 7
187 5
136 4
193 8
247 2
128 10
199 2
132 210
90 4
76 6
207 5
4 3
305 10
164 3
279 7
60 3
283 7
76 270
266 3
269 4
210 10
127 4
286 3
309 3
305 6
171 7
196 8
138 128
175 3
182 1
59 1
95 7
128 1
117 6
192 4
13 9
38 7
75 94
158 9
45 10
81 5
16 5
4 2
105 8
15 4
134 3
120 2
196 121
223 3
10 6
207 3
184 2
263 8
301 7
270 2
28 7
55 6
133 62
226 1
297 7
262 1
27 6
125 5
174 1
124 6
196 8
55 7
304 135
27 8
151 9
231 10
195 9
18 6
163 9
19 9
202 4
172 5
277 303
212 2
185 5
281 4
141 2
98 4
9 3
228 6
151 3
23 10
301 174
4 7
212 4
247 10
224 5
106 1
68 7
75 3
45 8
89 8
81 13
91 10
83 9
169 7
34 6
84 2
304 4
285 10
121 8
80 1
85 67
281 9
198 2
203 8
91 7
26 10
128 4
179 8
36 9
127 9
41 298
296 1
164 9
84 8
112 8
96 2
141 9
150 6
203 2
273 6
265 91
31 3
15 7
28 2
36 2
28 1
172 1
176 9
44 9
108 8
144 125
199 5
85 10
238 6
197 9
210 9
145 6
142 7
59 10
115 3
99 123
158 10
252 5
12 5
287 10
278 2
270 4
179 5
59 10
222 4
139 60
17 6
236 6
296 5
217 5
270 7
21 6
299 3
94 10
185 7
65 91
238 7
65 3
201 8
163 9
133 7
301 5
282 10
137 2
232 8
297 105
200 7
41 4
223 8
268 10
181 8
95 2
230 9
40 1
117 9
29 244
186 8
221 1
95 3
31 2
6 4
174 4
269 7
108 5
247 2
211 227
177 1
124 2
134 2
283 8
199 5
291 9
28 1
217 4
220 5
122 195
103 3
132 3
107 9
63 9
201 4
88 7
253 9
153 10
200 9
284 100
212 9
48 2
260 5
223 9
284 6
183 4
216 6
200 1
64 10
14 286
183 2
20 8
77 1
258 10
295 10
101 6
163 3
276 5
270 1
215 206
11 10
148 3
259 7
258 9
109 9
122 4
1 2
129 9
135 8
48 212
202 2
26 6
182 3
307 10
138 9
298 6
155 1
237 8
177 9
154 125
238 9
161 9
295 8
296 2
24 10
173 8
278 8
71 6
178 5
144 10
238 1
203 1
167 5
196 8
227 9
4 8
42 1
151 9
65 3
71 271
291 9
288 7
174 1
162 9
272 9
73 2
148 8
149 8
281 8
271 114
35 6
5 6
283 9
176 7
46 9
12 7
306 5
137 4
37 3
9 78
262 7
270 5
221 8
45 9
16 6
181 9
110 9
254 4
90 1
130 221
181 10
196 3
107 1
201 10
299 10
59 4
264 4
297 1
166 9
243 89
234 3
218 2
245 6
190 3
201 4
66 10
226 6
132 2
277 1
69 87
120 6
232 2
85 8
26 7
197 3
108 8
203 6
210 9
255 6
228 289
262 5
83 10
92 2
192 1
171 5
307 1
73 1
139 9
295 3
25 109
61 1
103 7
149 10
55 10
168 2
86 5
192 6
14 9
13 10
88 212
135 9
260 5
56 5
263 8
28 9
268 5
190 4
267 10
141 8
205 25
298 2
152 2
172 9
281 9
166 2
211 4
253 5
226 7
170 10
194 120
116 5
234 7
76 5
182 5
93 6
237 3
94 3
36 5
47 10
298 180
144 8
55 5
230 1
5 4
110 6
296 7
251 6
215 7
237 6
194 114
123 6
295 3
79 5
238 4
211 2
202 1
72 10
5 6
244 6
50 70
117 1
81 10
195 2
45 1
258 10
238 6
308 9
239 4
48 8
129 53
267 7
292 5
214 5
160 9
69 9
12 5
80 10
116 1
162 2
280 226
55 2
60 8
221 7
192 8
133 3
147 4
84 9
28 6
258 7
211 72
128 1
152 1
98 3
202 2
186 1
162 7
276 10
283 5
129 6
107 31
164 3
91 3
290 9
125 5
159 3
77 8
187 9
157 3
196 3
200 240
99 3
85 4
143 1
170 2
309 8
81 5
229 7
262 2
10 7
227 245
269 7
305 8
75 8
90 3
109 5
91 1
292 8
264 5
259 10
21 275
22 4
285 2
225 6
233 1
227 8
146 9
4 5
301 10
220 2
5 68
195 1
252 2
160 6
84 9
237 9
135 4
39 6
114 4
208 4
302 90
3 9
76 10
68 5
243 8
253 4
132 9
4 8
214 4
99 2
35 184
206 6
273 5
244 3
70 2
99 5
97 2
290 10
73 4
106 5
290 51
3 4
268 1
3 10
182 4
159 4
2 2
109 4
91 10
204 8
299 108
222 1
131 9
166 4
203 9
68 5
97 7
296 2
276 1
43 6
253 75
27 1
286 9
11 9
185 4
177 2
225 8
212 9
77 4
271 1
71 53
61 6
40 8
199 9
125 8
254 5
146 4
206 3
80 8
188 4
198 25
185 7
236 10
268 8
1 5
219 1
4 7
61 4
35 6
277 5
37 190
138 6
71 9
28 1
111 9
199 4
81 4
235 1
45 4
87 4
50 151
123 2
156 2
300 4
253 10
200 9
89 8
137 9
132 10
189 6
82 166
214 4
196 8
158 10
215 10
188 9
144 2
160 4
183 2
199 7
45 189
243 10
300 1
139 2
144 8
163 10
33 4
10 2
269 10
5 6
50 102
123 7
107 5
243 8
165 1
37 10
63 4
206 2
196 4
289 2
104 256
112 1
16 4
231 6
97 7
137 2
304 2
119 7
215 9
96 7
19 171
96 8
291 8
172 6
105 9
76 7
268 7
214 8
218 6
140 7
248 273
293 7
277 3
214 4
176 5
63 6
61 5
57 9
33 7
87 3
296 132
247 7
241 1
236 2
128 8
288 10
78 10
284 3
183 6
128 3
305 94
309 5
148 8
264 7
71 3
272 6
124 10
294 4
238 5
83 3
213 168
169 10
170 3
254 10
52 2
8 8
32 5
12 2
259 7
84 8
6 170
133 10
200 10
102 5
241 7
173 9
115 9
89 8
116 10
286 4
3 231
69 3
222 8
196 2
200 9
301 8
72 4
76 3
203 7
166 10
89 235
9 7
127 7
251 7
229 5
188 8
275 8
291 6
60 9
35 6
226 152
169 5
38 9
288 5
176 6
259 2
201 7
89 3
167 2
304 8
217 306
33 6
145 6
67 9
80 5
293 10
2 7
258 2
224 3
230 10
15 103
58 9
69 7
202 5
210 3
166 2
212 9
238 6
138 1
114 8
223 214
69 5
274 5
249 8
231 8
121 7
213 5
27 2
68 3
172 7
133 282
249 4
192 5
107 10
90 2
109 4
241 6
162 4
271 1
199 1
156 180
121 2
274 4
208 6
13 3
298 9
197 9
45 8
161 7
26 1
20 299
104 9
148 4
179 4
105 7
68 1
10 1
309 2
231 3
197 4
221 118
284 4
174 8
38 1
257 9
188 5
241 10
226 3
233 4
193 2
130 103
257 2
99 7
237 3
107 3
294 2
49 7
176 10
274 7
253 1
269 111
192 10
41 1
303 5
124 6
48 4
109 1
296 3
289 6
12 5
152 258
31 7
19 5
300 6
121 1
76 6
166 5
19 4
4 8
270 3
231 57
261 7
159 9
286 5
237 3
301 8
236 9
152 5
107 3
303 10
4 295
162 2
114 5
19 7
287 5
137 9
223 2
111 4
178 1
54 5
203 301
162 5
255 4
12 9
74 8
22 3
72 5
7 6
16 1
64 5
71 112
173 7
81 8
236 10
83 10
284 7
132 6
247 1
132 5
153 1
160 14
71 9
269 2
164 7
61 2
177 1
207 5
220 3
157 7
151 9
184 218
