151 1000
1 2
1 3
3 4
2 5
5 6
3 7
2 8
2 9
5 10
3 11
4 12
6 13
7 14
3 15
5 16
8 17
17 18
16 19
6 20
3 21
6 22
14 23
4 24
22 25
6 26
10 27
11 28
6 29
1 30
10 31
13 32
25 33
21 34
19 35
27 36
13 37
16 38
11 39
39 40
7 41
5 42
38 43
27 44
36 45
38 46
17 47
44 48
1 49
33 50
42 51
39 52
33 53
25 54
52 55
23 56
1 57
28 58
57 59
5 60
21 61
21 62
41 63
3 64
3 65
62 66
61 67
5 68
13 69
25 70
28 71
26 72
18 73
63 74
2 75
43 76
36 77
15 78
43 79
65 80
47 81
19 82
58 83
40 84
20 85
15 86
36 87
11 88
68 89
40 90
4 91
91 92
19 93
45 94
14 95
43 96
29 97
20 98
55 99
76 100
28 101
18 102
63 103
76 104
94 105
12 106
40 107
80 108
84 109
79 110
11 111
70 112
39 113
24 114
111 115
67 116
35 117
61 118
79 119
89 120
36 121
119 122
73 123
40 124
108 125
94 126
117 127
69 128
35 129
97 130
61 131
95 132
116 133
69 134
22 135
79 136
111 137
99 138
51 139
42 140
5 141
66 142
35 143
109 144
32 145
83 146
38 147
65 148
125 149
137 150
10 151
19 10
149 2
44 4
151 2
67 8
100 6
123 4
113 4
61 4
124 25
137 4
18 9
79 5
52 10
130 6
141 4
70 3
112 8
20 5
85 40
30 2
47 1
90 4
7 5
57 8
45 8
109 1
2 1
81 6
138 46
31 7
86 1
86 7
1 7
41 6
60 3
22 4
55 2
10 2
16 91
31 2
8 5
102 3
123 3
9 3
92 6
40 2
105 2
144 7
129 92
68 5
110 3
144 4
41 10
43 3
33 8
2 9
83 3
75 10
74 21
111 6
42 2
63 9
146 10
149 2
106 3
83 3
143 8
7 1
4 103
97 10
106 7
71 9
68 10
84 8
2 8
94 4
1 7
28 2
114 15
101 9
108 4
24 4
3 2
61 3
24 9
41 10
56 10
110 1
151 119
106 5
144 10
88 8
105 10
132 10
112 5
13 9
140 5
5 6
66 81
141 1
35 7
79 1
139 7
113 10
109 10
35 10
21 4
103 2
122 150
98 1
137 1
51 1
55 9
117 3
102 6
51 1
140 7
16 8
112 16
151 9
147 2
78 7
133 6
42 3
72 10
135 6
140 1
91 10
11 104
49 10
36 7
60 6
145 9
24 7
121 3
61 3
60 3
8 8
131 88
107 7
14 4
31 3
33 9
22 9
73 7
80 3
78 3
32 10
129 79
102 5
121 6
123 2
89 8
41 5
97 4
39 8
46 2
36 3
68 80
111 4
47 2
86 4
104 7
68 4
77 9
120 4
32 4
52 3
107 108
27 10
15 2
65 8
56 10
108 4
24 5
45 10
48 2
151 10
145 59
27 2
44 7
120 9
41 3
32 2
105 2
141 1
60 10
122 4
131 98
110 8
55 9
37 1
17 9
112 2
110 9
82 7
1 4
138 5
93 138
32 1
40 1
84 1
66 1
95 3
111 3
149 4
106 6
133 4
127 54
79 4
1 10
93 2
61 1
118 3
73 7
26 2
62 5
146 10
13 31
62 7
54 6
13 7
17 2
54 3
90 3
37 6
92 7
22 3
136 86
65 1
112 3
15 3
112 4
151 6
85 10
45 3
69 10
13 2
86 72
39 3
10 3
10 10
97 3
33 4
132 1
56 5
92 1
55 10
32 93
103 2
134 8
41 2
94 10
135 4
110 5
99 7
73 1
147 9
109 69
104 8
70 1
92 6
103 5
1 5
20 10
30 7
145 4
65 9
43 127
47 7
12 4
86 2
112 1
103 10
117 9
62 7
5 7
88 8
61 113
120 5
79 3
126 3
9 9
95 7
17 8
47 9
89 10
18 7
144 47
53 6
123 1
124 9
53 10
55 5
11 2
146 7
122 9
136 1
144 77
22 4
58 1
122 7
139 7
41 9
22 4
45 6
84 3
11 3
45 84
36 10
73 5
54 10
139 6
150 9
141 10
142 2
144 4
50 10
72 130
3 10
35 10
97 6
110 2
149 9
84 7
76 4
104 10
84 9
137 151
12 5
129 7
91 10
99 2
77 7
18 3
48 9
98 6
131 7
2 22
79 6
33 1
21 5
84 7
36 4
109 8
24 1
2 3
146 10
119 112
89 1
67 4
146 3
89 5
33 8
70 4
79 10
14 2
140 10
86 37
73 3
150 6
34 9
21 9
7 6
25 3
135 7
59 6
84 8
96 102
132 9
124 5
46 3
71 8
100 10
61 10
111 4
113 1
147 2
8 31
37 1
1 4
150 8
117 4
71 2
85 10
115 3
117 6
67 7
26 127
66 6
22 7
8 10
22 6
12 7
114 6
147 3
103 7
72 9
9 35
32 5
81 10
145 9
96 1
92 5
72 6
38 4
150 1
12 1
123 44
115 7
96 8
24 2
22 2
121 1
3 9
24 10
148 7
147 3
94 50
144 1
113 9
13 2
52 3
92 1
112 4
87 4
31 7
45 7
88 80
31 7
63 1
122 1
71 4
24 8
77 4
83 2
73 2
141 1
143 98
117 9
151 3
9 6
5 5
44 3
39 1
64 4
71 2
143 10
121 25
56 9
36 8
19 1
9 5
1 8
83 5
63 9
111 7
95 3
124 84
87 9
76 3
150 5
12 1
15 8
74 5
111 5
9 3
52 8
125 72
19 6
111 10
135 7
92 5
123 3
52 5
110 9
121 8
27 1
107 70
68 7
38 1
5 2
30 9
19 3
91 10
97 10
69 7
42 1
139 138
116 2
40 8
9 3
80 5
119 5
53 8
121 3
47 10
84 7
130 131
125 7
12 3
48 3
123 10
4 10
134 9
11 2
80 4
45 4
25 33
19 6
64 10
80 4
36 3
47 4
39 6
48 8
35 6
7 8
122 55
17 1
5 10
6 7
110 1
18 7
80 4
10 7
114 2
69 1
44 93
75 8
44 7
81 6
80 9
141 10
136 2
14 2
3 9
140 4
151 102
25 3
117 10
5 8
145 3
8 10
19 7
127 5
102 8
85 9
78 135
51 9
133 1
150 1
55 4
63 4
6 2
88 7
115 8
42 6
116 133
88 2
96 4
74 4
128 4
3 1
60 9
47 7
146 3
27 5
38 64
134 3
74 2
131 10
97 3
47 6
56 9
116 2
22 10
64 4
123 85
3 2
80 1
5 8
149 3
67 1
92 7
99 1
5 2
111 3
44 41
136 4
93 2
62 2
8 9
83 10
149 7
27 3
102 9
36 1
68 57
30 6
32 4
6 6
37 3
144 9
138 6
48 4
127 8
87 5
82 61
64 10
10 2
18 6
36 2
13 5
78 5
67 5
83 5
79 1
20 140
71 8
111 6
30 5
116 8
80 5
45 5
129 7
122 5
51 2
41 16
142 6
72 6
80 4
124 7
6 9
16 6
21 6
37 8
52 3
81 83
81 8
35 8
99 2
4 8
91 2
98 7
132 2
102 9
85 6
102 119
15 2
143 5
87 4
24 7
128 3
51 1
64 2
37 10
24 1
106 68
16 6
30 3
73 5
5 8
16 1
76 4
70 7
23 10
10 1
138 133
99 10
105 5
73 5
118 8
85 8
40 3
73 9
7 8
127 6
132 135
108 2
82 1
42 1
30 8
51 3
2 10
73 6
70 5
10 7
44 66
90 8
141 6
136 6
49 8
35 10
5 6
141 8
67 7
133 10
69 60
94 2
84 7
103 2
144 2
53 4
36 10
106 10
5 2
81 6
41 26
67 4
10 3
90 10
26 4
57 7
105 8
142 9
79 9
97 1
27 109
61 4
66 4
149 1
75 4
122 7
47 4
113 6
93 2
55 1
50 50
99 6
111 9
123 4
123 8
10 10
120 2
35 2
50 5
18 10
123 59
93 1
60 3
29 9
75 5
111 2
28 1
120 6
85 9
44 6
111 123
17 1
72 1
31 4
113 7
80 8
65 4
130 8
87 4
122 5
140 85
46 5
65 3
111 3
104 5
11 5
105 2
123 2
63 5
84 5
88 134
97 6
8 6
137 1
26 6
131 3
139 8
28 7
31 7
28 9
101 82
143 6
150 8
34 1
29 5
54 3
6 3
102 5
55 10
121 7
41 96
7 3
144 9
136 3
146 7
63 6
23 3
41 3
62 3
125 7
144 92
118 8
47 9
79 7
70 6
28 9
45 1
121 5
13 1
39 9
61 137
18 4
5 9
39 7
28 2
53 6
12 8
58 2
1 3
150 2
56 88
50 4
98 4
139 6
14 7
138 1
66 1
47 1
40 8
9 4
115 70
126 9
53 1
126 2
103 1
31 6
113 10
106 10
5 8
24 3
84 43
46 4
99 2
100 2
10 5
116 4
12 6
89 1
21 10
66 3
45 124
99 4
119 6
38 3
6 10
151 3
131 7
83 1
123 1
105 7
73 54
63 2
18 8
4 6
13 7
90 10
53 10
51 7
111 10
47 8
66 19
19 9
80 8
88 3
85 8
105 6
60 5
57 5
34 3
9 5
35 105
65 8
2 8
40 8
9 8
45 1
3 7
135 9
88 7
120 5
126 29
30 10
92 9
150 4
39 9
135 2
48 5
28 5
68 2
68 4
75 90
135 6
32 10
38 5
15 7
85 9
40 10
98 8
29 1
4 3
58 104
151 6
83 8
16 8
111 6
121 3
40 4
50 2
63 8
43 4
132 85
24 1
18 5
48 5
96 5
69 8
82 7
93 4
94 9
125 1
15 40
115 8
130 10
117 8
85 6
11 10
96 10
120 3
38 5
65 1
135 145
45 4
102 10
134 10
148 10
108 2
20 2
81 9
141 10
85 8
49 39
18 3
39 8
127 5
15 3
46 4
118 8
48 5
142 9
4 1
20 86
25 6
126 8
109 5
129 8
132 6
10 1
72 3
70 4
22 3
134 19
96 8
61 8
111 3
70 4
33 10
115 1
41 5
41 6
97 1
26 85
122 5
114 1
75 3
144 10
30 10
101 7
135 8
32 8
53 4
39 82
121 7
33 9
102 4
11 6
60 5
20 6
21 6
18 1
2 9
142 68
