192 1000
1 2
1 3
2 4
2 5
5 6
2 7
2 8
1 9
6 10
3 11
8 12
3 13
6 14
4 15
12 16
9 17
9 18
17 19
16 20
5 21
1 22
11 23
5 24
1 25
17 26
13 27
11 28
5 29
15 30
10 31
1 32
29 33
5 34
6 35
17 36
4 37
23 38
15 39
19 40
27 41
41 42
41 43
12 44
6 45
18 46
27 47
5 48
35 49
44 50
21 51
2 52
2 53
47 54
1 55
52 56
7 57
27 58
33 59
11 60
60 61
16 62
60 63
2 64
21 65
5 66
11 67
6 68
6 69
57 70
32 71
64 72
60 73
59 74
64 75
8 76
13 77
27 78
76 79
72 80
23 81
78 82
28 83
5 84
62 85
53 86
41 87
40 88
34 89
72 90
45 91
4 92
32 93
92 94
77 95
54 96
8 97
55 98
45 99
29 100
60 101
101 102
53 103
28 104
58 105
76 106
46 107
5 108
107 109
83 110
104 111
65 112
80 113
89 114
76 115
81 116
25 117
25 118
81 119
50 120
94 121
27 122
19 123
67 124
40 125
7 126
21 127
77 128
118 129
94 130
80 131
21 132
56 133
124 134
124 135
94 136
128 137
74 138
103 139
72 140
25 141
69 142
68 143
31 144
136 145
56 146
1 147
9 148
33 149
104 150
143 151
61 152
142 153
122 154
98 155
42 156
149 157
73 158
60 159
6 160
159 161
78 162
123 163
17 164
22 165
122 166
61 167
87 168
136 169
6 170
125 171
68 172
6 173
139 174
144 175
9 176
125 177
149 178
123 179
130 180
38 181
158 182
21 183
167 184
141 185
54 186
46 187
123 188
26 189
10 190
114 191
98 192
21 4
7 10
127 6
30 5
164 3
97 2
185 1
69 2
59 3
41 158
191 7
105 10
22 3
128 10
178 2
45 3
16 5
45 9
191 5
81 187
160 7
128 10
149 5
134 9
81 3
107 9
184 5
55 7
18 6
29 143
96 6
175 8
67 8
25 10
32 3
42 9
24 2
65 6
185 4
124 33
48 1
61 9
47 1
43 8
68 10
13 5
186 5
140 9
17 5
31 21
116 4
130 10
68 4
22 2
58 6
180 2
139 6
79 5
41 1
14 163
149 1
77 10
125 3
131 1
19 10
183 7
111 7
51 3
2 1
116 64
40 9
113 5
175 7
67 1
37 8
66 5
109 10
47 7
59 8
45 53
54 8
47 8
94 4
143 2
80 6
15 7
150 6
4 7
112 9
83 89
62 2
130 8
84 1
175 2
100 2
63 5
79 1
96 6
107 5
60 104
173 4
123 5
69 10
144 6
74 4
71 6
68 10
146 6
68 8
187 42
120 10
98 10
174 6
1 9
13 10
170 4
111 9
191 3
89 6
104 164
70 2
135 1
171 6
85 6
55 5
108 4
184 1
103 7
71 4
155 110
57 3
77 3
40 1
48 8
90 7
185 1
23 6
127 5
162 7
4 181
133 7
104 7
30 3
154 1
150 7
108 7
38 10
85 9
155 8
158 104
81 8
93 4
134 10
96 3
29 7
105 4
74 5
26 9
159 4
128 122
34 10
11 10
168 3
42 5
163 2
93 3
119 3
115 1
138 6
158 55
5 9
166 10
38 9
71 8
169 4
141 5
142 7
124 6
135 4
120 102
45 6
52 7
168 7
94 1
188 4
135 6
47 7
128 10
59 7
17 120
38 2
50 8
29 4
120 3
127 7
5 6
96 2
95 7
32 5
56 47
97 8
93 2
37 4
177 9
42 7
129 1
95 8
132 10
57 10
103 159
117 9
93 4
58 9
45 3
162 3
49 4
42 5
42 2
22 3
81 164
13 10
184 10
133 6
152 5
169 5
1 4
129 4
13 8
34 10
93 49
153 5
68 1
99 6
82 2
23 3
40 4
142 4
130 6
186 9
33 45
9 4
128 4
74 7
62 7
23 3
121 1
156 1
121 10
15 4
90 153
77 3
16 1
82 6
116 3
158 8
14 8
13 6
87 3
73 8
168 111
23 1
127 3
58 7
135 10
156 1
176 9
134 9
172 7
52 7
98 11
80 7
96 4
92 10
102 3
106 2
191 3
14 8
101 2
46 8
185 163
106 1
128 5
7 1
138 7
147 7
124 1
127 4
174 8
184 10
4 13
140 4
146 2
60 4
28 10
21 6
35 5
62 6
15 4
187 4
71 121
146 6
79 5
46 9
115 9
182 1
21 6
140 10
33 4
120 2
155 125
45 1
22 2
48 9
25 1
20 8
41 5
52 9
31 1
164 10
172 98
14 2
79 10
64 4
132 9
123 6
107 5
100 4
113 9
42 1
67 69
53 3
135 5
49 3
183 4
133 9
115 10
16 3
110 1
68 2
179 135
151 10
80 7
136 6
27 7
92 6
114 7
82 9
87 10
136 2
48 157
137 4
82 5
91 1
3 7
153 3
179 5
6 4
180 8
127 9
69 87
153 7
157 10
11 6
187 6
160 7
74 1
22 9
3 8
61 8
126 113
187 9
143 6
167 10
179 10
58 10
22 9
188 8
96 5
93 9
136 187
149 5
94 8
124 2
49 4
18 4
1 2
58 3
29 2
119 4
189 180
145 9
51 10
6 5
25 7
33 6
27 8
36 4
10 3
42 9
28 164
87 10
23 4
184 6
54 6
6 4
56 1
185 4
115 3
188 1
178 67
46 3
167 1
73 7
113 2
101 10
128 2
156 9
68 2
133 9
93 61
72 8
60 7
4 10
186 4
121 8
143 7
80 1
19 10
62 9
89 80
66 1
64 10
36 7
177 6
140 8
116 9
71 6
36 8
94 9
32 133
42 4
174 9
166 8
5 8
47 9
154 1
121 8
13 8
21 1
175 42
170 4
28 8
1 8
183 2
111 4
72 7
107 3
148 2
155 9
170 115
31 5
51 6
145 5
191 10
80 1
52 10
57 1
4 10
188 1
92 61
9 5
114 3
177 9
101 4
18 8
120 7
18 5
38 2
36 1
161 122
57 4
166 1
17 8
167 4
184 6
71 2
72 2
139 2
88 3
93 168
54 4
85 7
27 1
22 5
138 7
135 8
62 5
70 3
146 3
155 114
72 5
124 5
147 1
44 9
87 4
72 2
106 3
41 2
145 6
172 53
157 6
143 8
126 1
147 4
99 6
68 3
61 8
17 3
81 6
11 49
183 9
118 1
186 2
182 9
51 3
4 10
31 6
172 6
185 5
6 82
72 10
111 9
62 8
12 2
190 6
34 10
37 7
151 4
48 5
143 126
175 1
124 2
171 2
124 5
47 6
69 5
186 9
92 4
34 6
6 140
147 7
158 9
46 6
80 2
180 7
184 3
53 10
147 5
175 6
180 129
65 6
75 5
50 3
164 7
92 4
138 1
35 9
129 2
109 5
108 69
176 1
49 5
64 10
114 9
126 9
103 2
136 4
163 2
48 5
130 64
102 6
86 2
69 8
33 5
80 10
76 8
73 3
101 10
150 10
123 11
76 6
179 3
12 5
150 5
113 4
18 2
173 1
67 2
34 9
170 135
111 6
84 6
80 8
26 8
97 6
3 4
174 3
26 4
121 1
111 88
161 1
39 9
110 1
4 7
172 9
170 7
57 7
47 8
44 4
131 19
49 5
16 6
76 3
185 10
58 9
137 10
161 7
35 10
126 3
142 117
30 3
32 1
86 4
166 7
91 8
164 7
93 7
181 3
26 8
113 61
166 6
65 7
167 5
167 1
186 5
65 5
71 6
29 4
92 5
137 149
155 5
104 8
69 5
179 8
140 2
185 9
179 4
141 7
96 6
147 32
6 2
153 4
45 1
41 6
67 5
101 9
59 10
155 4
110 7
156 28
15 4
99 4
99 5
120 8
96 8
29 10
123 9
175 3
40 10
117 17
38 4
117 10
174 5
34 2
154 2
166 2
119 9
117 2
114 1
131 115
116 8
82 4
159 9
26 7
5 10
74 8
103 6
102 2
3 8
68 82
59 10
78 3
190 5
65 8
88 7
118 6
137 2
160 2
113 8
111 81
108 2
189 3
91 10
80 1
154 10
86 5
152 8
156 4
65 9
131 142
74 6
143 4
172 5
147 4
43 4
36 1
95 7
69 7
58 4
162 170
112 4
41 7
65 3
49 10
183 5
190 6
58 5
67 3
11 9
86 48
158 10
168 8
186 1
97 5
73 1
49 5
64 8
177 4
187 1
173 149
120 9
22 3
168 2
131 1
109 10
36 7
162 6
6 6
36 9
159 160
45 1
120 7
191 3
57 2
55 5
61 6
113 7
59 9
97 1
125 46
36 2
15 6
182 2
72 3
101 1
178 1
174 9
117 9
62 5
139 39
169 2
22 8
95 9
25 10
187 1
66 2
35 8
38 4
49 6
126 80
180 7
139 7
163 7
119 4
186 1
90 1
4 10
37 2
107 5
190 83
88 10
52 4
76 10
79 4
90 1
93 5
152 9
163 6
36 1
6 31
117 3
23 4
80 8
81 10
181 3
145 3
146 7
28 2
158 9
39 162
46 2
173 9
106 6
178 7
117 8
160 3
176 2
162 2
34 5
10 80
46 1
43 5
9 5
134 7
184 8
57 8
98 2
35 1
54 2
20 103
191 4
74 10
87 8
46 2
91 9
52 2
95 8
48 5
142 3
101 172
184 4
20 3
106 4
166 2
119 10
35 7
192 2
161 10
9 2
117 69
127 6
145 1
73 1
4 1
11 7
111 5
115 9
114 3
179 10
36 80
39 2
51 8
184 2
65 8
139 10
174 9
130 4
103 4
54 3
74 99
153 3
111 3
63 7
170 10
2 6
14 8
173 4
143 9
55 3
170 76
95 3
99 5
122 9
186 5
133 8
75 7
123 8
113 9
174 4
103 169
90 10
150 4
47 4
18 5
110 4
4 7
72 5
16 4
120 8
33 80
117 8
4 4
87 4
119 5
84 4
101 7
88 4
190 7
6 10
187 185
105 10
12 10
191 7
4 4
151 7
105 1
165 10
46 5
128 9
136 27
151 9
60 4
88 7
52 6
135 2
105 10
143 4
11 5
165 4
133 25
125 2
163 8
15 3
114 1
131 5
32 3
122 10
13 10
107 7
136 160
18 8
87 1
21 3
152 2
30 3
123 8
78 6
39 7
45 7
133 45
21 7
179 2
117 10
176 3
110 3
1 10
38 6
49 5
153 4
158 79
128 8
173 9
132 6
173 6
125 1
17 5
95 2
55 6
134 4
190 159
37 8
32 5
124 9
73 5
184 4
154 3
91 4
183 10
28 5
49 41
146 3
188 6
62 10
134 2
147 3
94 8
28 9
112 8
192 6
14 94
