348 1000
1 2
2 3
1 4
4 5
2 6
1 7
3 8
6 9
7 10
1 11
3 12
11 13
10 14
13 15
2 16
11 17
15 18
15 19
14 20
8 21
19 22
19 23
2 24
6 25
8 26
6 27
20 28
3 29
8 30
12 31
11 32
21 33
3 34
18 35
12 36
6 37
6 38
14 39
2 40
37 41
31 42
21 43
30 44
30 45
6 46
11 47
30 48
20 49
7 50
27 51
30 52
42 53
25 54
51 55
13 56
19 57
57 58
47 59
11 60
29 61
34 62
7 63
57 64
29 65
11 66
22 67
12 68
68 69
30 70
36 71
58 72
69 73
10 74
62 75
29 76
11 77
49 78
32 79
46 80
78 81
50 82
61 83
81 84
32 85
52 86
52 87
28 88
59 89
47 90
25 91
43 92
48 93
13 94
88 95
80 96
56 97
63 98
71 99
86 100
47 101
29 102
56 103
100 104
33 105
72 106
41 107
44 108
101 109
4 110
92 111
109 112
108 113
63 114
48 115
86 116
36 117
52 118
55 119
79 120
90 121
68 122
62 123
29 124
8 125
70 126
58 127
74 128
96 129
121 130
75 131
12 132
60 133
37 134
19 135
102 136
44 137
137 138
137 139
12 140
10 141
107 142
11 143
128 144
36 145
36 146
37 147
91 148
10 149
42 150
32 151
114 152
76 153
8 154
79 155
10 156
47 157
29 158
52 159
81 160
108 161
138 162
137 163
70 164
32 165
11 166
127 167
44 168
167 169
138 170
133 171
158 172
94 173
137 174
88 175
92 176
94 177
174 178
120 179
44 180
150 181
91 182
163 183
154 184
120 185
21 186
88 187
26 188
65 189
76 190
38 191
110 192
35 193
87 194
129 195
80 196
81 197
9 198
51 199
77 200
96 201
11 202
196 203
41 204
45 205
168 206
137 207
153 208
143 209
36 210
40 211
51 212
174 213
27 214
208 215
40 216
50 217
202 218
87 219
155 220
120 221
8 222
217 223
114 224
118 225
86 226
45 227
176 228
190 229
120 230
192 231
120 232
219 233
183 234
103 235
172 236
21 237
98 238
103 239
172 240
60 241
58 242
224 243
47 244
226 245
132 246
71 247
32 248
185 249
237 250
155 251
66 252
162 253
16 254
235 255
47 256
34 257
102 258
164 259
135 260
62 261
241 262
176 263
228 264
159 265
211 266
29 267
71 268
76 269
8 270
134 271
197 272
156 273
145 274
40 275
18 276
6 277
273 278
251 279
5 280
253 281
217 282
139 283
65 284
239 285
145 286
225 287
222 288
113 289
256 290
86 291
226 292
174 293
120 294
51 295
253 296
67 297
43 298
273 299
216 300
141 301
173 302
150 303
216 304
228 305
285 306
68 307
220 308
109 309
24 310
84 311
62 312
129 313
79 314
119 315
260 316
133 317
37 318
313 319
304 320
51 321
241 322
91 323
224 324
26 325
92 326
72 327
324 328
129 329
139 330
300 331
235 332
53 333
20 334
333 335
185 336
124 337
250 338
169 339
293 340
139 341
154 342
29 343
342 344
336 345
35 346
100 347
180 348
287 9
100 2
74 10
223 1
178 7
328 2
142 6
88 1
50 3
114 261
222 9
40 2
202 5
235 2
252 6
35 2
1 1
322 4
93 4
13 305
146 3
270 3
265 9
119 6
20 4
322 9
198 5
128 2
123 8
230 287
320 8
121 3
250 3
317 9
175 8
153 10
49 10
153 8
107 8
177 304
153 5
214 8
131 6
115 10
166 9
330 3
6 8
136 4
167 9
276 166
89 8
263 2
18 8
50 8
302 2
241 7
332 6
172 8
333 1
315 245
113 2
122 4
92 8
291 3
195 1
162 8
12 4
243 3
56 1
282 289
93 5
327 4
160 7
175 9
323 10
192 8
72 1
28 8
239 10
344 159
2 8
233 8
258 6
50 4
259 9
296 6
341 4
316 9
47 9
44 238
333 4
302 9
182 3
181 8
183 2
227 10
348 2
93 9
46 7
38 273
161 3
123 3
283 1
101 5
264 10
31 2
198 3
92 2
161 6
153 283
90 6
210 5
171 3
73 2
81 10
315 8
267 4
97 8
68 8
159 108
32 2
115 10
192 8
246 4
146 4
260 5
333 5
163 2
97 4
315 269
156 7
262 4
164 4
50 1
156 8
189 3
256 8
335 10
295 10
4 80
297 6
1 10
129 1
164 4
180 1
26 1
97 5
1 5
18 7
319 26
285 4
33 10
8 4
80 2
210 4
134 2
270 2
224 2
281 10
326 206
73 3
56 3
10 1
20 8
110 4
295 5
235 3
157 9
325 2
63 164
313 7
154 5
337 1
265 7
270 9
124 6
239 6
333 9
148 2
195 235
338 10
96 8
317 9
20 5
188 6
217 5
299 4
170 2
7 9
330 247
185 9
336 6
293 2
170 7
258 5
99 1
324 9
131 2
342 9
244 108
11 8
273 1
165 10
323 5
342 6
238 5
176 1
129 10
103 8
145 94
32 9
86 1
227 6
316 6
130 7
185 10
44 7
49 3
345 2
205 256
101 7
62 6
202 8
221 9
77 4
218 3
307 6
98 7
114 7
231 53
347 6
116 7
59 7
315 3
44 9
256 1
80 3
265 1
267 3
24 57
220 10
48 3
307 3
165 10
187 7
55 1
279 1
236 3
3 3
280 78
338 6
100 3
74 1
133 7
94 6
34 10
216 10
293 8
131 5
309 131
84 10
106 2
246 5
134 6
215 4
113 5
2 7
229 9
86 1
166 118
137 3
119 8
121 5
132 7
76 1
245 2
60 1
232 5
266 4
262 319
182 6
37 5
313 5
312 6
178 10
261 4
84 1
38 4
252 4
59 43
299 5
70 6
230 3
124 2
68 7
20 2
6 7
286 1
345 3
312 294
151 1
40 4
108 9
16 2
346 2
222 3
92 8
275 5
285 7
57 191
16 3
302 4
269 9
149 8
281 7
234 2
268 9
5 5
186 5
108 29
164 3
339 5
279 5
35 3
35 4
93 6
89 4
155 2
229 5
205 227
329 7
93 7
287 3
189 6
174 8
171 8
284 1
264 10
89 5
189 264
129 2
61 3
22 4
116 1
301 5
316 10
338 1
157 3
264 6
228 178
152 3
31 4
113 5
237 10
132 7
293 9
199 7
8 6
4 3
152 203
68 2
314 6
110 5
296 3
198 4
175 6
158 9
252 2
105 8
168 96
74 7
265 7
30 7
39 7
84 2
277 5
72 6
12 5
103 4
205 13
15 5
187 5
243 4
246 7
337 8
1 6
328 7
231 10
182 8
87 151
297 4
230 1
120 2
184 7
344 4
256 6
213 4
54 10
136 1
202 219
2 8
286 6
198 6
216 5
52 7
9 5
7 2
204 10
302 5
306 99
39 7
170 4
36 4
13 10
321 7
311 8
297 5
90 7
116 7
236 241
304 7
163 10
346 1
192 7
72 1
165 10
100 1
23 9
168 1
102 325
132 10
19 10
70 1
68 1
151 8
87 4
167 7
272 2
26 1
332 134
157 3
58 8
293 6
44 8
227 6
109 9
212 3
145 7
63 6
160 345
319 8
274 6
18 5
46 4
5 9
233 1
41 1
221 4
162 8
209 279
206 1
69 8
29 3
246 7
336 5
30 8
291 9
154 7
248 9
288 253
233 7
135 3
12 3
257 2
232 6
54 10
21 10
341 10
74 10
191 210
301 6
337 1
33 10
184 9
79 2
19 3
187 10
151 9
54 10
210 96
110 4
334 4
145 9
334 3
24 4
273 6
279 3
313 3
118 1
265 275
15 9
209 5
146 10
87 4
195 4
120 7
319 5
311 7
96 3
37 337
310 7
25 9
286 1
189 3
72 10
213 7
166 7
141 3
61 4
127 260
12 7
154 9
5 7
252 8
23 2
84 5
151 8
150 7
329 7
75 126
324 3
314 8
48 8
153 9
192 9
338 6
60 8
109 8
226 1
53 265
90 3
35 5
246 1
56 10
113 6
298 8
92 7
252 7
35 1
339 348
286 2
54 3
20 4
205 6
204 4
236 8
23 9
191 8
1 9
129 142
51 7
245 9
90 1
335 8
71 1
328 8
340 4
298 6
60 9
278 265
311 10
79 10
13 10
187 1
265 9
243 8
303 4
5 8
204 6
168 264
6 10
178 9
308 6
246 9
173 8
106 8
160 9
48 3
222 4
10 195
182 1
273 1
109 2
89 10
126 8
266 4
214 5
158 8
313 9
16 300
36 5
236 8
145 4
131 6
151 1
112 5
23 6
344 9
11 5
1 209
176 5
329 4
251 7
282 1
211 1
157 1
140 7
8 10
81 2
276 173
193 9
64 10
66 5
132 4
135 5
234 9
159 4
255 7
174 2
122 200
325 9
169 7
207 3
320 10
348 1
254 3
163 1
24 1
49 3
259 340
22 6
162 4
327 3
101 1
307 2
45 10
117 1
341 8
231 1
323 235
177 7
270 6
124 2
160 2
88 2
305 4
219 10
66 7
128 3
243 44
185 2
98 2
214 7
7 7
304 10
247 8
100 7
8 4
155 2
219 219
201 9
122 1
81 8
56 7
45 2
105 9
93 9
204 3
279 8
324 279
282 2
213 1
208 4
320 3
95 2
263 9
15 10
340 9
159 3
80 62
72 10
219 2
338 7
30 4
169 4
50 6
210 7
327 5
204 10
268 171
343 5
183 9
193 4
174 4
343 2
178 2
60 3
65 1
10 9
213 310
151 6
332 5
53 1
319 6
297 7
246 4
216 3
71 9
41 6
295 79
156 8
238 6
40 2
216 6
142 8
225 9
190 7
330 4
234 1
87 22
121 9
230 5
144 5
264 6
190 3
236 6
230 8
248 6
37 4
97 131
91 6
309 4
202 7
292 9
341 9
35 6
14 6
166 1
158 9
215 203
212 1
309 1
213 9
264 7
83 2
209 3
63 6
17 7
117 3
260 173
127 7
88 7
337 2
29 8
130 3
163 2
250 8
303 6
202 5
19 16
85 1
309 2
294 9
10 9
261 10
38 5
109 1
317 10
4 5
155 308
299 9
18 4
342 5
144 4
34 5
93 4
120 7
28 4
297 10
86 286
255 4
136 3
10 2
189 6
118 1
307 9
161 8
181 9
219 4
345 295
228 9
322 7
246 7
56 1
302 9
229 10
95 2
46 8
214 4
337 36
25 5
272 5
29 5
173 2
260 1
163 1
86 10
117 8
181 7
284 269
121 5
298 6
208 1
12 6
308 3
217 7
341 1
2 1
225 3
132 284
275 3
114 2
225 6
290 1
71 9
188 5
280 9
198 3
212 2
312 163
216 6
99 10
135 10
302 2
78 2
2 5
278 8
13 3
312 3
39 320
346 5
275 9
301 3
299 8
289 6
255 4
139 9
293 1
292 2
173 262
60 6
57 7
79 4
329 8
70 9
228 1
55 4
309 7
52 9
337 101
271 8
305 7
198 3
101 7
257 10
155 4
195 3
98 3
267 10
315 58
145 2
174 4
265 2
121 8
307 5
45 1
108 3
344 4
152 3
9 319
188 5
87 5
179 1
89 7
309 3
197 1
52 8
3 1
8 1
199 34
278 5
344 2
181 3
54 4
80 10
234 4
170 4
291 4
34 8
24 214
84 7
300 8
30 10
258 9
204 2
61 1
120 6
182 10
130 9
74 32
273 3
17 3
187 9
152 8
149 1
92 8
272 1
278 10
62 5
167 70
160 3
284 3
219 9
58 7
83 2
150 10
189 10
304 8
301 6
192 76
255 10
289 2
285 2
238 1
139 2
177 5
239 3
209 2
298 3
64 100
298 1
207 9
33 9
283 8
317 9
71 8
172 9
25 3
298 8
76 154
158 5
250 10
102 7
44 3
16 8
7 1
111 6
263 1
217 7
21 343
74 3
197 1
252 5
49 10
36 6
9 1
171 1
195 1
328 1
3 166
183 1
167 2
113 9
104 10
258 3
324 9
196 3
273 5
254 3
31 218
258 9
86 9
191 9
180 9
236 6
259 10
163 6
259 2
30 4
13 322
