593 1000
1 2
1 3
3 4
1 5
5 6
1 7
6 8
2 9
6 10
8 11
1 12
2 13
5 14
1 15
2 16
1 17
1 18
4 19
9 20
12 21
18 22
13 23
20 24
2 25
4 26
3 27
16 28
22 29
24 30
5 31
25 32
18 33
25 34
31 35
34 36
4 37
14 38
31 39
2 40
28 41
25 42
34 43
22 44
12 45
39 46
23 47
30 48
13 49
5 50
20 51
30 52
46 53
5 54
5 55
55 56
46 57
17 58
28 59
22 60
16 61
8 62
60 63
33 64
63 65
47 66
20 67
5 68
15 69
46 70
39 71
30 72
1 73
24 74
72 75
8 76
22 77
18 78
53 79
10 80
36 81
8 82
36 83
57 84
46 85
24 86
17 87
57 88
36 89
28 90
61 91
79 92
36 93
78 94
18 95
13 96
64 97
33 98
30 99
27 100
78 101
54 102
66 103
18 104
31 105
56 106
62 107
36 108
106 109
12 110
83 111
94 112
6 113
21 114
86 115
87 116
105 117
76 118
100 119
33 120
89 121
69 122
8 123
102 124
111 125
81 126
50 127
101 128
7 129
90 130
28 131
32 132
2 133
43 134
89 135
28 136
120 137
13 138
32 139
47 140
37 141
72 142
105 143
36 144
102 145
21 146
63 147
71 148
10 149
22 150
37 151
133 152
16 153
91 154
151 155
65 156
75 157
33 158
55 159
105 160
62 161
127 162
135 163
146 164
82 165
68 166
38 167
33 168
113 169
75 170
78 171
151 172
23 173
35 174
168 175
24 176
32 177
135 178
95 179
51 180
95 181
127 182
93 183
100 184
151 185
179 186
61 187
118 188
96 189
77 190
38 191
89 192
153 193
13 194
184 195
53 196
49 197
87 198
150 199
77 200
26 201
22 202
166 203
19 204
71 205
166 206
109 207
206 208
79 209
188 210
164 211
137 212
201 213
99 214
103 215
199 216
25 217
154 218
146 219
33 220
27 221
143 222
75 223
107 224
188 225
101 226
135 227
85 228
71 229
104 230
19 231
198 232
46 233
231 234
51 235
16 236
14 237
225 238
188 239
128 240
171 241
182 242
140 243
199 244
105 245
33 246
213 247
216 248
228 249
190 250
102 251
133 252
152 253
197 254
40 255
152 256
27 257
37 258
166 259
78 260
44 261
239 262
32 263
232 264
121 265
88 266
145 267
214 268
177 269
202 270
182 271
159 272
194 273
186 274
218 275
106 276
128 277
197 278
104 279
223 280
51 281
188 282
17 283
219 284
114 285
222 286
85 287
100 288
262 289
252 290
237 291
30 292
45 293
192 294
70 295
62 296
204 297
90 298
21 299
183 300
57 301
289 302
260 303
191 304
81 305
244 306
118 307
136 308
242 309
49 310
143 311
270 312
105 313
285 314
281 315
268 316
34 317
302 318
128 319
217 320
224 321
247 322
311 323
56 324
294 325
186 326
225 327
127 328
173 329
154 330
82 331
4 332
142 333
122 334
314 335
295 336
263 337
231 338
50 339
5 340
174 341
31 342
204 343
291 344
248 345
330 346
254 347
205 348
328 349
75 350
350 351
190 352
272 353
318 354
176 355
148 356
336 357
101 358
160 359
30 360
228 361
189 362
77 363
41 364
254 365
92 366
347 367
92 368
224 369
119 370
269 371
95 372
371 373
188 374
64 375
165 376
128 377
357 378
19 379
350 380
116 381
311 382
171 383
221 384
18 385
32 386
149 387
93 388
350 389
389 390
378 391
76 392
156 393
149 394
128 395
357 396
99 397
159 398
354 399
1 400
93 401
147 402
93 403
314 404
289 405
189 406
231 407
209 408
194 409
178 410
325 411
104 412
406 413
356 414
285 415
128 416
267 417
16 418
346 419
117 420
325 421
394 422
134 423
153 424
127 425
234 426
185 427
52 428
219 429
301 430
315 431
41 432
418 433
205 434
160 435
96 436
15 437
427 438
111 439
145 440
147 441
247 442
368 443
148 444
158 445
213 446
4 447
20 448
292 449
52 450
311 451
75 452
110 453
170 454
197 455
222 456
338 457
395 458
233 459
89 460
117 461
420 462
185 463
444 464
265 465
153 466
194 467
381 468
172 469
163 470
243 471
465 472
339 473
66 474
57 475
105 476
88 477
89 478
288 479
144 480
111 481
285 482
342 483
74 484
372 485
357 486
183 487
163 488
162 489
155 490
154 491
306 492
273 493
485 494
482 495
184 496
421 497
221 498
341 499
43 500
8 501
233 502
261 503
104 504
238 505
435 506
109 507
344 508
231 509
150 510
187 511
511 512
119 513
372 514
429 515
282 516
161 517
255 518
372 519
154 520
434 521
206 522
22 523
145 524
189 525
462 526
128 527
241 528
221 529
178 530
172 531
278 532
292 533
400 534
110 535
36 536
461 537
396 538
247 539
248 540
99 541
358 542
378 543
346 544
339 545
442 546
465 547
516 548
444 549
512 550
198 551
250 552
73 553
133 554
401 555
454 556
39 557
448 558
28 559
438 560
418 561
178 562
351 563
67 564
451 565
47 566
100 567
167 568
202 569
546 570
211 571
442 572
58 573
195 574
140 575
167 576
137 577
372 578
3 579
98 580
235 581
465 582
239 583
443 584
134 585
539 586
481 587
251 588
192 589
463 590
129 591
90 592
394 593
283 9
216 2
247 10
36 10
252 3
334 8
191 6
122 3
309 8
121 100
186 5
242 3
304 9
245 10
87 4
94 1
71 6
527 8
153 10
409 138
14 10
432 5
10 1
299 10
207 10
289 1
545 5
105 10
23 4
140 351
11 9
203 9
252 10
442 1
283 2
368 1
555 2
510 5
87 1
381 349
403 1
40 7
584 8
186 1
321 5
37 8
259 10
351 1
333 7
380 65
447 6
506 2
372 2
55 3
436 7
247 10
285 9
221 1
112 7
349 175
442 5
261 8
44 7
579 3
246 5
283 2
118 2
283 2
170 3
199 70
586 1
246 1
306 8
584 8
246 1
324 4
523 2
133 3
567 2
104 137
545 6
138 7
269 5
142 8
88 2
336 6
474 10
558 5
87 2
164 77
124 5
584 2
517 1
393 9
242 5
533 3
480 4
109 10
317 1
461 502
227 6
386 5
297 9
142 2
231 5
377 3
296 9
343 2
191 6
122 425
557 3
322 5
272 8
248 5
338 2
120 10
135 2
513 4
510 6
498 293
555 9
223 1
126 8
284 6
421 3
388 2
532 5
273 4
448 4
477 159
315 4
407 3
70 3
452 10
448 6
275 5
142 1
32 5
566 10
489 480
453 7
570 2
281 3
212 3
436 1
142 3
104 8
518 1
575 10
340 64
509 10
362 10
60 9
286 1
526 5
91 7
278 8
282 2
32 6
135 551
307 7
310 8
289 8
389 9
313 6
435 9
395 1
101 1
436 8
556 149
432 6
364 8
452 5
284 10
454 8
493 9
425 9
583 3
210 9
355 169
134 10
206 8
227 4
473 2
180 6
303 10
556 7
166 7
265 10
177 391
434 4
147 7
258 5
467 1
411 8
171 10
458 10
92 9
453 4
277 139
78 7
304 6
383 7
139 6
32 9
79 5
377 6
552 8
214 4
283 455
429 9
171 10
288 8
306 4
487 3
6 1
227 2
39 1
140 3
556 192
27 2
163 10
565 6
552 8
396 2
471 7
396 8
186 5
482 6
530 525
485 4
592 10
466 6
466 2
243 10
26 3
239 9
45 2
207 4
4 191
87 5
341 7
329 6
568 8
53 9
351 4
406 9
384 4
158 6
247 48
340 5
86 8
510 6
466 8
76 3
78 10
453 2
418 2
400 6
241 370
26 7
29 2
322 10
128 5
485 2
202 5
289 9
591 6
460 3
338 118
391 4
247 2
108 4
531 3
408 2
323 4
75 1
546 7
534 7
387 272
93 7
545 8
266 1
564 10
349 6
105 3
440 3
368 9
122 6
93 326
280 7
153 6
408 9
41 10
532 10
573 2
154 8
113 8
104 5
560 425
583 7
299 6
533 2
116 2
107 3
406 2
466 7
473 5
386 9
501 463
407 8
74 2
246 10
48 2
53 9
567 1
291 6
5 1
480 5
542 114
417 6
540 3
275 3
145 2
14 5
452 5
409 1
167 4
549 4
16 130
363 2
409 9
10 4
422 3
211 8
132 10
19 2
282 9
296 4
88 302
388 5
27 8
26 8
56 10
151 7
176 7
257 6
264 10
534 6
482 166
491 6
123 6
311 10
450 8
505 2
199 1
332 3
511 6
323 8
357 495
474 8
419 4
175 2
78 2
14 3
408 10
99 5
543 2
386 1
5 112
268 10
396 9
15 8
358 9
15 1
327 7
71 7
430 10
389 7
405 99
346 3
398 8
199 1
539 4
420 5
538 10
285 6
537 8
395 4
149 167
407 1
383 3
561 6
413 6
235 3
511 9
72 4
474 6
126 6
217 439
353 3
223 4
171 1
510 4
566 8
267 7
96 5
55 10
453 9
409 82
336 1
267 5
273 9
305 4
523 10
261 2
301 5
457 7
279 6
508 497
73 1
20 3
518 3
280 9
108 1
82 7
509 8
78 1
562 1
48 543
119 4
506 2
493 9
297 2
520 4
35 2
338 6
401 2
519 2
257 361
459 10
480 8
369 5
382 7
495 7
486 7
359 9
569 5
52 3
389 78
284 1
196 5
199 7
548 8
354 5
181 5
423 5
346 3
420 6
157 329
240 1
575 1
397 7
528 9
301 4
212 7
468 3
447 8
530 4
160 443
451 9
137 2
209 9
370 9
372 9
36 9
218 2
135 3
522 3
34 560
585 2
232 8
292 7
485 1
317 10
375 9
345 10
137 4
226 1
27 226
458 2
269 4
156 1
246 6
409 2
233 5
207 8
405 9
88 3
142 293
371 9
131 10
471 8
251 8
278 6
393 4
536 7
5 4
190 10
248 516
255 6
266 10
222 7
85 2
384 7
209 7
69 7
413 10
508 9
161 220
312 4
141 8
580 1
532 9
559 4
114 5
403 10
155 4
544 2
352 460
513 3
184 1
444 1
577 9
400 7
331 2
313 9
525 5
27 1
221 179
139 9
440 5
123 1
451 3
389 2
224 1
388 5
276 2
527 4
399 268
96 8
204 9
334 4
125 10
422 1
386 3
436 4
578 5
523 1
405 26
30 2
305 6
439 5
583 2
134 3
322 7
195 10
270 5
266 7
368 351
500 3
493 3
170 7
233 4
63 1
508 2
252 5
581 10
180 9
559 414
381 7
262 7
403 1
241 10
539 4
467 10
483 9
356 2
163 3
592 583
157 8
311 3
354 9
316 8
227 7
536 7
194 2
433 8
358 3
14 221
532 1
73 8
426 10
114 2
376 2
373 4
74 10
446 5
557 8
150 436
217 7
91 1
147 7
519 2
161 7
80 6
139 10
213 4
588 4
153 85
393 6
555 2
453 1
584 1
136 5
544 10
286 5
349 7
212 9
198 146
165 5
206 6
12 5
449 2
160 7
383 3
76 1
353 10
301 5
294 445
5 2
29 1
551 10
249 5
71 6
68 5
475 8
372 9
150 10
45 403
401 7
46 1
354 1
213 4
431 6
201 9
106 3
475 2
316 2
93 323
134 2
146 7
452 5
61 5
585 5
222 4
583 6
532 6
38 3
355 330
182 1
311 9
186 2
115 8
336 7
239 5
506 10
277 2
578 10
495 43
468 7
395 9
254 6
176 10
214 1
571 5
414 9
91 1
541 8
2 413
296 5
319 6
282 6
372 4
424 10
434 6
535 10
513 2
273 10
276 491
267 2
580 7
530 3
275 10
121 9
518 6
195 4
526 6
98 5
144 105
194 4
81 1
131 3
392 2
371 7
66 2
259 5
401 3
62 6
279 37
119 8
281 3
194 7
514 7
535 4
63 9
399 2
276 2
463 10
393 372
18 9
76 4
40 1
340 1
426 5
234 10
309 9
430 9
420 8
501 511
373 4
195 9
335 10
368 1
538 7
566 10
222 6
142 8
53 1
294 550
259 5
256 3
471 7
26 3
556 10
300 10
387 8
39 10
480 6
434 484
101 1
341 4
9 7
187 4
327 9
341 3
321 4
59 10
251 1
165 527
582 10
240 8
119 7
410 8
369 5
327 3
389 7
572 8
501 2
328 555
560 2
13 5
505 3
274 3
567 9
322 4
462 6
118 1
26 3
448 554
470 2
76 5
428 7
373 6
466 4
46 8
18 5
376 8
289 8
42 53
541 3
513 10
5 3
237 9
308 3
164 5
59 7
491 4
407 8
565 107
94 9
160 10
342 5
333 5
527 9
482 8
415 4
377 9
4 9
135 298
488 6
89 10
196 1
233 1
549 1
183 10
59 6
89 2
35 10
498 375
170 6
138 1
524 3
386 10
62 2
332 10
518 1
49 9
487 7
464 435
539 7
309 10
317 9
484 1
427 6
189 2
339 7
262 7
63 8
340 332
490 10
560 10
205 6
2 6
573 9
414 7
102 9
541 2
149 6
219 466
437 6
49 6
291 4
541 7
553 2
515 2
471 5
195 8
208 4
199 462
87 2
544 4
511 8
192 8
493 3
244 3
363 5
526 10
179 6
519 353
489 5
550 6
474 3
355 6
196 5
165 4
266 10
268 10
209 8
533 588
200 3
21 2
443 5
245 3
155 9
213 4
208 6
357 9
535 6
285 144
254 7
121 6
274 8
138 5
399 9
23 1
202 3
122 6
548 9
11 278
393 2
450 7
282 5
342 9
380 7
120 4
439 4
539 10
248 7
221 562
488 4
138 6
261 1
276 6
284 9
387 4
422 3
149 6
272 10
169 523
169 2
38 4
5 1
191 6
469 4
401 5
79 6
350 10
367 8
518 35
238 2
349 8
518 9
366 9
290 9
492 4
168 1
27 4
531 9
521 231
376 2
189 2
357 8
363 6
423 4
322 9
93 4
307 5
61 6
504 452
518 1
165 9
230 6
248 5
494 5
262 4
564 4
386 5
549 8
165 450
278 9
458 3
27 5
99 9
92 5
459 2
541 5
40 9
164 2
113 85
438 3
563 6
77 7
178 9
80 10
233 4
570 1
371 7
295 4
566 264
463 8
236 5
104 1
453 10
403 3
85 2
401 5
345 3
277 2
153 251
