819 1000
1 2
2 3
3 4
1 5
5 6
5 7
4 8
5 9
7 10
2 11
8 12
4 13
5 14
3 15
3 16
16 17
17 18
3 19
14 20
11 21
8 22
16 23
5 24
10 25
20 26
13 27
3 28
3 29
24 30
20 31
29 32
10 33
20 34
31 35
9 36
21 37
7 38
21 39
14 40
37 41
22 42
42 43
6 44
35 45
45 46
35 47
9 48
2 49
48 50
3 51
14 52
10 53
20 54
8 55
9 56
12 57
36 58
58 59
3 60
2 61
5 62
27 63
28 64
31 65
41 66
41 67
32 68
60 69
49 70
7 71
26 72
19 73
30 74
43 75
35 76
47 77
25 78
58 79
72 80
79 81
11 82
35 83
32 84
66 85
4 86
16 87
19 88
58 89
67 90
63 91
2 92
74 93
15 94
82 95
2 96
25 97
89 98
14 99
70 100
41 101
88 102
82 103
5 104
40 105
46 106
46 107
56 108
71 109
6 110
67 111
4 112
2 113
46 114
64 115
101 116
62 117
56 118
15 119
57 120
77 121
82 122
25 123
100 124
27 125
17 126
52 127
47 128
54 129
106 130
50 131
32 132
1 133
94 134
37 135
42 136
68 137
119 138
1 139
129 140
74 141
139 142
56 143
130 144
59 145
30 146
23 147
117 148
57 149
39 150
77 151
46 152
55 153
107 154
72 155
16 156
48 157
38 158
63 159
103 160
34 161
109 162
162 163
108 164
92 165
157 166
107 167
145 168
132 169
134 170
159 171
39 172
117 173
65 174
60 175
148 176
53 177
45 178
25 179
39 180
101 181
43 182
152 183
121 184
114 185
36 186
122 187
174 188
149 189
80 190
188 191
140 192
36 193
38 194
22 195
23 196
127 197
9 198
76 199
162 200
35 201
38 202
66 203
178 204
69 205
87 206
35 207
151 208
80 209
59 210
209 211
12 212
211 213
90 214
140 215
179 216
164 217
149 218
154 219
190 220
149 221
61 222
153 223
24 224
102 225
25 226
224 227
34 228
184 229
208 230
160 231
30 232
3 233
217 234
164 235
34 236
92 237
177 238
91 239
79 240
26 241
202 242
241 243
109 244
47 245
7 246
148 247
221 248
190 249
71 250
138 251
142 252
74 253
131 254
38 255
225 256
245 257
243 258
20 259
158 260
82 261
121 262
189 263
108 264
142 265
186 266
259 267
85 268
53 269
88 270
156 271
252 272
38 273
119 274
46 275
92 276
43 277
83 278
47 279
9 280
110 281
131 282
89 283
183 284
228 285
13 286
169 287
65 288
44 289
143 290
272 291
68 292
120 293
62 294
268 295
17 296
155 297
153 298
249 299
246 300
99 301
129 302
90 303
53 304
194 305
10 306
196 307
12 308
294 309
4 310
281 311
299 312
39 313
198 314
84 315
74 316
207 317
55 318
258 319
56 320
112 321
265 322
102 323
185 324
210 325
288 326
292 327
202 328
48 329
245 330
74 331
61 332
269 333
35 334
47 335
312 336
169 337
219 338
54 339
273 340
27 341
330 342
103 343
236 344
229 345
344 346
112 347
139 348
230 349
225 350
130 351
261 352
68 353
147 354
49 355
115 356
106 357
104 358
229 359
238 360
166 361
183 362
260 363
18 364
273 365
210 366
107 367
246 368
199 369
60 370
111 371
128 372
166 373
224 374
106 375
343 376
260 377
56 378
364 379
214 380
320 381
292 382
258 383
295 384
2 385
289 386
119 387
254 388
122 389
209 390
134 391
43 392
342 393
318 394
264 395
155 396
373 397
233 398
398 399
123 400
354 401
96 402
276 403
226 404
362 405
56 406
339 407
267 408
57 409
394 410
22 411
213 412
183 413
282 414
372 415
171 416
268 417
328 418
351 419
122 420
161 421
398 422
5 423
213 424
73 425
307 426
77 427
218 428
58 429
307 430
92 431
410 432
116 433
298 434
384 435
68 436
14 437
17 438
40 439
314 440
29 441
316 442
324 443
301 444
403 445
223 446
444 447
55 448
266 449
149 450
80 451
129 452
269 453
231 454
144 455
93 456
271 457
119 458
245 459
151 460
34 461
61 462
4 463
48 464
24 465
347 466
444 467
400 468
174 469
88 470
407 471
63 472
52 473
444 474
181 475
330 476
439 477
464 478
354 479
87 480
77 481
344 482
227 483
207 484
100 485
195 486
150 487
122 488
418 489
265 490
241 491
123 492
91 493
6 494
265 495
10 496
340 497
379 498
377 499
483 500
306 501
434 502
39 503
42 504
1 505
185 506
447 507
351 508
323 509
82 510
94 511
243 512
504 513
42 514
188 515
95 516
372 517
32 518
271 519
410 520
395 521
521 522
463 523
7 524
27 525
288 526
235 527
122 528
127 529
95 530
180 531
210 532
225 533
214 534
195 535
17 536
58 537
524 538
158 539
270 540
486 541
248 542
150 543
160 544
262 545
159 546
469 547
27 548
432 549
413 550
276 551
484 552
120 553
269 554
548 555
440 556
79 557
480 558
192 559
338 560
400 561
449 562
191 563
199 564
66 565
505 566
385 567
108 568
425 569
174 570
307 571
212 572
181 573
447 574
255 575
145 576
101 577
292 578
117 579
206 580
91 581
546 582
127 583
46 584
499 585
333 586
208 587
193 588
48 589
304 590
258 591
238 592
28 593
488 594
115 595
450 596
527 597
178 598
392 599
227 600
569 601
159 602
14 603
560 604
242 605
477 606
575 607
397 608
243 609
66 610
88 611
134 612
89 613
169 614
1 615
141 616
107 617
367 618
162 619
356 620
227 621
375 622
65 623
198 624
54 625
155 626
17 627
394 628
503 629
1 630
378 631
413 632
571 633
494 634
92 635
214 636
17 637
347 638
424 639
382 640
525 641
108 642
544 643
254 644
170 645
114 646
317 647
631 648
73 649
302 650
217 651
581 652
118 653
49 654
138 655
403 656
503 657
257 658
245 659
255 660
256 661
178 662
206 663
7 664
112 665
412 666
156 667
446 668
260 669
577 670
294 671
104 672
215 673
404 674
119 675
634 676
346 677
272 678
601 679
130 680
462 681
542 682
175 683
297 684
531 685
570 686
297 687
175 688
72 689
83 690
149 691
517 692
350 693
348 694
485 695
152 696
152 697
600 698
545 699
455 700
682 701
243 702
584 703
581 704
106 705
623 706
561 707
546 708
653 709
460 710
28 711
462 712
131 713
398 714
153 715
325 716
97 717
38 718
53 719
150 720
508 721
170 722
686 723
460 724
308 725
102 726
277 727
19 728
498 729
617 730
285 731
82 732
534 733
224 734
684 735
306 736
614 737
428 738
44 739
26 740
186 741
557 742
135 743
29 744
83 745
457 746
234 747
461 748
312 749
410 750
285 751
197 752
157 753
156 754
187 755
662 756
369 757
480 758
659 759
185 760
103 761
306 762
553 763
64 764
354 765
744 766
518 767
179 768
448 769
130 770
54 771
275 772
147 773
704 774
169 775
708 776
561 777
234 778
458 779
312 780
344 781
658 782
380 783
96 784
649 785
324 786
750 787
194 788
653 789
701 790
598 791
130 792
606 793
610 794
668 795
496 796
157 797
291 798
21 799
790 800
27 801
234 802
203 803
354 804
454 805
41 806
40 807
78 808
748 809
476 810
33 811
743 812
128 813
263 814
396 815
224 816
135 817
351 818
461 819
181 7
388 6
253 1
164 4
661 8
481 6
116 2
191 8
643 3
294 371
249 3
48 1
107 2
100 8
202 8
706 4
279 10
472 9
734 2
48 564
471 7
381 1
402 9
550 1
311 2
206 7
238 9
330 7
273 10
609 44
304 9
760 9
771 9
32 4
631 5
97 9
523 7
526 9
601 10
751 141
233 9
509 5
280 10
763 6
515 8
323 5
496 2
132 2
190 10
496 243
775 2
752 2
183 6
616 2
134 9
817 8
769 2
55 1
504 7
811 479
384 1
619 3
705 5
482 7
176 2
646 3
467 2
9 2
348 8
653 447
622 2
512 8
113 2
505 9
276 5
100 4
245 6
527 4
444 10
705 797
334 5
306 6
629 2
247 5
385 7
269 1
398 10
433 10
330 6
494 135
512 4
98 5
669 1
280 9
189 8
134 10
800 1
457 1
470 9
552 799
230 10
581 10
190 7
683 3
803 9
601 4
474 6
620 6
719 4
524 412
605 10
658 10
37 2
77 4
126 5
33 4
549 9
558 7
511 5
328 723
659 9
337 6
214 3
476 10
32 9
735 3
208 9
242 5
161 7
625 233
314 2
738 8
49 7
538 8
279 10
714 6
215 8
565 6
217 8
248 683
817 4
369 6
702 3
319 8
529 5
727 3
571 10
165 3
200 10
276 201
189 7
279 5
522 2
101 9
329 8
774 10
728 4
613 6
738 2
140 713
94 5
682 6
546 8
691 4
170 3
763 6
523 7
406 8
536 10
122 131
221 4
292 4
570 10
88 9
398 1
743 7
525 3
514 1
608 10
385 303
665 4
388 5
71 7
36 1
439 5
410 10
291 7
324 7
612 1
192 236
322 3
305 1
71 8
202 6
271 10
223 9
713 10
328 10
578 10
575 751
737 9
230 3
215 3
307 3
92 9
318 4
526 3
422 9
335 1
37 284
14 8
10 1
71 8
355 8
522 8
555 2
246 3
764 3
138 6
420 682
602 3
418 2
154 10
752 6
785 9
685 5
683 9
469 6
436 9
745 701
793 4
212 6
115 7
200 2
125 2
632 5
549 7
211 9
649 1
40 688
786 1
9 5
487 4
555 1
121 3
815 2
112 8
383 9
700 4
313 751
643 8
328 10
329 4
171 6
673 7
21 3
223 10
782 5
671 3
759 231
232 2
570 8
169 6
229 8
626 4
420 5
398 5
233 9
130 5
544 682
56 2
408 9
337 7
789 8
31 3
73 1
713 5
761 6
152 5
355 498
423 5
726 5
694 3
716 1
162 2
70 4
335 3
417 3
819 7
260 465
726 5
487 7
768 8
8 9
535 9
67 3
316 8
566 8
227 2
542 693
262 2
780 3
442 1
583 2
126 9
675 6
601 4
283 6
218 7
236 109
304 6
204 10
236 7
814 10
269 5
437 3
109 10
178 4
161 7
507 790
40 9
399 10
363 10
154 5
96 7
241 9
760 6
590 7
634 5
87 351
674 5
801 7
311 2
531 7
441 10
692 1
719 5
26 10
53 6
112 569
335 9
292 3
497 10
520 3
360 4
662 4
664 3
142 3
216 4
596 468
325 1
613 6
121 3
489 1
267 9
709 10
400 6
618 4
678 3
430 659
477 10
529 5
50 10
694 6
736 4
217 6
726 3
545 1
275 6
592 690
729 8
692 8
265 3
243 4
359 8
595 8
467 9
366 7
606 2
594 75
238 1
260 6
96 3
65 8
42 3
31 7
443 3
39 10
547 5
314 157
714 3
712 10
429 4
235 7
496 10
623 3
704 4
324 6
421 9
25 375
581 10
155 5
172 9
545 10
163 8
464 8
403 5
246 9
266 8
497 141
758 7
398 7
603 10
510 3
560 8
604 3
378 9
586 9
414 1
740 152
283 6
561 3
641 5
276 8
471 5
378 1
288 7
247 8
273 1
37 480
590 8
735 8
37 1
433 10
790 10
710 2
115 8
433 6
386 10
339 815
255 3
748 8
61 8
101 8
637 1
770 1
183 3
38 7
773 10
667 640
293 10
162 10
222 5
167 6
687 6
542 4
663 5
782 8
22 6
566 338
420 2
722 5
484 3
670 6
365 8
784 5
134 3
701 8
141 2
202 233
325 9
306 5
275 5
334 2
307 3
574 7
135 3
545 10
367 10
109 313
742 4
461 1
403 2
33 2
599 6
319 6
180 6
703 8
702 9
285 328
243 10
741 3
469 10
421 3
296 4
361 5
815 1
319 5
543 1
203 732
305 10
287 2
584 1
258 2
641 5
78 7
464 1
610 3
293 10
92 343
633 6
673 8
461 7
265 6
801 4
201 3
10 5
383 8
549 3
486 353
557 4
139 10
327 6
373 8
466 9
347 8
287 2
464 2
116 6
709 622
781 8
736 4
195 4
568 4
223 2
49 5
224 3
361 2
203 2
442 619
120 6
191 5
75 6
280 6
622 5
133 9
488 10
36 10
594 7
380 585
109 2
300 4
680 10
685 6
95 9
810 9
250 5
126 1
423 9
94 221
564 1
434 9
479 3
750 2
114 10
643 1
229 1
466 1
358 10
189 659
130 4
703 4
783 1
745 5
199 1
253 3
816 9
694 8
3 8
489 407
750 2
599 3
563 3
346 4
158 6
732 6
231 4
691 2
431 8
7 37
379 4
377 8
385 1
682 1
556 1
572 7
146 1
263 1
342 9
148 213
746 8
518 2
234 8
703 10
346 5
483 5
695 3
512 10
583 3
146 37
790 9
574 6
603 5
629 3
419 3
74 8
506 4
146 9
645 10
721 651
18 8
800 3
725 8
257 8
50 6
807 4
537 9
81 10
41 5
317 545
680 2
56 1
802 9
266 9
462 7
480 10
697 4
35 4
134 10
473 614
337 9
728 2
61 2
233 8
355 4
559 8
259 7
35 9
353 3
530 616
394 1
27 8
385 2
410 8
181 5
552 4
153 3
775 2
538 8
457 806
685 9
267 6
773 7
611 6
651 6
542 10
685 5
410 8
27 8
20 592
782 10
387 2
654 5
629 9
389 6
188 10
568 1
388 6
274 2
587 544
508 7
380 9
126 4
462 10
625 5
596 4
613 2
286 1
785 4
27 153
292 9
465 10
295 8
518 1
252 10
745 9
388 7
509 3
511 10
631 774
46 5
99 6
223 5
289 2
456 10
654 2
198 4
157 9
129 5
386 523
233 6
496 1
167 5
480 5
142 6
496 7
635 7
17 2
418 9
742 150
385 3
480 3
807 3
693 2
415 1
560 5
662 7
22 10
505 8
371 781
636 4
443 6
531 6
652 2
204 8
789 1
279 7
433 7
487 6
253 168
157 9
370 10
768 4
62 1
148 5
192 9
617 4
580 9
166 8
781 722
46 7
420 1
470 8
542 8
663 10
203 4
563 5
694 1
623 9
99 309
149 4
556 9
18 4
727 7
631 5
809 1
32 8
186 6
59 8
658 296
767 9
138 3
269 9
164 6
254 4
578 2
669 5
179 9
33 2
216 402
625 3
3 1
447 4
200 2
36 9
606 10
532 3
83 2
389 2
226 357
400 10
212 5
320 2
269 5
55 9
96 2
297 7
400 8
103 1
608 586
536 5
332 4
684 1
409 6
126 9
608 10
472 10
765 7
116 8
297 158
671 6
132 5
220 3
106 8
494 10
365 2
354 8
100 10
79 3
452 221
429 9
544 3
805 5
176 8
95 6
348 10
172 1
725 8
118 1
346 26
801 4
243 4
87 6
265 4
495 2
597 10
720 5
508 8
37 5
187 707
718 3
702 10
401 7
322 9
524 6
100 5
647 1
496 10
339 5
604 310
708 9
550 10
174 10
493 6
740 2
758 6
131 2
611 3
255 3
549 184
419 2
338 3
583 5
329 6
611 3
723 3
709 1
212 2
613 10
401 567
763 10
768 2
742 10
677 4
246 1
482 10
402 5
185 7
653 5
808 14
605 6
576 9
76 7
818 3
446 3
154 9
130 4
154 1
624 1
221 310
697 2
536 5
746 8
356 8
374 5
236 7
60 3
106 9
513 2
137 742
180 2
402 5
205 5
395 2
685 1
510 2
714 2
412 1
436 9
796 357
450 8
779 10
498 7
71 6
797 9
811 8
298 2
452 6
92 2
297 601
306 10
808 8
128 1
145 2
750 6
577 1
609 6
305 7
333 9
585 545
467 4
88 4
638 2
442 9
395 8
376 2
817 6
104 6
741 4
412 204
432 2
289 4
509 9
781 7
160 10
361 8
422 9
334 8
494 10
519 492
754 4
310 1
423 4
177 10
707 1
701 4
60 1
680 3
282 4
711 390
176 8
574 9
117 1
763 6
761 2
726 2
549 2
518 2
738 9
255 626
22 9
375 3
471 5
609 3
24 7
446 5
142 3
474 5
798 6
325 666
198 10
452 7
132 1
489 5
618 1
219 2
341 4
477 8
378 2
356 212
341 3
82 8
687 1
705 7
449 10
544 4
109 2
70 4
698 1
544 611
