602 1000
1 2
2 3
1 4
4 5
3 6
1 7
2 8
8 9
6 10
5 11
1 12
12 13
11 14
8 15
11 16
6 17
5 18
4 19
8 20
11 21
1 22
14 23
20 24
3 25
7 26
3 27
9 28
20 29
3 30
22 31
8 32
17 33
16 34
16 35
10 36
10 37
30 38
14 39
32 40
20 41
16 42
22 43
10 44
20 45
23 46
18 47
3 48
45 49
24 50
20 51
50 52
8 53
16 54
53 55
43 56
35 57
2 58
9 59
31 60
38 61
53 62
29 63
11 64
12 65
43 66
42 67
15 68
46 69
32 70
33 71
19 72
48 73
52 74
33 75
54 76
11 77
1 78
43 79
49 80
12 81
4 82
39 83
57 84
70 85
15 86
80 87
9 88
84 89
53 90
56 91
5 92
12 93
51 94
88 95
70 96
29 97
11 98
13 99
70 100
89 101
93 102
93 103
4 104
54 105
77 106
54 107
105 108
96 109
4 110
78 111
8 112
80 113
68 114
58 115
4 116
4 117
70 118
77 119
81 120
100 121
44 122
102 123
50 124
98 125
11 126
44 127
60 128
73 129
6 130
9 131
86 132
14 133
17 134
96 135
95 136
74 137
43 138
4 139
127 140
84 141
43 142
5 143
19 144
14 145
19 146
126 147
38 148
13 149
67 150
14 151
125 152
5 153
73 154
145 155
4 156
33 157
142 158
118 159
5 160
116 161
74 162
39 163
69 164
71 165
34 166
96 167
21 168
151 169
163 170
87 171
19 172
125 173
88 174
14 175
34 176
93 177
100 178
120 179
154 180
59 181
174 182
5 183
49 184
98 185
78 186
59 187
58 188
98 189
10 190
133 191
58 192
66 193
43 194
172 195
54 196
149 197
179 198
101 199
117 200
131 201
53 202
77 203
129 204
8 205
78 206
61 207
128 208
196 209
95 210
31 211
123 212
66 213
140 214
81 215
57 216
204 217
21 218
216 219
52 220
171 221
104 222
46 223
155 224
81 225
54 226
71 227
199 228
86 229
223 230
114 231
147 232
76 233
81 234
200 235
170 236
115 237
158 238
163 239
146 240
24 241
206 242
211 243
30 244
120 245
239 246
8 247
55 248
180 249
59 250
87 251
249 252
124 253
80 254
189 255
175 256
134 257
88 258
200 259
252 260
140 261
48 262
93 263
232 264
121 265
91 266
198 267
25 268
242 269
7 270
9 271
60 272
33 273
80 274
117 275
220 276
243 277
175 278
74 279
3 280
203 281
263 282
149 283
88 284
34 285
121 286
259 287
170 288
118 289
21 290
226 291
251 292
248 293
24 294
73 295
167 296
137 297
122 298
170 299
69 300
52 301
71 302
192 303
230 304
34 305
149 306
62 307
305 308
201 309
77 310
206 311
84 312
55 313
277 314
9 315
46 316
301 317
65 318
274 319
57 320
282 321
119 322
210 323
142 324
244 325
287 326
7 327
282 328
68 329
20 330
101 331
323 332
303 333
120 334
188 335
114 336
172 337
287 338
120 339
246 340
318 341
279 342
178 343
262 344
338 345
148 346
74 347
303 348
13 349
287 350
232 351
292 352
207 353
289 354
25 355
297 356
129 357
272 358
77 359
297 360
7 361
261 362
86 363
23 364
232 365
250 366
45 367
274 368
11 369
158 370
134 371
194 372
127 373
273 374
283 375
74 376
371 377
41 378
75 379
35 380
335 381
379 382
25 383
71 384
53 385
164 386
283 387
114 388
61 389
230 390
77 391
181 392
212 393
60 394
370 395
330 396
70 397
362 398
154 399
239 400
251 401
337 402
166 403
259 404
326 405
35 406
89 407
173 408
8 409
27 410
315 411
328 412
223 413
214 414
30 415
121 416
149 417
159 418
216 419
26 420
49 421
260 422
336 423
399 424
29 425
191 426
210 427
365 428
406 429
156 430
48 431
339 432
125 433
107 434
165 435
317 436
238 437
160 438
373 439
364 440
430 441
176 442
330 443
82 444
183 445
139 446
139 447
201 448
379 449
309 450
90 451
321 452
284 453
436 454
334 455
44 456
99 457
109 458
236 459
153 460
18 461
352 462
244 463
2 464
15 465
400 466
218 467
93 468
209 469
232 470
162 471
347 472
355 473
409 474
129 475
15 476
279 477
25 478
26 479
86 480
427 481
346 482
188 483
245 484
123 485
327 486
11 487
35 488
232 489
271 490
338 491
137 492
300 493
85 494
106 495
404 496
144 497
353 498
20 499
381 500
77 501
292 502
451 503
118 504
460 505
182 506
325 507
88 508
43 509
473 510
312 511
105 512
44 513
94 514
139 515
5 516
260 517
512 518
94 519
338 520
174 521
362 522
19 523
317 524
332 525
377 526
470 527
292 528
222 529
315 530
94 531
62 532
315 533
8 534
281 535
335 536
265 537
97 538
295 539
221 540
538 541
212 542
22 543
354 544
351 545
154 546
162 547
147 548
482 549
361 550
252 551
345 552
49 553
19 554
39 555
314 556
365 557
183 558
158 559
407 560
138 561
459 562
39 563
53 564
285 565
375 566
324 567
186 568
210 569
440 570
99 571
527 572
242 573
86 574
59 575
537 576
37 577
175 578
123 579
171 580
516 581
475 582
467 583
357 584
335 585
375 586
547 587
531 588
298 589
561 590
383 591
537 592
491 593
572 594
405 595
139 596
224 597
288 598
222 599
88 600
198 601
572 602
563 9
188 2
274 8
51 3
453 6
122 7
434 2
496 6
458 3
135 121
275 2
485 1
277 8
193 4
471 6
402 5
323 9
259 7
588 5
172 110
38 1
227 10
277 3
495 4
217 7
83 10
409 5
482 10
242 3
191 101
66 7
266 4
482 2
431 4
346 7
371 7
27 7
500 8
56 10
59 563
195 2
276 4
183 10
103 9
424 4
494 9
499 9
37 2
130 3
97 447
278 3
103 3
505 4
115 2
374 3
599 2
583 2
355 1
63 8
127 473
34 2
60 3
350 9
318 9
537 5
486 2
389 10
163 9
201 6
234 230
167 6
278 3
286 3
55 9
445 4
467 8
234 8
474 8
386 2
118 530
112 3
546 10
570 1
358 6
205 2
30 3
510 5
105 5
421 3
40 530
129 3
313 10
548 9
576 4
445 1
254 8
383 6
173 2
19 6
468 242
124 1
89 5
345 1
137 5
181 4
403 3
211 8
20 3
269 8
284 593
374 9
529 9
228 9
30 6
294 8
338 1
558 10
85 10
207 9
433 581
585 2
231 10
522 10
80 9
252 1
124 4
47 3
87 8
222 1
571 212
534 5
78 2
481 6
357 9
286 8
70 10
150 7
237 1
149 2
134 415
562 7
318 4
407 10
305 2
57 5
99 9
382 2
338 6
205 1
566 81
108 6
426 6
1 2
289 3
490 7
197 6
24 8
468 1
152 7
260 113
317 2
77 6
221 10
96 7
198 1
359 7
137 9
47 7
160 3
140 124
306 7
289 7
431 9
426 4
202 10
91 3
533 3
288 5
44 1
564 301
323 8
62 7
70 7
240 9
142 7
177 8
523 5
135 1
433 6
267 306
242 5
271 10
75 7
136 2
153 3
287 2
285 4
324 4
238 8
484 363
3 4
273 4
257 6
598 8
139 3
531 10
428 3
264 6
188 2
581 94
1 2
502 1
46 6
432 1
321 8
472 7
121 4
571 10
354 5
139 503
349 4
329 2
74 6
194 9
288 4
398 2
233 5
139 7
591 10
232 462
324 7
303 5
554 4
349 5
88 8
36 5
215 4
224 7
321 8
556 157
199 10
395 5
270 5
18 2
552 10
309 7
264 8
343 6
92 2
470 315
580 10
360 1
422 9
69 5
113 6
46 7
491 2
299 8
82 3
504 189
494 7
4 2
491 1
2 4
337 5
329 8
405 1
340 10
321 9
193 261
74 10
207 5
348 4
82 8
516 5
549 3
30 4
374 2
64 9
58 223
525 5
54 4
237 1
475 7
66 3
592 9
548 2
103 8
94 7
64 175
307 3
434 7
38 5
545 1
554 6
448 4
269 7
531 6
305 7
196 242
430 2
307 10
485 4
166 8
97 8
527 7
574 2
416 1
35 4
120 522
195 8
523 1
562 9
452 7
444 3
584 2
262 6
341 10
195 3
215 391
120 3
364 5
67 9
231 2
405 2
96 8
246 4
429 10
309 3
365 424
537 1
163 8
103 2
424 5
203 2
147 9
178 6
101 4
86 2
466 32
110 5
135 4
300 6
434 7
315 2
236 6
201 8
411 9
583 7
166 350
513 2
78 2
363 4
325 8
169 1
305 5
514 7
327 10
560 5
290 434
562 7
338 10
487 7
241 10
428 6
165 8
46 3
69 9
436 7
241 365
553 3
569 7
529 1
216 3
579 6
173 5
360 10
15 9
300 2
321 60
138 1
108 4
398 7
411 4
201 10
182 7
399 6
461 2
358 6
335 116
106 1
268 6
125 2
83 4
73 3
476 7
560 5
83 5
577 4
428 547
136 7
397 9
383 10
233 2
448 3
446 4
188 8
331 4
443 7
289 361
574 3
156 9
485 8
260 4
503 8
210 8
329 10
286 3
332 7
230 547
268 5
555 10
86 10
139 4
57 7
166 10
229 6
294 5
227 4
102 313
28 8
439 10
552 10
62 3
507 7
158 7
378 10
280 1
110 1
152 296
390 8
537 5
81 1
153 5
192 4
410 4
187 9
283 7
378 9
250 244
370 2
312 7
119 10
186 8
350 8
165 8
340 4
585 7
581 10
92 391
280 4
575 5
102 3
44 9
333 7
452 2
398 5
64 4
512 7
293 315
558 4
364 10
392 3
445 2
140 8
81 2
585 10
243 5
521 5
133 65
560 6
446 5
356 3
371 5
341 7
480 3
283 2
60 10
99 4
246 154
232 7
149 4
350 4
488 5
379 8
493 10
477 3
409 8
376 2
134 402
351 5
334 7
235 9
317 6
557 8
224 9
23 2
314 2
233 1
514 235
150 10
437 9
575 1
406 8
311 6
480 5
346 10
464 9
266 5
85 344
597 3
27 8
383 1
433 3
545 5
183 3
115 10
451 3
333 7
570 355
22 4
545 2
74 10
237 6
569 5
473 2
218 6
353 8
445 5
224 121
261 3
35 3
237 8
430 5
496 5
473 10
404 7
113 1
484 10
228 308
38 4
459 1
594 3
247 7
200 10
570 8
113 2
594 2
312 3
119 343
595 1
496 4
136 7
258 4
142 3
278 3
176 8
473 8
115 3
583 251
517 6
484 5
23 1
499 1
190 5
84 4
453 5
325 9
95 6
455 168
569 1
503 10
57 7
82 6
111 2
263 4
536 9
478 5
406 10
181 155
337 9
433 2
427 10
337 1
74 3
53 7
196 1
87 7
26 9
121 418
140 4
78 7
177 7
470 9
103 5
597 8
386 8
62 6
454 9
545 333
340 1
447 8
69 4
493 1
334 2
240 10
427 1
288 9
427 5
517 103
144 9
471 2
225 3
181 5
575 4
513 8
25 6
13 7
259 4
372 362
390 5
16 7
412 1
491 2
239 7
262 5
453 5
593 2
404 2
307 338
312 6
55 2
435 10
564 8
515 3
187 10
233 8
465 5
125 9
571 599
576 7
130 5
431 6
76 6
187 5
304 10
430 4
519 4
533 8
9 11
532 7
309 10
276 2
130 8
115 9
169 5
567 3
45 6
205 7
232 368
309 8
231 8
220 8
550 9
280 5
266 4
553 6
583 8
124 6
39 109
558 4
18 2
317 8
221 4
319 10
203 4
142 10
126 2
392 9
21 145
429 8
220 3
312 5
247 3
133 6
145 10
213 8
18 9
243 6
311 481
557 4
158 1
28 6
69 1
181 6
566 1
581 10
501 7
155 6
356 68
443 6
522 5
486 3
36 7
29 9
282 9
362 5
20 2
256 6
487 190
23 5
599 9
413 8
258 7
321 1
475 3
163 6
217 7
102 5
304 250
262 10
497 3
460 10
177 10
244 3
320 3
54 5
505 1
494 3
377 113
593 4
387 2
469 1
288 8
211 1
197 1
436 5
582 4
325 1
200 101
483 8
90 9
500 1
46 5
302 6
259 3
524 9
168 3
141 5
168 288
571 9
403 7
534 6
23 2
527 9
73 5
241 3
464 9
519 7
538 454
592 10
380 8
456 7
126 1
536 10
300 3
342 8
178 4
406 6
526 116
290 4
360 5
84 2
51 4
499 1
41 2
9 3
67 10
449 8
287 484
475 4
173 4
307 3
431 2
253 5
156 2
285 3
112 10
67 6
88 382
579 2
570 8
568 7
201 7
103 7
298 2
472 5
66 2
565 4
255 397
543 3
391 10
351 3
535 1
580 1
367 9
160 3
490 10
407 4
502 237
449 9
153 10
350 7
392 7
444 8
79 7
170 5
548 9
283 6
513 559
168 6
432 8
426 7
88 5
568 3
149 2
350 2
20 1
205 7
602 383
113 2
297 10
20 6
29 9
437 10
30 1
28 3
478 10
458 4
386 479
269 1
482 6
281 4
591 2
454 5
197 4
124 5
23 1
302 4
120 334
245 6
315 1
593 8
486 4
135 3
392 3
453 7
50 3
26 1
173 381
334 1
159 1
526 8
567 4
96 9
128 1
416 2
35 3
107 2
97 409
384 2
494 10
482 5
484 1
447 6
519 10
455 6
491 1
431 6
154 479
42 5
401 8
291 8
395 3
576 9
71 8
457 6
441 10
218 4
43 472
292 2
569 5
409 9
93 4
573 2
574 1
243 9
539 1
464 8
418 389
98 2
350 2
141 9
105 4
16 2
110 4
442 9
380 3
29 3
310 92
256 6
358 3
441 3
553 9
549 7
501 6
372 7
50 4
431 2
474 579
594 7
472 5
506 7
25 8
144 6
227 3
16 4
84 1
126 2
377 79
25 6
191 1
67 8
559 10
401 2
326 3
38 1
62 3
545 5
176 427
273 2
360 3
140 7
317 7
569 5
167 6
294 10
509 7
136 3
229 284
529 7
223 2
218 6
139 2
90 9
463 1
522 8
425 1
596 6
448 124
526 4
395 2
299 7
321 7
508 1
227 3
134 9
591 10
320 6
268 341
181 7
358 2
63 6
383 1
234 10
536 2
413 7
412 8
61 10
331 183
495 7
182 1
601 3
494 1
284 6
199 5
487 2
342 2
132 4
219 548
