901 1000
1 2
2 3
2 4
3 5
4 6
5 7
1 8
4 9
1 10
10 11
1 12
9 13
12 14
6 15
2 16
8 17
6 18
9 19
5 20
14 21
6 22
6 23
23 24
7 25
4 26
22 27
2 28
23 29
16 30
28 31
4 32
23 33
16 34
15 35
1 36
31 37
7 38
1 39
26 40
25 41
32 42
28 43
5 44
40 45
27 46
4 47
10 48
2 49
20 50
38 51
17 52
41 53
25 54
33 55
33 56
5 57
44 58
33 59
8 60
30 61
61 62
10 63
44 64
42 65
14 66
30 67
29 68
55 69
69 70
21 71
42 72
70 73
48 74
33 75
10 76
25 77
44 78
64 79
47 80
24 81
8 82
74 83
41 84
77 85
63 86
21 87
4 88
85 89
33 90
29 91
63 92
22 93
1 94
66 95
11 96
32 97
82 98
30 99
12 100
60 101
29 102
64 103
68 104
103 105
3 106
2 107
10 108
86 109
70 110
31 111
84 112
68 113
67 114
78 115
12 116
38 117
44 118
58 119
62 120
15 121
44 122
2 123
118 124
61 125
102 126
73 127
104 128
27 129
25 130
114 131
46 132
76 133
10 134
4 135
79 136
132 137
13 138
59 139
121 140
28 141
123 142
79 143
108 144
72 145
62 146
2 147
131 148
67 149
92 150
2 151
109 152
117 153
140 154
129 155
86 156
91 157
76 158
66 159
36 160
53 161
132 162
124 163
60 164
46 165
96 166
132 167
50 168
37 169
145 170
40 171
125 172
17 173
66 174
96 175
151 176
91 177
100 178
20 179
18 180
11 181
106 182
46 183
104 184
16 185
59 186
7 187
42 188
172 189
75 190
181 191
49 192
123 193
14 194
114 195
149 196
163 197
40 198
6 199
102 200
100 201
178 202
195 203
69 204
39 205
172 206
93 207
156 208
77 209
147 210
195 211
28 212
102 213
131 214
87 215
9 216
145 217
109 218
137 219
123 220
18 221
147 222
129 223
206 224
112 225
42 226
189 227
104 228
117 229
168 230
206 231
129 232
193 233
20 234
226 235
151 236
169 237
84 238
93 239
126 240
94 241
37 242
190 243
75 244
99 245
241 246
93 247
48 248
226 249
230 250
152 251
51 252
18 253
136 254
216 255
132 256
160 257
181 258
200 259
79 260
57 261
29 262
45 263
210 264
123 265
177 266
126 267
92 268
170 269
175 270
200 271
237 272
13 273
248 274
165 275
263 276
223 277
137 278
266 279
190 280
132 281
146 282
266 283
276 284
138 285
9 286
61 287
237 288
31 289
250 290
69 291
235 292
57 293
235 294
64 295
20 296
214 297
258 298
72 299
295 300
40 301
105 302
178 303
167 304
132 305
104 306
300 307
152 308
176 309
216 310
215 311
97 312
269 313
69 314
96 315
280 316
36 317
92 318
25 319
8 320
308 321
81 322
315 323
47 324
256 325
78 326
71 327
177 328
324 329
66 330
98 331
305 332
151 333
332 334
13 335
109 336
168 337
244 338
240 339
333 340
238 341
26 342
3 343
282 344
242 345
6 346
217 347
81 348
102 349
270 350
143 351
156 352
121 353
29 354
156 355
164 356
292 357
336 358
237 359
194 360
96 361
215 362
101 363
240 364
41 365
103 366
261 367
224 368
166 369
211 370
328 371
144 372
363 373
202 374
14 375
132 376
300 377
260 378
155 379
220 380
365 381
267 382
156 383
242 384
378 385
287 386
91 387
152 388
356 389
157 390
127 391
1 392
89 393
267 394
276 395
185 396
151 397
224 398
241 399
226 400
395 401
55 402
26 403
135 404
199 405
260 406
346 407
374 408
45 409
244 410
342 411
251 412
147 413
94 414
80 415
259 416
208 417
8 418
80 419
297 420
62 421
145 422
170 423
258 424
124 425
58 426
64 427
210 428
180 429
284 430
266 431
428 432
225 433
140 434
179 435
424 436
14 437
132 438
263 439
65 440
120 441
412 442
367 443
87 444
135 445
229 446
61 447
433 448
84 449
200 450
378 451
246 452
44 453
248 454
401 455
327 456
454 457
122 458
303 459
263 460
44 461
40 462
301 463
407 464
150 465
126 466
322 467
181 468
288 469
135 470
15 471
331 472
277 473
3 474
380 475
317 476
358 477
363 478
444 479
383 480
474 481
406 482
62 483
3 484
80 485
54 486
369 487
290 488
233 489
198 490
100 491
413 492
174 493
1 494
218 495
322 496
478 497
493 498
19 499
399 500
148 501
16 502
294 503
247 504
122 505
81 506
107 507
358 508
34 509
252 510
279 511
38 512
141 513
140 514
268 515
257 516
402 517
139 518
383 519
390 520
179 521
381 522
287 523
471 524
83 525
64 526
393 527
82 528
482 529
513 530
404 531
502 532
403 533
491 534
155 535
160 536
85 537
111 538
375 539
445 540
81 541
71 542
128 543
284 544
362 545
334 546
230 547
196 548
444 549
65 550
289 551
174 552
2 553
208 554
261 555
98 556
323 557
460 558
552 559
291 560
341 561
388 562
374 563
261 564
144 565
251 566
244 567
369 568
377 569
401 570
454 571
209 572
146 573
449 574
42 575
216 576
371 577
4 578
397 579
533 580
207 581
567 582
12 583
73 584
263 585
426 586
282 587
572 588
372 589
344 590
562 591
267 592
192 593
386 594
144 595
417 596
218 597
367 598
373 599
240 600
523 601
199 602
164 603
550 604
368 605
447 606
275 607
520 608
152 609
517 610
501 611
90 612
36 613
79 614
610 615
107 616
143 617
259 618
97 619
12 620
480 621
319 622
55 623
243 624
515 625
454 626
107 627
561 628
383 629
227 630
29 631
324 632
47 633
183 634
282 635
330 636
370 637
591 638
515 639
23 640
288 641
181 642
44 643
136 644
326 645
273 646
370 647
401 648
64 649
629 650
112 651
19 652
444 653
560 654
292 655
277 656
353 657
461 658
6 659
488 660
497 661
626 662
513 663
644 664
152 665
578 666
567 667
150 668
204 669
588 670
559 671
279 672
254 673
529 674
199 675
331 676
361 677
472 678
103 679
326 680
670 681
298 682
296 683
136 684
672 685
145 686
622 687
459 688
496 689
87 690
472 691
232 692
550 693
174 694
380 695
643 696
196 697
186 698
289 699
574 700
205 701
570 702
645 703
294 704
666 705
611 706
184 707
16 708
312 709
523 710
446 711
468 712
324 713
498 714
205 715
318 716
687 717
515 718
377 719
687 720
86 721
482 722
597 723
627 724
385 725
422 726
208 727
108 728
392 729
75 730
279 731
121 732
522 733
116 734
60 735
509 736
473 737
494 738
470 739
614 740
705 741
547 742
250 743
665 744
540 745
263 746
633 747
175 748
663 749
680 750
41 751
508 752
672 753
673 754
696 755
204 756
505 757
80 758
399 759
165 760
297 761
240 762
554 763
197 764
66 765
526 766
660 767
693 768
579 769
84 770
306 771
309 772
617 773
338 774
635 775
453 776
124 777
48 778
102 779
669 780
499 781
464 782
706 783
660 784
263 785
141 786
193 787
658 788
78 789
296 790
769 791
47 792
130 793
608 794
176 795
177 796
705 797
204 798
206 799
2 800
427 801
167 802
512 803
33 804
546 805
368 806
652 807
549 808
66 809
250 810
711 811
663 812
651 813
634 814
385 815
295 816
42 817
538 818
630 819
493 820
73 821
796 822
709 823
713 824
456 825
55 826
710 827
87 828
467 829
716 830
432 831
435 832
30 833
823 834
119 835
672 836
242 837
818 838
318 839
653 840
604 841
757 842
576 843
292 844
266 845
524 846
696 847
841 848
321 849
156 850
592 851
759 852
451 853
639 854
418 855
577 856
680 857
719 858
437 859
250 860
281 861
517 862
307 863
233 864
421 865
574 866
297 867
574 868
610 869
78 870
291 871
309 872
286 873
204 874
82 875
262 876
212 877
154 878
621 879
785 880
300 881
486 882
141 883
228 884
297 885
57 886
591 887
781 888
479 889
877 890
731 891
571 892
800 893
392 894
286 895
516 896
392 897
400 898
229 899
693 900
701 901
64 5
417 1
564 10
202 7
482 7
447 5
33 4
83 2
598 4
343 93
493 3
638 4
41 3
277 4
374 8
872 5
845 3
685 3
710 5
178 424
634 9
312 7
824 8
450 3
569 7
307 3
568 3
23 7
378 3
849 256
97 1
808 5
189 5
869 1
854 1
326 9
524 4
269 8
805 8
391 591
452 9
343 2
874 1
475 3
751 5
535 3
457 8
503 4
208 2
145 350
773 2
151 10
289 4
692 1
503 5
777 7
668 9
893 4
505 9
439 179
868 3
865 10
116 3
685 5
153 9
455 7
16 9
498 9
204 7
158 732
291 5
757 8
494 10
821 8
366 1
483 8
311 7
510 3
752 2
112 725
39 1
121 5
789 7
237 2
424 8
582 3
167 6
216 9
499 1
328 855
16 9
667 3
403 9
136 3
767 5
586 9
523 7
660 5
64 9
80 632
74 7
152 3
52 2
154 10
673 8
466 1
583 10
382 4
315 3
408 443
689 4
438 2
730 5
248 3
836 9
452 10
512 10
842 4
558 4
673 466
662 10
492 9
587 7
366 6
724 8
347 4
325 6
811 7
653 9
212 16
795 10
456 4
347 6
564 2
805 6
285 8
380 2
414 3
595 4
722 784
250 2
891 3
817 3
108 8
8 3
798 6
439 3
365 5
597 1
757 496
421 5
728 3
446 10
572 3
490 8
600 4
317 9
523 3
812 6
481 10
776 5
581 9
242 1
892 6
783 7
74 10
488 9
132 9
3 4
8 647
269 9
846 1
386 10
489 4
350 3
290 6
670 3
51 9
587 6
406 269
107 6
778 4
322 3
409 2
722 6
891 7
297 8
861 7
318 9
653 191
759 10
705 7
707 8
97 8
219 1
201 7
152 3
487 9
836 8
647 879
599 1
631 5
396 9
415 10
160 3
39 3
63 10
876 2
17 2
349 450
290 4
901 3
100 1
425 8
224 3
667 10
389 10
543 5
450 8
383 170
64 2
445 10
290 2
369 7
743 9
74 8
602 6
833 8
113 9
233 337
405 8
733 6
459 8
691 2
713 5
10 2
119 9
321 9
803 5
263 801
611 8
460 8
394 2
806 8
269 5
22 2
492 3
644 8
214 8
288 762
74 7
810 2
561 2
221 10
333 5
828 4
351 3
750 5
395 8
37 184
36 10
106 2
222 6
468 5
522 2
238 1
258 3
171 7
239 6
835 539
626 5
358 1
587 10
547 10
488 1
878 7
127 1
765 3
157 6
325 814
674 4
672 4
141 4
145 4
341 9
545 7
15 8
586 8
832 8
668 192
874 4
547 10
371 4
325 4
619 8
382 7
41 3
856 3
357 5
66 355
405 7
523 6
813 4
535 3
434 1
847 10
48 1
238 4
735 7
63 503
380 1
165 9
384 9
865 10
479 9
473 1
649 8
893 4
753 7
525 11
728 4
725 2
857 9
153 3
899 2
119 4
48 7
244 2
61 1
7 822
888 6
593 6
581 3
180 4
712 9
714 7
790 1
696 8
354 2
269 191
384 1
32 8
271 1
412 3
387 6
422 1
788 10
42 4
689 9
526 527
563 6
618 3
437 10
499 6
380 8
663 5
319 5
751 2
718 10
832 776
705 4
361 10
787 5
336 4
778 9
893 1
616 7
240 8
126 5
743 568
216 8
399 6
486 9
151 2
245 5
225 5
737 1
362 1
73 7
668 284
2 1
192 10
488 6
831 5
103 5
845 10
85 8
427 9
311 9
193 226
62 1
100 9
824 4
39 3
668 3
119 5
157 7
538 7
396 9
220 789
129 9
459 10
72 1
157 2
767 4
140 6
320 3
699 4
58 10
295 36
559 8
232 6
813 7
751 1
194 4
237 3
695 5
179 9
225 4
480 446
319 6
509 3
254 6
4 3
150 7
93 2
71 2
786 5
865 3
165 718
187 9
115 7
327 9
155 5
177 1
367 2
540 4
616 3
253 3
841 712
603 4
291 6
85 2
485 3
850 8
169 3
698 5
76 10
513 1
194 422
768 8
626 3
55 7
315 7
59 1
614 4
648 8
356 3
643 4
326 702
96 10
52 8
254 5
458 6
454 5
504 4
252 8
63 7
435 5
506 47
90 2
183 6
705 8
37 10
689 3
822 3
379 1
146 6
156 7
355 873
866 7
721 7
670 2
676 4
555 4
84 3
243 10
444 6
353 7
774 349
411 2
586 10
446 8
494 8
889 7
7 1
569 9
80 7
625 4
397 158
154 10
383 8
102 4
729 2
788 10
92 8
134 8
104 2
273 2
337 258
132 10
88 1
134 8
565 7
659 7
898 3
709 3
503 6
35 10
771 831
610 6
329 1
72 8
691 9
437 9
402 3
188 10
444 10
512 8
548 438
26 8
536 3
428 1
92 9
331 5
567 10
380 4
273 10
127 3
5 333
876 3
605 5
432 9
267 7
717 7
641 3
787 9
744 9
117 3
41 407
651 5
44 7
743 9
54 5
352 7
73 5
795 6
151 3
883 6
682 570
772 4
400 2
213 9
102 6
840 1
36 6
608 9
856 8
802 4
363 286
68 9
135 6
132 6
447 1
543 7
595 5
384 4
391 2
280 7
655 603
870 3
608 7
83 2
698 4
843 3
380 1
36 4
191 2
58 5
821 16
92 10
394 2
160 2
207 5
687 9
650 9
808 3
340 5
294 8
104 588
188 2
6 8
329 2
483 8
712 6
390 9
738 4
787 8
437 10
742 665
613 4
818 4
321 1
797 4
629 7
795 10
225 4
715 2
45 9
618 682
173 1
549 6
460 4
14 9
175 8
639 2
429 10
698 5
518 3
396 192
748 1
596 1
813 4
341 10
516 3
858 2
667 2
714 5
362 5
877 358
64 1
555 7
214 6
644 7
714 6
667 2
30 9
380 7
785 2
638 798
496 3
215 8
677 6
599 6
61 10
106 2
398 9
721 2
13 6
579 754
797 1
248 2
865 8
35 1
457 2
382 3
63 5
734 8
188 5
559 342
362 10
281 4
852 10
9 2
731 3
708 7
68 3
756 7
256 5
152 889
679 4
49 5
144 1
273 1
603 9
439 7
432 1
440 2
785 2
840 480
613 10
27 8
82 10
629 6
701 5
527 1
604 4
458 8
486 4
600 748
747 7
535 9
338 6
689 1
218 10
692 10
714 1
174 7
192 3
847 524
118 9
338 5
447 5
889 4
559 5
671 7
489 2
819 9
561 4
501 817
135 3
622 5
146 7
1 1
84 3
74 4
373 10
59 7
635 9
596 463
877 6
732 9
721 9
272 4
251 6
85 1
379 5
78 5
50 9
792 469
47 9
545 4
769 5
639 6
803 10
244 5
11 7
326 3
684 2
803 326
108 4
856 8
705 4
6 7
894 6
880 9
84 4
608 2
92 4
834 690
361 6
645 1
267 8
687 3
201 7
457 2
517 3
561 8
65 2
810 134
213 1
867 1
382 5
799 2
456 8
309 3
690 6
107 3
666 6
776 347
794 2
82 2
607 6
365 8
425 5
608 10
540 2
397 3
85 9
115 293
44 8
788 9
386 3
882 1
888 4
876 10
732 1
790 10
166 4
276 622
661 6
129 4
883 5
609 2
901 4
489 2
739 2
774 1
321 1
320 850
639 10
809 8
75 4
880 5
380 7
494 2
669 2
323 7
649 1
517 671
28 3
444 2
708 3
668 5
3 10
59 7
857 9
172 4
740 8
632 850
283 8
135 3
308 5
20 6
385 9
793 3
201 5
320 2
545 3
487 20
425 6
381 2
806 6
381 5
239 10
775 7
254 1
362 8
639 5
794 499
233 4
229 1
636 3
424 1
671 4
486 8
278 4
292 9
846 7
590 175
820 10
670 6
620 5
611 8
349 3
536 8
68 3
836 7
400 7
551 614
537 7
746 2
489 2
214 7
125 2
625 6
261 4
263 3
187 5
877 567
675 10
549 5
479 7
796 4
783 10
144 5
556 5
4 3
792 9
805 252
174 1
43 5
818 7
775 3
335 5
834 8
178 3
3 8
526 5
85 823
800 8
460 2
398 8
823 1
146 1
228 5
492 8
202 6
842 1
94 300
119 2
862 6
124 10
164 10
222 8
781 6
291 6
209 8
296 7
805 205
20 9
134 10
249 4
191 2
257 3
795 1
316 7
96 3
843 6
240 873
207 5
671 1
683 7
725 8
29 5
95 5
889 9
233 5
609 1
890 676
552 7
456 2
769 8
36 3
406 9
431 3
668 2
629 4
94 5
135 690
712 9
133 7
859 10
644 2
319 9
768 5
819 9
758 7
781 2
669 748
130 8
397 5
306 1
13 2
331 4
388 1
842 1
119 9
784 4
460 364
260 2
549 8
203 3
253 9
459 3
310 2
474 2
486 5
568 1
188 488
415 2
468 8
187 7
520 10
11 9
179 1
69 1
442 7
634 3
807 789
397 4
576 1
155 1
267 1
675 8
537 9
447 5
756 9
193 5
447 99
