964 1000
1 2
1 3
2 4
3 5
2 6
2 7
7 8
7 9
2 10
3 11
3 12
11 13
9 14
1 15
3 16
2 17
3 18
11 19
5 20
17 21
16 22
6 23
14 24
10 25
4 26
9 27
25 28
26 29
10 30
16 31
20 32
2 33
28 34
31 35
22 36
36 37
12 38
14 39
34 40
12 41
24 42
25 43
15 44
12 45
35 46
9 47
20 48
20 49
13 50
17 51
19 52
5 53
38 54
40 55
46 56
51 57
16 58
34 59
10 60
21 61
38 62
18 63
27 64
22 65
16 66
30 67
63 68
30 69
9 70
8 71
47 72
33 73
53 74
17 75
8 76
13 77
2 78
49 79
29 80
1 81
45 82
45 83
48 84
13 85
27 86
28 87
42 88
17 89
44 90
20 91
63 92
6 93
20 94
36 95
54 96
91 97
2 98
30 99
28 100
67 101
16 102
45 103
1 104
31 105
69 106
69 107
61 108
47 109
13 110
79 111
100 112
20 113
11 114
93 115
79 116
7 117
110 118
102 119
115 120
31 121
58 122
12 123
79 124
19 125
77 126
59 127
89 128
112 129
16 130
10 131
50 132
72 133
67 134
127 135
6 136
15 137
92 138
73 139
12 140
61 141
12 142
98 143
75 144
1 145
131 146
73 147
11 148
66 149
110 150
44 151
103 152
47 153
47 154
72 155
67 156
107 157
9 158
157 159
47 160
124 161
123 162
73 163
139 164
63 165
34 166
7 167
116 168
23 169
144 170
53 171
49 172
64 173
70 174
35 175
82 176
8 177
110 178
171 179
49 180
13 181
92 182
146 183
181 184
162 185
22 186
136 187
140 188
58 189
84 190
100 191
67 192
140 193
131 194
103 195
69 196
34 197
100 198
104 199
160 200
198 201
86 202
37 203
6 204
67 205
26 206
67 207
71 208
44 209
113 210
28 211
160 212
5 213
129 214
10 215
14 216
94 217
55 218
18 219
14 220
69 221
19 222
57 223
173 224
208 225
45 226
191 227
76 228
51 229
153 230
147 231
64 232
94 233
153 234
92 235
144 236
122 237
148 238
75 239
212 240
65 241
178 242
173 243
231 244
18 245
41 246
232 247
221 248
146 249
23 250
9 251
251 252
51 253
44 254
97 255
22 256
102 257
123 258
10 259
97 260
114 261
88 262
206 263
139 264
54 265
199 266
114 267
256 268
117 269
112 270
135 271
116 272
162 273
218 274
158 275
21 276
60 277
46 278
65 279
76 280
21 281
165 282
160 283
280 284
215 285
278 286
268 287
232 288
262 289
204 290
268 291
14 292
189 293
110 294
233 295
161 296
284 297
231 298
156 299
91 300
160 301
299 302
76 303
144 304
275 305
235 306
199 307
124 308
186 309
100 310
291 311
106 312
80 313
67 314
159 315
128 316
95 317
41 318
311 319
132 320
316 321
222 322
267 323
236 324
61 325
45 326
237 327
116 328
170 329
1 330
27 331
259 332
65 333
92 334
205 335
303 336
286 337
101 338
77 339
301 340
207 341
231 342
102 343
92 344
245 345
159 346
20 347
123 348
255 349
63 350
175 351
43 352
286 353
186 354
83 355
243 356
195 357
324 358
69 359
49 360
155 361
282 362
100 363
11 364
119 365
309 366
222 367
98 368
288 369
295 370
213 371
86 372
149 373
247 374
319 375
261 376
50 377
279 378
84 379
253 380
244 381
231 382
122 383
258 384
95 385
68 386
217 387
188 388
129 389
55 390
33 391
323 392
328 393
223 394
334 395
385 396
212 397
237 398
243 399
226 400
365 401
389 402
373 403
56 404
95 405
323 406
150 407
302 408
298 409
221 410
196 411
359 412
106 413
276 414
339 415
366 416
306 417
377 418
148 419
135 420
320 421
293 422
41 423
34 424
360 425
129 426
354 427
254 428
234 429
204 430
320 431
50 432
97 433
10 434
261 435
293 436
66 437
116 438
384 439
10 440
243 441
411 442
436 443
50 444
219 445
223 446
110 447
208 448
434 449
353 450
43 451
209 452
55 453
168 454
139 455
350 456
59 457
405 458
297 459
335 460
280 461
200 462
76 463
114 464
323 465
274 466
201 467
465 468
219 469
186 470
330 471
326 472
195 473
280 474
262 475
75 476
371 477
174 478
278 479
474 480
456 481
334 482
225 483
407 484
172 485
319 486
442 487
84 488
232 489
443 490
423 491
431 492
174 493
62 494
198 495
157 496
67 497
51 498
110 499
406 500
102 501
143 502
315 503
332 504
165 505
417 506
360 507
288 508
104 509
211 510
372 511
191 512
178 513
200 514
94 515
219 516
378 517
29 518
165 519
188 520
471 521
388 522
181 523
117 524
422 525
116 526
230 527
485 528
156 529
249 530
320 531
246 532
295 533
324 534
159 535
376 536
499 537
53 538
362 539
15 540
410 541
178 542
179 543
304 544
319 545
510 546
403 547
251 548
261 549
511 550
381 551
361 552
413 553
386 554
212 555
385 556
195 557
337 558
29 559
321 560
30 561
387 562
427 563
41 564
351 565
336 566
488 567
43 568
300 569
89 570
102 571
279 572
239 573
482 574
111 575
141 576
18 577
292 578
6 579
50 580
431 581
510 582
478 583
318 584
161 585
135 586
346 587
82 588
85 589
78 590
49 591
572 592
399 593
135 594
560 595
178 596
240 597
409 598
87 599
306 600
543 601
567 602
390 603
342 604
282 605
162 606
45 607
460 608
436 609
462 610
456 611
555 612
130 613
468 614
535 615
580 616
469 617
507 618
165 619
22 620
410 621
281 622
574 623
123 624
221 625
26 626
287 627
483 628
566 629
627 630
259 631
88 632
369 633
201 634
25 635
304 636
616 637
312 638
546 639
538 640
541 641
530 642
504 643
554 644
116 645
275 646
110 647
168 648
73 649
263 650
120 651
616 652
136 653
358 654
257 655
515 656
480 657
231 658
477 659
616 660
52 661
348 662
138 663
356 664
605 665
377 666
94 667
147 668
144 669
119 670
71 671
325 672
542 673
223 674
132 675
281 676
38 677
456 678
509 679
16 680
259 681
588 682
595 683
668 684
569 685
381 686
437 687
424 688
653 689
195 690
641 691
67 692
139 693
272 694
488 695
87 696
212 697
245 698
122 699
460 700
90 701
264 702
532 703
490 704
395 705
13 706
333 707
5 708
283 709
480 710
527 711
683 712
198 713
177 714
220 715
94 716
600 717
397 718
427 719
274 720
269 721
252 722
304 723
668 724
485 725
155 726
471 727
191 728
557 729
509 730
661 731
605 732
376 733
409 734
359 735
330 736
428 737
387 738
400 739
545 740
277 741
389 742
470 743
5 744
710 745
364 746
176 747
347 748
371 749
245 750
301 751
305 752
310 753
353 754
220 755
433 756
260 757
457 758
125 759
146 760
581 761
320 762
310 763
485 764
406 765
562 766
564 767
760 768
101 769
637 770
162 771
690 772
105 773
339 774
44 775
650 776
327 777
411 778
172 779
122 780
768 781
408 782
551 783
23 784
501 785
456 786
124 787
446 788
151 789
575 790
14 791
97 792
314 793
518 794
566 795
425 796
759 797
283 798
86 799
527 800
324 801
567 802
64 803
71 804
552 805
496 806
308 807
374 808
88 809
35 810
588 811
327 812
749 813
123 814
91 815
253 816
266 817
457 818
10 819
304 820
128 821
273 822
333 823
215 824
594 825
547 826
638 827
543 828
182 829
149 830
149 831
737 832
25 833
161 834
421 835
630 836
84 837
273 838
303 839
205 840
709 841
192 842
771 843
111 844
700 845
27 846
478 847
178 848
522 849
578 850
371 851
833 852
462 853
15 854
527 855
71 856
356 857
291 858
136 859
497 860
673 861
797 862
68 863
294 864
278 865
818 866
556 867
408 868
419 869
715 870
364 871
360 872
99 873
315 874
453 875
288 876
775 877
852 878
92 879
430 880
7 881
637 882
471 883
443 884
680 885
884 886
113 887
758 888
505 889
268 890
696 891
770 892
131 893
827 894
722 895
68 896
337 897
430 898
601 899
814 900
611 901
34 902
740 903
731 904
47 905
582 906
25 907
797 908
802 909
238 910
824 911
78 912
200 913
832 914
751 915
38 916
199 917
530 918
902 919
219 920
715 921
150 922
671 923
591 924
439 925
466 926
709 927
485 928
638 929
903 930
792 931
813 932
227 933
786 934
870 935
586 936
397 937
175 938
355 939
214 940
178 941
391 942
131 943
88 944
405 945
410 946
797 947
560 948
48 949
133 950
283 951
105 952
379 953
700 954
881 955
63 956
579 957
130 958
206 959
8 960
425 961
96 962
640 963
417 964
418 9
658 6
589 1
194 2
206 2
470 7
853 7
625 3
229 8
40 440
242 7
959 1
470 4
472 2
412 2
651 10
914 4
63 7
475 4
390 656
470 5
207 3
891 3
293 7
671 2
432 4
539 1
739 7
82 5
451 209
598 10
470 7
209 3
419 6
25 1
240 1
540 4
682 7
382 4
851 568
297 7
231 2
826 10
577 4
686 4
964 1
680 9
306 6
180 8
637 346
429 3
821 3
461 10
147 1
194 8
624 1
193 5
289 4
249 6
182 612
753 10
443 9
818 5
191 6
610 6
232 3
36 6
15 5
453 5
824 815
781 9
852 10
858 2
738 1
333 6
429 1
516 10
442 1
788 3
703 760
664 5
4 8
880 7
124 1
652 1
75 10
239 7
897 8
880 1
633 883
91 6
234 9
262 4
591 1
810 9
879 4
106 9
165 8
411 9
546 322
572 3
106 3
214 5
25 3
39 7
522 10
335 6
875 10
7 8
462 531
821 5
651 2
371 10
914 2
462 9
841 1
554 4
208 4
384 6
229 939
775 5
249 9
112 7
526 4
201 4
749 2
599 4
486 4
394 8
923 623
807 7
447 1
934 3
172 9
79 1
596 5
647 3
440 6
627 1
429 178
564 5
740 8
372 5
480 2
781 2
348 7
302 8
790 6
284 3
924 823
398 9
553 6
732 9
524 10
758 3
357 8
611 7
185 3
339 3
362 92
562 9
781 7
462 6
911 4
758 4
834 5
343 4
125 5
188 10
24 247
464 1
382 8
398 8
104 10
73 8
350 10
644 3
255 10
152 4
338 576
559 6
80 7
711 3
779 7
154 3
618 8
638 4
150 4
504 2
413 98
699 8
579 2
823 8
588 10
173 2
564 10
293 9
54 6
122 4
815 13
956 10
427 9
201 10
189 2
572 2
469 6
312 1
36 5
392 3
506 580
294 2
50 8
516 6
201 7
385 6
905 10
896 7
911 9
719 1
406 758
213 4
124 10
93 5
416 8
594 4
85 5
279 4
315 9
354 6
958 237
356 5
792 6
713 8
709 9
308 1
956 8
415 10
715 7
348 3
681 800
726 2
34 4
586 4
722 6
117 10
285 8
610 7
276 10
850 1
154 293
932 6
47 10
638 9
597 2
361 9
683 8
72 10
483 6
42 3
54 736
549 3
666 7
73 5
507 6
705 8
562 10
556 7
260 6
952 4
125 401
957 5
284 7
726 1
754 6
211 8
42 7
294 7
845 2
267 7
944 526
643 4
412 9
40 9
475 6
193 8
328 9
691 8
739 7
481 6
577 311
708 8
383 4
166 5
243 7
878 5
223 7
79 6
116 4
717 5
32 585
696 4
398 1
354 3
668 6
227 6
578 3
77 10
359 8
558 10
265 943
181 10
321 1
250 9
666 2
653 4
553 1
856 3
732 8
282 6
51 213
8 9
500 8
548 4
221 4
37 4
155 3
843 10
420 3
309 3
600 227
931 3
4 5
59 10
55 2
793 3
316 10
588 10
817 2
314 5
78 663
134 7
36 1
503 4
416 4
115 10
546 3
668 8
545 8
700 2
45 487
330 1
464 10
385 6
143 6
852 1
117 7
274 10
479 10
675 8
245 295
400 1
16 8
128 7
279 5
438 4
613 5
768 2
663 1
780 2
835 48
770 2
332 1
53 6
669 3
710 9
446 9
700 6
277 4
898 2
333 311
283 1
474 2
481 4
8 6
761 8
26 5
155 8
30 7
137 4
41 251
619 2
330 1
662 3
323 10
602 5
282 8
197 6
113 3
266 3
408 41
365 10
873 9
557 10
219 10
783 7
316 8
72 6
166 6
181 7
250 385
739 5
85 1
828 8
245 6
827 8
547 8
888 2
951 9
563 4
23 690
565 1
79 3
462 6
606 3
679 3
180 9
630 2
842 2
865 3
391 282
633 10
41 3
920 3
92 10
153 7
731 10
289 4
913 3
861 3
431 525
258 4
512 7
151 7
526 4
215 1
710 9
32 6
935 2
231 3
378 670
580 7
486 7
579 9
42 8
38 7
877 4
124 7
395 7
496 7
587 312
18 3
932 8
852 4
75 1
567 4
162 7
466 10
903 8
599 7
857 196
441 6
12 9
122 5
312 9
321 3
329 3
27 7
604 7
887 8
884 324
587 2
189 3
47 2
374 2
957 3
612 7
223 4
797 3
675 5
849 630
334 6
867 8
217 5
813 7
956 7
366 6
369 9
489 9
500 6
880 124
587 10
134 1
914 7
168 1
402 9
157 10
481 1
34 7
203 6
348 806
101 4
929 2
756 2
344 8
464 3
80 8
365 3
460 9
703 10
433 116
391 6
105 6
162 6
462 5
539 10
157 4
436 6
503 3
60 8
497 354
385 4
955 3
530 3
250 5
408 3
296 7
519 5
49 3
790 10
167 397
375 8
708 2
904 4
123 10
616 10
764 5
944 6
910 7
266 3
759 318
583 1
518 1
201 10
890 6
566 1
396 4
555 1
375 4
44 5
702 228
815 2
819 1
880 1
308 1
597 2
778 6
766 9
619 9
13 4
608 712
30 6
851 8
476 9
910 9
489 6
817 2
188 9
170 6
355 1
482 284
193 7
76 6
419 9
830 6
278 9
270 1
43 2
265 8
480 5
145 229
462 8
787 6
519 7
240 7
543 4
211 10
433 5
198 10
959 4
842 644
149 1
951 8
540 2
391 10
720 7
382 3
890 6
123 6
626 1
26 739
948 1
797 9
768 9
320 6
125 5
656 4
554 9
958 5
213 2
774 558
853 1
263 2
197 1
189 10
807 8
840 1
81 6
264 5
51 8
856 54
594 8
454 4
320 9
95 3
101 3
953 3
551 7
918 3
513 4
178 204
861 7
804 2
323 4
422 7
912 4
591 4
24 2
503 5
870 9
951 498
513 10
674 3
742 6
850 6
731 4
83 6
700 3
619 6
119 8
860 474
16 8
873 7
253 5
174 5
305 6
68 1
838 10
184 5
364 7
435 961
43 7
930 6
405 3
251 8
437 10
84 5
865 6
640 3
622 8
167 524
115 8
420 5
280 4
294 8
97 4
912 6
145 9
455 5
828 6
64 546
467 8
311 9
347 2
506 8
891 5
489 10
641 1
523 9
805 7
37 478
168 10
480 2
382 3
290 10
5 3
104 3
465 5
181 7
83 4
956 849
355 2
443 6
325 9
854 8
68 5
419 8
134 3
437 5
93 3
409 36
405 8
419 5
520 1
42 5
672 7
167 10
298 5
721 1
470 8
143 661
614 6
149 4
21 8
163 2
227 4
949 7
404 2
792 5
90 6
167 40
574 7
522 10
835 2
955 1
651 9
106 1
961 2
275 3
641 9
911 620
197 10
635 5
397 10
769 4
318 8
353 10
90 5
172 3
193 2
172 264
817 8
527 9
245 8
337 1
542 9
310 4
572 2
139 5
935 7
446 711
182 5
779 9
890 2
705 6
159 1
647 9
655 9
56 7
549 9
155 818
895 2
668 7
294 9
911 2
882 3
423 4
144 8
963 8
324 5
575 760
719 5
920 4
487 2
566 3
778 5
79 2
447 3
108 6
471 6
483 245
542 3
906 5
859 5
318 4
124 7
226 5
207 2
134 3
143 5
667 71
626 2
808 5
746 4
115 7
45 2
307 8
248 10
208 6
130 1
502 541
770 1
249 10
668 10
563 3
869 2
348 8
886 10
565 8
13 10
195 907
188 9
340 7
167 2
479 5
750 9
796 1
713 10
746 2
553 6
497 47
582 8
499 4
483 2
777 3
835 5
818 9
593 8
300 3
184 3
377 209
766 3
302 8
546 6
282 10
313 2
909 10
885 4
109 7
834 5
135 911
408 4
468 4
214 10
475 7
138 3
546 5
640 3
95 1
740 2
96 582
745 6
814 6
411 8
506 1
85 6
17 10
650 8
813 3
327 6
551 653
424 9
255 8
712 1
336 8
420 3
346 2
392 5
887 3
495 2
890 767
677 2
234 9
309 4
562 4
634 2
911 7
42 4
426 10
69 8
697 211
273 6
691 6
149 1
307 1
894 4
246 7
235 7
860 7
31 6
682 520
955 10
559 10
43 8
19 1
269 6
168 6
764 6
892 8
749 7
172 399
963 6
596 8
86 1
198 5
93 5
83 8
536 10
141 2
9 6
474 108
843 7
318 1
953 9
87 3
765 5
706 8
336 7
904 3
556 4
706 202
633 2
638 6
447 9
661 7
356 8
803 2
812 9
735 5
197 3
479 175
888 1
244 3
940 10
347 1
625 8
509 3
357 5
747 5
348 8
855 20
105 10
308 1
250 3
236 2
818 9
494 6
234 10
431 8
229 7
647 620
881 4
931 5
511 5
716 2
821 2
798 10
659 2
566 6
459 2
642 305
688 3
610 10
17 1
323 10
759 8
841 3
683 3
107 10
561 10
30 96
774 1
35 1
311 3
829 8
263 10
513 9
641 9
23 7
527 3
490 552
