997 1000
1 2
1 3
3 4
3 5
3 6
2 7
7 8
4 9
1 10
7 11
7 12
9 13
2 14
13 15
6 16
7 17
14 18
4 19
4 20
4 21
17 22
14 23
17 24
19 25
9 26
5 27
17 28
23 29
13 30
5 31
28 32
16 33
15 34
10 35
33 36
23 37
14 38
17 39
16 40
33 41
11 42
9 43
24 44
19 45
1 46
5 47
13 48
26 49
45 50
20 51
29 52
1 53
40 54
38 55
23 56
42 57
31 58
38 59
7 60
12 61
26 62
6 63
44 64
2 65
56 66
34 67
61 68
45 69
40 70
25 71
58 72
55 73
9 74
12 75
61 76
5 77
7 78
77 79
30 80
19 81
47 82
74 83
3 84
83 85
10 86
7 87
25 88
28 89
71 90
43 91
3 92
83 93
40 94
50 95
45 96
24 97
3 98
26 99
89 100
52 101
71 102
70 103
55 104
75 105
61 106
7 107
91 108
82 109
107 110
1 111
30 112
45 113
6 114
97 115
49 116
8 117
38 118
51 119
112 120
20 121
73 122
74 123
119 124
100 125
87 126
100 127
117 128
50 129
33 130
10 131
33 132
23 133
13 134
129 135
36 136
33 137
79 138
92 139
43 140
136 141
140 142
120 143
130 144
90 145
116 146
107 147
100 148
58 149
59 150
62 151
125 152
22 153
19 154
137 155
104 156
72 157
71 158
12 159
120 160
156 161
139 162
114 163
71 164
120 165
163 166
29 167
12 168
42 169
78 170
81 171
16 172
83 173
67 174
118 175
41 176
103 177
70 178
67 179
153 180
151 181
76 182
90 183
18 184
24 185
52 186
143 187
166 188
167 189
69 190
181 191
186 192
96 193
50 194
81 195
63 196
101 197
186 198
88 199
70 200
197 201
20 202
110 203
180 204
112 205
19 206
130 207
193 208
163 209
34 210
95 211
178 212
132 213
59 214
154 215
181 216
21 217
159 218
124 219
173 220
141 221
207 222
160 223
13 224
12 225
64 226
36 227
188 228
151 229
93 230
72 231
216 232
142 233
219 234
5 235
134 236
81 237
140 238
8 239
155 240
192 241
222 242
196 243
66 244
174 245
140 246
123 247
43 248
32 249
225 250
134 251
11 252
171 253
201 254
191 255
164 256
250 257
221 258
108 259
184 260
21 261
37 262
34 263
166 264
106 265
118 266
5 267
141 268
105 269
101 270
222 271
71 272
190 273
267 274
137 275
175 276
111 277
201 278
129 279
68 280
249 281
73 282
58 283
178 284
238 285
117 286
70 287
20 288
55 289
203 290
18 291
48 292
230 293
268 294
76 295
114 296
76 297
69 298
263 299
290 300
279 301
66 302
238 303
133 304
58 305
157 306
270 307
222 308
59 309
213 310
217 311
280 312
169 313
8 314
302 315
258 316
149 317
23 318
203 319
16 320
108 321
139 322
24 323
122 324
27 325
234 326
166 327
257 328
86 329
311 330
198 331
292 332
97 333
285 334
187 335
180 336
250 337
320 338
250 339
203 340
128 341
33 342
257 343
300 344
75 345
44 346
234 347
274 348
143 349
11 350
107 351
15 352
322 353
301 354
43 355
10 356
1 357
110 358
63 359
214 360
318 361
72 362
98 363
92 364
95 365
14 366
176 367
105 368
330 369
218 370
151 371
246 372
364 373
158 374
10 375
245 376
327 377
51 378
266 379
307 380
115 381
287 382
335 383
100 384
23 385
124 386
192 387
175 388
275 389
351 390
176 391
80 392
255 393
203 394
302 395
293 396
165 397
49 398
32 399
132 400
117 401
304 402
319 403
274 404
340 405
24 406
225 407
21 408
151 409
11 410
146 411
394 412
342 413
131 414
319 415
291 416
414 417
385 418
377 419
346 420
273 421
314 422
362 423
142 424
151 425
180 426
321 427
293 428
282 429
36 430
287 431
125 432
20 433
40 434
115 435
21 436
304 437
286 438
72 439
319 440
131 441
380 442
55 443
179 444
214 445
277 446
378 447
423 448
44 449
242 450
327 451
31 452
430 453
239 454
203 455
83 456
264 457
109 458
269 459
165 460
232 461
330 462
258 463
68 464
25 465
119 466
302 467
45 468
213 469
250 470
365 471
203 472
438 473
298 474
23 475
128 476
354 477
342 478
399 479
195 480
258 481
356 482
238 483
421 484
13 485
290 486
431 487
395 488
337 489
357 490
379 491
203 492
362 493
109 494
425 495
43 496
24 497
163 498
17 499
12 500
339 501
26 502
470 503
14 504
1 505
351 506
148 507
378 508
467 509
219 510
225 511
292 512
289 513
418 514
460 515
439 516
14 517
191 518
256 519
479 520
271 521
362 522
412 523
472 524
165 525
35 526
351 527
525 528
11 529
123 530
186 531
394 532
68 533
24 534
532 535
324 536
526 537
504 538
276 539
424 540
462 541
155 542
378 543
249 544
460 545
43 546
343 547
238 548
116 549
117 550
117 551
29 552
455 553
542 554
107 555
409 556
325 557
72 558
101 559
185 560
25 561
97 562
307 563
56 564
41 565
455 566
481 567
139 568
31 569
267 570
117 571
370 572
492 573
400 574
118 575
157 576
114 577
249 578
62 579
548 580
195 581
231 582
454 583
18 584
380 585
150 586
99 587
274 588
225 589
236 590
68 591
582 592
505 593
293 594
305 595
145 596
332 597
570 598
310 599
113 600
207 601
442 602
283 603
343 604
484 605
564 606
482 607
317 608
429 609
118 610
560 611
414 612
571 613
250 614
473 615
23 616
226 617
531 618
55 619
590 620
167 621
417 622
423 623
482 624
246 625
199 626
224 627
24 628
117 629
285 630
383 631
338 632
263 633
382 634
10 635
491 636
143 637
569 638
378 639
629 640
401 641
568 642
76 643
129 644
372 645
334 646
440 647
94 648
300 649
230 650
279 651
292 652
370 653
352 654
552 655
185 656
636 657
129 658
416 659
296 660
510 661
143 662
77 663
631 664
387 665
202 666
172 667
194 668
303 669
599 670
327 671
461 672
344 673
36 674
217 675
499 676
251 677
320 678
103 679
551 680
363 681
242 682
302 683
482 684
218 685
351 686
492 687
543 688
572 689
685 690
32 691
228 692
528 693
693 694
376 695
121 696
357 697
119 698
434 699
217 700
221 701
38 702
697 703
187 704
177 705
518 706
74 707
58 708
658 709
87 710
457 711
496 712
127 713
653 714
527 715
606 716
619 717
175 718
1 719
58 720
523 721
529 722
297 723
85 724
600 725
437 726
504 727
153 728
667 729
269 730
208 731
356 732
330 733
399 734
507 735
538 736
353 737
29 738
185 739
561 740
472 741
187 742
281 743
466 744
677 745
165 746
491 747
507 748
730 749
600 750
37 751
515 752
33 753
180 754
258 755
229 756
71 757
316 758
455 759
269 760
495 761
173 762
372 763
250 764
563 765
217 766
461 767
48 768
455 769
613 770
401 771
123 772
484 773
677 774
661 775
84 776
431 777
440 778
702 779
186 780
296 781
184 782
116 783
514 784
423 785
455 786
325 787
110 788
499 789
495 790
515 791
685 792
647 793
353 794
525 795
98 796
674 797
358 798
328 799
411 800
343 801
531 802
55 803
776 804
561 805
684 806
693 807
734 808
582 809
447 810
457 811
82 812
242 813
177 814
293 815
598 816
678 817
245 818
591 819
471 820
277 821
149 822
327 823
149 824
358 825
745 826
60 827
96 828
651 829
176 830
186 831
195 832
581 833
309 834
441 835
691 836
369 837
608 838
690 839
382 840
472 841
396 842
89 843
445 844
682 845
833 846
738 847
818 848
75 849
455 850
261 851
216 852
266 853
107 854
299 855
199 856
429 857
63 858
16 859
56 860
95 861
680 862
566 863
383 864
224 865
157 866
387 867
274 868
112 869
331 870
573 871
260 872
533 873
378 874
420 875
816 876
304 877
731 878
169 879
11 880
293 881
516 882
49 883
767 884
15 885
319 886
219 887
859 888
773 889
533 890
239 891
488 892
295 893
841 894
63 895
444 896
895 897
242 898
790 899
845 900
350 901
8 902
430 903
886 904
368 905
602 906
20 907
186 908
753 909
566 910
401 911
582 912
184 913
782 914
494 915
534 916
661 917
484 918
66 919
408 920
475 921
733 922
873 923
802 924
897 925
668 926
684 927
445 928
603 929
401 930
257 931
658 932
748 933
454 934
641 935
138 936
814 937
135 938
564 939
754 940
933 941
474 942
931 943
45 944
72 945
801 946
295 947
19 948
603 949
190 950
528 951
516 952
605 953
270 954
83 955
171 956
773 957
379 958
844 959
432 960
652 961
463 962
48 963
542 964
634 965
8 966
755 967
468 968
588 969
228 970
541 971
224 972
875 973
68 974
135 975
54 976
481 977
161 978
79 979
601 980
978 981
961 982
213 983
793 984
392 985
546 986
433 987
487 988
237 989
379 990
81 991
107 992
980 993
231 994
488 995
13 996
547 997
462 2
507 2
236 6
836 3
700 7
855 5
355 5
271 5
353 5
433 546
741 9
841 8
82 5
560 5
833 3
504 1
107 4
307 3
242 9
296 519
63 8
522 7
405 2
168 6
726 3
200 3
802 6
424 5
42 9
760 251
56 8
935 1
825 1
847 5
589 6
350 4
90 5
449 8
516 5
11 901
824 9
390 7
609 7
214 7
458 9
197 7
236 9
286 7
992 2
197 887
462 10
333 10
987 10
377 6
938 4
554 9
673 5
921 6
470 2
216 345
644 2
667 7
848 8
212 1
529 1
373 8
348 4
197 10
752 1
319 977
918 4
511 1
108 10
111 1
872 9
539 5
609 2
46 5
602 6
225 975
58 3
750 3
991 4
879 3
252 1
417 1
618 10
243 5
497 6
68 604
962 10
512 9
154 8
327 7
281 3
585 8
811 4
920 5
816 1
408 349
360 10
44 4
79 4
928 7
494 10
222 9
948 9
350 3
157 4
649 794
253 5
19 5
118 6
241 7
51 2
696 5
811 9
301 5
75 8
253 958
335 2
818 9
650 7
352 5
769 4
687 1
922 5
806 1
296 5
58 876
694 4
864 8
417 9
462 4
570 2
996 6
274 8
483 2
41 4
207 716
355 8
738 4
306 3
236 6
39 2
476 5
84 2
801 10
277 6
761 654
594 6
856 10
691 2
252 10
818 1
319 9
400 10
371 7
806 10
647 612
70 1
344 4
758 5
125 10
828 4
932 4
112 9
889 8
700 3
941 918
827 1
881 7
875 6
342 6
303 7
172 8
826 7
118 8
420 9
225 371
53 7
729 8
658 7
769 3
429 6
757 5
171 8
484 1
896 1
507 305
528 10
408 6
224 1
766 4
122 4
195 3
409 8
985 4
867 5
326 546
700 3
893 10
234 10
233 3
751 1
342 5
927 9
267 10
977 4
390 995
904 1
213 4
410 10
409 9
970 10
321 2
551 7
227 3
24 2
589 939
170 8
821 8
430 1
6 5
336 3
261 1
500 2
986 6
716 7
433 96
342 2
161 3
547 10
514 2
526 9
53 10
136 10
941 1
537 4
42 911
752 10
516 7
195 1
77 6
886 8
405 5
769 2
464 3
571 4
294 452
256 7
680 2
984 6
117 7
679 9
268 1
600 1
887 7
87 9
805 869
144 5
931 1
483 1
420 6
700 5
915 3
907 1
12 5
403 6
987 388
151 7
692 7
322 9
514 8
985 8
73 3
863 4
159 5
512 3
506 696
621 5
755 10
226 1
92 5
883 8
230 7
934 7
776 5
969 9
634 572
522 7
43 10
679 3
105 10
830 9
731 3
715 1
917 2
512 9
508 474
69 1
756 10
23 5
465 3
541 2
508 4
198 2
954 1
146 8
15 395
190 3
350 2
306 5
963 4
470 8
464 3
434 8
565 1
552 9
63 898
295 7
103 9
332 6
36 9
300 1
231 3
169 8
806 10
628 4
143 515
525 3
372 3
220 1
43 4
142 7
169 4
470 3
117 2
173 6
520 994
872 8
791 8
300 6
531 1
874 2
911 1
628 9
353 1
647 9
868 518
34 10
782 1
763 8
374 7
181 6
214 4
166 10
340 6
738 2
995 249
945 2
717 6
368 9
421 4
5 8
179 3
355 1
262 10
59 1
756 197
16 6
721 10
640 2
399 1
695 7
464 2
115 9
176 6
971 1
491 528
10 4
584 9
942 10
466 4
514 4
902 7
322 7
994 4
345 1
866 741
296 8
754 9
907 7
251 9
319 1
762 7
268 8
247 8
815 6
991 667
552 8
150 1
821 4
107 4
151 8
225 5
813 10
497 2
764 7
488 978
648 2
908 3
844 3
187 10
287 4
78 6
665 10
731 5
975 2
949 622
645 3
607 7
689 7
674 10
888 4
472 8
904 2
528 7
431 3
348 639
769 9
105 10
725 1
748 7
362 5
561 5
172 7
387 8
743 4
777 46
828 10
961 4
843 3
210 2
539 3
246 6
444 4
767 9
920 6
846 111
314 1
187 9
563 1
958 2
616 5
208 6
867 2
683 2
45 8
126 207
686 6
844 7
89 7
915 6
348 6
813 7
455 3
382 6
824 1
744 742
893 1
648 10
548 8
914 10
904 8
847 6
378 3
89 7
213 8
775 203
3 2
718 7
448 4
485 2
502 7
488 7
366 2
551 1
67 7
824 520
266 7
50 7
462 2
101 6
67 4
738 6
612 8
267 6
104 4
668 280
810 5
83 5
978 7
906 10
968 2
606 7
987 7
104 2
776 4
309 473
566 1
635 6
290 1
211 7
267 6
348 2
912 6
122 5
542 2
145 461
558 8
860 7
606 2
452 1
444 7
286 3
386 3
561 5
482 7
115 548
595 8
961 3
704 8
155 5
105 8
484 8
31 2
337 1
577 8
195 101
177 7
979 7
433 6
359 5
293 9
329 5
545 8
210 6
274 7
793 329
157 9
585 3
622 1
9 6
197 4
144 4
503 10
904 10
764 5
995 772
493 8
20 7
408 7
865 4
393 8
657 6
203 7
56 6
109 8
182 69
569 8
437 8
112 10
458 9
862 1
526 1
723 3
618 4
459 1
444 399
247 6
691 4
409 6
602 2
6 10
392 6
598 10
80 9
652 8
759 23
712 8
311 5
545 10
748 10
544 6
218 9
657 5
637 4
307 1
363 718
836 8
899 3
245 2
340 7
642 6
947 9
563 7
953 5
372 2
133 695
689 6
605 7
790 3
471 4
944 3
830 2
596 2
97 6
447 3
907 412
920 9
711 3
574 5
172 6
75 8
704 7
784 6
636 4
689 10
736 222
778 5
896 10
535 5
882 3
193 8
332 3
135 2
749 3
30 1
550 122
303 1
576 5
734 5
181 3
246 3
763 4
116 4
114 7
667 8
277 667
975 3
414 6
640 3
433 1
157 4
461 3
161 5
336 7
65 10
869 210
948 10
775 2
742 4
961 2
608 5
569 6
679 5
836 5
927 10
263 137
459 8
126 7
942 6
335 7
888 1
554 10
151 5
87 10
272 6
630 136
350 4
20 7
201 2
475 2
454 9
25 9
827 1
228 5
930 6
292 187
270 1
282 6
971 3
755 9
929 1
582 8
401 8
991 5
877 9
965 223
313 5
605 9
775 5
791 6
21 7
422 8
437 9
281 3
63 7
471 171
15 1
466 2
582 2
694 2
201 3
122 9
643 4
253 7
204 6
982 762
96 5
235 5
18 5
117 4
871 2
987 2
332 1
155 1
285 8
123 931
123 5
850 10
650 1
229 9
237 7
319 3
748 3
633 6
384 8
611 152
268 6
473 1
298 6
541 2
224 2
342 10
640 9
288 7
380 6
682 219
293 1
782 4
729 2
989 10
776 10
5 7
438 3
802 5
127 8
709 733
594 8
370 1
432 7
799 6
267 7
930 1
165 3
583 9
98 5
725 689
462 3
74 2
180 5
119 9
378 6
270 5
772 4
539 10
352 9
630 891
385 2
230 8
419 3
362 4
723 5
812 6
901 10
437 7
204 9
370 866
146 10
483 7
381 8
684 10
210 9
995 8
702 10
190 5
114 6
34 11
938 4
645 8
409 7
45 7
924 8
388 3
380 5
449 5
456 1
988 515
334 9
730 4
292 9
683 3
700 1
784 1
785 7
870 9
589 3
959 325
457 7
301 7
11 3
709 1
445 9
690 3
746 1
507 6
742 8
930 418
539 7
396 9
866 4
119 10
945 4
517 10
923 7
145 10
585 4
557 876
313 4
876 2
443 10
316 4
283 10
218 9
994 6
943 6
469 9
439 945
23 3
542 8
136 8
215 5
975 4
930 4
497 3
517 3
686 6
186 864
551 10
757 2
848 3
204 9
100 6
264 9
218 1
230 10
110 1
162 872
848 10
118 5
964 10
321 4
243 4
250 2
680 9
930 9
797 5
339 604
175 8
577 6
48 10
911 8
820 7
259 2
531 2
660 4
412 3
638 655
475 7
178 7
618 1
247 4
269 2
607 1
144 1
654 5
476 8
794 693
924 10
372 9
506 2
746 6
849 5
798 9
976 8
202 4
993 9
373 782
770 2
267 4
559 7
292 1
397 6
562 8
423 5
967 6
391 4
394 941
1 5
642 10
281 6
131 6
82 1
971 1
899 10
355 9
399 4
828 597
239 9
662 3
857 9
15 1
271 7
771 1
983 4
476 7
223 8
360 926
733 3
76 6
402 3
310 4
97 9
373 1
79 2
230 9
728 6
249 860
189 2
934 9
70 8
828 8
264 5
938 9
39 1
273 10
227 1
356 229
881 9
358 8
775 8
819 7
11 7
622 3
913 1
582 1
536 10
224 525
724 4
944 5
989 3
536 3
64 5
225 10
239 2
415 6
401 9
836 346
762 2
379 9
575 7
660 10
45 6
729 3
786 6
903 7
931 3
109 104
818 8
408 3
74 3
897 5
733 6
7 9
739 3
736 6
506 3
275 359
