370 1000
1 2
2 3
1 4
4 5
5 6
2 7
1 8
1 9
1 10
9 11
3 12
12 13
4 14
6 15
4 16
11 17
11 18
6 19
18 20
18 21
18 22
15 23
23 24
5 25
9 26
25 27
2 28
12 29
13 30
3 31
9 32
30 33
6 34
20 35
8 36
18 37
2 38
18 39
28 40
5 41
11 42
8 43
42 44
44 45
43 46
32 47
25 48
9 49
4 50
42 51
49 52
51 53
17 54
3 55
21 56
27 57
24 58
10 59
30 60
33 61
11 62
25 63
26 64
49 65
11 66
3 67
61 68
22 69
6 70
70 71
33 72
57 73
32 74
17 75
50 76
38 77
1 78
33 79
19 80
52 81
39 82
12 83
3 84
56 85
73 86
46 87
39 88
16 89
35 90
21 91
37 92
45 93
50 94
50 95
19 96
19 97
36 98
14 99
30 100
88 101
101 102
42 103
11 104
69 105
24 106
67 107
93 108
9 109
84 110
107 111
70 112
88 113
48 114
61 115
9 116
59 117
56 118
69 119
36 120
11 121
104 122
41 123
8 124
45 125
59 126
47 127
107 128
16 129
113 130
14 131
11 132
41 133
11 134
63 135
13 136
87 137
68 138
1 139
69 140
13 141
45 142
127 143
133 144
64 145
118 146
106 147
44 148
29 149
3 150
68 151
75 152
94 153
66 154
139 155
14 156
85 157
48 158
88 159
13 160
41 161
128 162
91 163
99 164
6 165
64 166
99 167
78 168
51 169
23 170
151 171
36 172
31 173
121 174
94 175
1 176
41 177
157 178
64 179
141 180
111 181
119 182
87 183
123 184
100 185
164 186
124 187
5 188
18 189
162 190
83 191
21 192
49 193
140 194
73 195
89 196
181 197
22 198
154 199
71 200
17 201
15 202
17 203
30 204
65 205
103 206
93 207
11 208
171 209
142 210
72 211
26 212
42 213
38 214
130 215
4 216
130 217
99 218
140 219
71 220
35 221
77 222
30 223
34 224
63 225
32 226
170 227
86 228
50 229
154 230
157 231
112 232
54 233
197 234
134 235
126 236
102 237
163 238
191 239
19 240
40 241
15 242
169 243
99 244
231 245
78 246
99 247
168 248
150 249
53 250
139 251
245 252
64 253
117 254
154 255
26 256
216 257
115 258
201 259
139 260
111 261
238 262
47 263
103 264
103 265
216 266
175 267
89 268
106 269
141 270
154 271
26 272
185 273
108 274
244 275
220 276
249 277
62 278
207 279
169 280
29 281
118 282
210 283
105 284
97 285
40 286
84 287
37 288
73 289
127 290
204 291
149 292
191 293
145 294
76 295
263 296
198 297
62 298
20 299
254 300
283 301
154 302
49 303
173 304
87 305
194 306
6 307
264 308
87 309
256 310
82 311
303 312
227 313
41 314
293 315
80 316
172 317
143 318
7 319
108 320
290 321
49 322
235 323
285 324
154 325
296 326
212 327
99 328
43 329
255 330
57 331
275 332
242 333
110 334
75 335
5 336
19 337
40 338
200 339
280 340
51 341
234 342
271 343
335 344
20 345
118 346
207 347
66 348
226 349
327 350
140 351
245 352
295 353
313 354
72 355
147 356
50 357
249 358
293 359
130 360
38 361
133 362
49 363
123 364
57 365
208 366
88 367
356 368
66 369
107 370
177 1
160 1
203 1
78 3
189 10
217 3
167 9
54 6
357 1
38 220
229 2
75 10
174 7
30 6
249 1
242 2
267 8
249 5
245 5
77 55
61 1
266 3
15 10
250 10
54 3
171 6
251 3
216 7
9 5
68 322
152 9
305 10
263 8
56 5
196 1
91 3
150 9
164 7
234 3
10 71
73 10
84 5
154 9
150 3
131 10
18 5
243 5
48 1
8 7
72 22
156 3
307 7
287 1
188 10
236 5
335 6
358 8
292 1
250 10
133 370
170 10
348 6
202 7
141 6
7 8
303 1
300 7
254 10
87 6
134 142
135 1
271 7
215 8
32 5
257 7
314 3
323 2
213 6
112 1
97 257
354 2
143 2
231 5
128 4
255 7
320 3
185 9
300 4
225 3
25 262
177 4
186 8
301 8
114 7
231 9
242 7
283 10
14 2
342 4
51 39
66 5
309 7
52 5
107 4
7 3
68 4
201 2
55 10
281 4
237 100
263 6
83 9
330 6
266 1
345 10
360 1
127 4
69 3
340 8
57 130
194 4
329 10
320 4
45 10
233 1
16 8
98 5
18 9
340 2
6 217
201 10
236 9
210 3
169 1
143 10
320 8
96 10
65 3
362 9
180 367
340 5
227 3
62 4
49 10
26 2
242 9
92 7
113 5
61 9
291 80
32 2
318 1
314 1
306 6
305 10
1 10
316 1
48 1
158 9
68 335
318 2
298 10
210 10
116 5
202 3
129 7
64 3
367 1
85 9
34 356
235 7
282 9
226 2
297 9
333 7
47 8
76 7
216 10
63 1
239 130
147 9
294 3
89 8
81 9
141 8
159 10
129 1
338 8
118 8
151 162
132 4
137 4
283 2
321 6
169 7
256 2
359 7
29 6
189 6
91 267
211 9
40 6
189 10
139 4
64 6
36 10
350 5
145 5
96 5
187 61
205 9
150 5
202 6
137 8
48 6
210 5
8 7
274 6
274 4
318 177
352 8
110 7
42 10
306 9
162 7
57 6
38 8
39 3
320 3
361 87
155 7
148 3
260 8
244 2
132 8
48 1
88 7
345 2
318 8
241 124
60 2
311 9
164 2
66 9
260 10
206 9
99 10
167 3
139 5
167 24
164 3
294 2
220 4
273 2
183 8
178 8
290 10
348 5
218 4
35 241
262 10
21 10
294 1
100 3
328 7
358 4
212 10
113 10
249 8
198 246
288 6
149 6
363 4
347 4
97 6
294 4
178 9
239 8
194 10
149 359
2 9
35 10
153 3
308 3
172 5
300 9
173 5
87 5
143 2
238 79
116 9
194 5
126 6
228 9
117 4
64 5
217 3
323 7
36 5
26 146
356 8
204 4
131 4
245 5
137 1
311 5
368 7
251 4
35 8
279 23
310 3
218 4
256 6
27 1
42 1
71 7
139 4
109 5
279 8
249 70
6 7
235 6
58 5
11 6
58 6
47 7
180 4
59 5
279 9
198 109
362 9
311 4
268 6
309 8
49 7
365 9
7 9
225 7
223 7
170 44
110 7
167 8
306 8
339 1
228 5
40 7
87 5
299 4
20 10
26 138
326 5
286 8
289 4
139 9
318 4
25 5
32 10
322 9
312 9
195 361
12 8
225 7
100 4
298 1
163 9
341 1
301 4
30 4
225 4
122 209
240 10
5 9
108 4
174 4
304 10
14 8
154 8
227 10
15 1
255 330
203 1
199 1
11 1
153 2
354 6
270 10
124 6
167 2
14 5
99 369
52 10
360 4
307 2
132 9
24 6
86 10
130 3
81 1
236 6
31 352
45 10
114 3
125 9
306 10
366 7
154 7
165 2
115 9
334 7
103 351
159 5
255 5
145 8
313 8
104 1
151 9
122 9
334 5
174 3
196 259
174 6
314 8
211 9
324 1
90 9
321 6
221 7
7 9
32 1
214 106
321 4
291 1
162 7
289 9
317 4
91 7
130 2
226 2
119 3
158 31
336 7
265 1
176 10
213 5
102 1
115 2
66 7
123 2
80 9
340 46
348 7
69 2
104 4
257 8
134 10
365 7
22 1
118 7
85 10
46 190
313 9
318 6
234 10
58 2
148 1
28 4
167 2
316 4
349 6
307 314
114 8
87 9
52 9
346 1
96 5
264 7
292 10
28 3
74 1
158 25
67 6
151 10
311 7
146 9
305 2
230 5
23 8
161 1
65 2
97 248
8 1
156 9
209 8
351 9
15 2
342 5
214 10
180 9
168 7
154 130
34 10
80 8
21 4
316 1
327 10
18 7
238 7
365 1
137 4
174 176
226 8
32 6
32 2
178 3
23 9
289 4
99 5
215 3
254 6
217 370
198 8
244 6
65 6
31 5
158 2
189 2
156 8
254 3
78 3
12 29
166 9
282 3
297 5
57 3
300 2
215 8
92 7
57 8
201 9
77 293
359 7
210 10
279 8
98 10
99 5
301 6
187 6
154 6
290 1
92 330
114 5
338 5
254 6
269 6
142 4
288 7
335 10
313 10
318 9
339 349
270 9
223 7
368 5
346 7
364 4
231 4
213 10
15 2
181 4
339 164
365 7
126 7
324 8
317 1
121 6
226 10
218 9
117 9
47 5
28 294
160 8
296 9
114 9
52 2
294 2
154 7
260 10
293 10
292 2
126 22
72 5
11 9
65 10
295 2
162 4
368 10
334 10
186 4
51 2
37 219
104 7
24 4
101 8
64 8
296 2
121 6
199 5
185 6
168 10
160 10
27 9
156 10
286 3
11 6
196 1
148 9
17 3
23 1
284 9
332 366
2 4
301 3
75 2
19 1
229 5
202 3
201 3
287 7
150 9
309 111
194 4
33 9
92 4
197 3
11 7
293 9
33 9
220 1
346 5
32 240
59 4
354 1
182 5
326 9
183 2
203 4
264 9
189 10
261 4
316 346
278 4
320 6
338 4
201 2
361 7
55 9
252 7
108 6
96 1
251 310
48 8
173 6
192 1
214 1
299 1
362 2
147 6
8 10
133 6
167 280
193 10
36 5
125 6
158 3
268 8
173 5
87 3
149 3
312 9
365 190
131 1
284 7
68 5
62 2
121 10
352 5
13 8
370 1
187 10
156 322
35 6
26 3
276 3
207 5
78 2
95 3
156 8
101 9
233 4
194 312
67 6
238 2
229 1
171 2
71 2
251 3
186 3
103 1
354 8
229 110
365 9
247 7
333 2
119 6
114 8
359 4
13 3
363 1
282 6
327 230
212 2
287 6
131 8
1 4
97 9
269 3
120 5
320 4
148 10
106 86
359 8
236 7
291 4
54 6
262 2
128 10
133 1
153 8
160 1
345 160
276 5
355 7
259 3
97 1
120 6
312 2
202 8
165 7
71 9
123 110
113 7
131 9
92 9
44 7
188 2
121 6
329 6
91 3
98 5
108 167
28 2
80 4
240 10
61 9
339 3
8 7
279 10
358 3
303 9
354 67
159 5
273 8
278 8
281 6
202 7
91 1
294 3
296 10
130 7
22 44
246 10
90 6
227 8
38 4
130 6
370 1
69 9
50 7
86 7
172 25
187 4
194 7
343 5
132 7
285 1
201 10
279 3
122 4
234 1
57 35
126 8
102 9
147 7
36 6
172 2
179 1
365 8
101 9
270 3
67 85
48 6
9 3
10 9
42 3
217 8
257 7
316 1
56 9
18 2
39 35
163 10
125 4
272 4
22 5
137 3
119 4
287 4
248 1
357 3
330 61
259 4
308 1
174 4
303 5
345 5
8 7
145 3
162 6
14 1
8 216
28 6
39 3
84 3
3 4
198 4
162 8
216 8
48 9
76 2
319 187
305 4
126 8
358 8
309 3
73 8
54 2
197 2
98 6
65 5
266 94
57 5
101 6
280 10
118 6
293 5
329 7
11 6
130 1
56 9
122 46
154 7
192 1
8 1
188 2
119 5
226 3
67 10
94 4
27 6
302 327
29 1
229 5
146 8
11 4
25 7
167 5
350 4
21 2
185 7
314 215
151 2
102 10
292 8
140 6
276 9
312 8
196 2
102 10
313 9
76 273
334 2
340 8
63 10
269 5
189 8
149 7
203 4
370 8
91 10
321 48
278 10
215 5
163 3
305 2
117 3
151 6
274 7
147 8
5 3
116 88
157 6
109 10
58 6
54 5
146 9
91 10
113 2
267 6
239 2
314 206
27 7
163 10
323 7
193 10
11 9
21 6
272 9
198 9
325 4
176 46
204 9
152 5
93 10
242 1
165 4
303 4
140 2
260 10
56 1
192 223
263 1
181 3
207 6
81 6
191 2
103 1
107 2
168 6
109 1
83 49
308 10
114 3
349 5
44 4
163 10
66 8
132 4
162 8
210 7
359 201
274 10
98 3
280 1
165 6
267 3
117 5
97 5
78 8
242 10
87 348
206 4
231 6
230 1
119 7
330 9
252 4
82 7
215 1
113 5
12 239
282 6
323 3
324 2
168 3
39 2
69 6
155 6
157 8
145 6
209 320
