998 1000
1 2
2 3
1 4
2 5
4 6
2 7
5 8
6 9
7 10
8 11
5 12
9 13
4 14
4 15
14 16
2 17
13 18
3 19
10 20
17 21
13 22
22 23
2 24
8 25
10 26
3 27
2 28
26 29
29 30
16 31
28 32
18 33
23 34
17 35
20 36
25 37
7 38
4 39
18 40
6 41
1 42
24 43
27 44
20 45
4 46
15 47
19 48
37 49
24 50
33 51
5 52
49 53
26 54
39 55
14 56
38 57
29 58
58 59
16 60
17 61
38 62
8 63
50 64
38 65
2 66
52 67
15 68
50 69
34 70
10 71
32 72
37 73
17 74
66 75
45 76
32 77
38 78
55 79
49 80
36 81
75 82
4 83
40 84
82 85
53 86
5 87
36 88
7 89
64 90
54 91
66 92
48 93
68 94
23 95
36 96
85 97
34 98
29 99
72 100
34 101
32 102
57 103
14 104
42 105
98 106
94 107
53 108
69 109
6 110
4 111
46 112
28 113
32 114
73 115
71 116
103 117
28 118
28 119
83 120
84 121
100 122
99 123
123 124
73 125
120 126
35 127
25 128
70 129
25 130
73 131
87 132
47 133
63 134
61 135
22 136
121 137
134 138
37 139
95 140
15 141
134 142
54 143
66 144
95 145
138 146
57 147
19 148
62 149
120 150
87 151
116 152
43 153
41 154
149 155
108 156
95 157
11 158
30 159
49 160
116 161
99 162
69 163
47 164
95 165
18 166
113 167
103 168
135 169
29 170
160 171
115 172
56 173
87 174
161 175
30 176
77 177
139 178
44 179
14 180
40 181
77 182
138 183
89 184
76 185
17 186
77 187
129 188
168 189
124 190
87 191
162 192
50 193
96 194
38 195
11 196
156 197
154 198
46 199
64 200
78 201
94 202
165 203
164 204
7 205
26 206
102 207
139 208
169 209
189 210
27 211
3 212
25 213
65 214
69 215
132 216
9 217
92 218
180 219
2 220
111 221
175 222
84 223
118 224
18 225
14 226
114 227
75 228
178 229
25 230
76 231
4 232
230 233
72 234
222 235
154 236
194 237
43 238
227 239
91 240
35 241
93 242
48 243
120 244
52 245
133 246
53 247
237 248
79 249
6 250
180 251
198 252
44 253
164 254
138 255
235 256
94 257
233 258
23 259
244 260
149 261
200 262
248 263
192 264
247 265
162 266
131 267
118 268
259 269
44 270
112 271
267 272
76 273
83 274
85 275
37 276
76 277
15 278
205 279
151 280
123 281
236 282
119 283
165 284
243 285
46 286
265 287
31 288
46 289
281 290
161 291
204 292
35 293
189 294
194 295
237 296
17 297
85 298
281 299
71 300
61 301
49 302
136 303
211 304
41 305
2 306
128 307
132 308
243 309
34 310
108 311
61 312
23 313
1 314
55 315
61 316
29 317
203 318
201 319
315 320
77 321
192 322
55 323
88 324
94 325
315 326
308 327
82 328
267 329
146 330
218 331
271 332
241 333
4 334
207 335
11 336
123 337
153 338
144 339
146 340
162 341
110 342
176 343
296 344
223 345
59 346
23 347
40 348
290 349
301 350
68 351
38 352
217 353
245 354
280 355
20 356
26 357
135 358
77 359
118 360
303 361
67 362
217 363
308 364
242 365
93 366
290 367
6 368
328 369
338 370
31 371
97 372
264 373
27 374
132 375
135 376
346 377
79 378
282 379
348 380
52 381
75 382
260 383
350 384
377 385
40 386
45 387
80 388
331 389
272 390
39 391
242 392
307 393
95 394
195 395
48 396
165 397
317 398
12 399
91 400
25 401
103 402
7 403
220 404
370 405
307 406
191 407
369 408
264 409
339 410
95 411
232 412
223 413
269 414
399 415
115 416
64 417
336 418
302 419
170 420
285 421
223 422
69 423
78 424
278 425
149 426
420 427
243 428
35 429
389 430
114 431
324 432
34 433
363 434
174 435
163 436
388 437
431 438
40 439
183 440
357 441
395 442
368 443
341 444
92 445
157 446
62 447
434 448
184 449
65 450
77 451
397 452
403 453
67 454
9 455
130 456
80 457
54 458
264 459
312 460
123 461
189 462
379 463
435 464
216 465
124 466
71 467
43 468
208 469
105 470
36 471
409 472
386 473
179 474
361 475
158 476
117 477
5 478
116 479
189 480
169 481
178 482
178 483
205 484
309 485
142 486
123 487
121 488
345 489
13 490
383 491
263 492
100 493
256 494
172 495
356 496
132 497
233 498
300 499
440 500
380 501
421 502
496 503
449 504
374 505
117 506
218 507
65 508
6 509
94 510
131 511
292 512
386 513
162 514
189 515
80 516
485 517
265 518
417 519
286 520
57 521
225 522
447 523
211 524
302 525
322 526
44 527
289 528
183 529
103 530
151 531
29 532
482 533
230 534
445 535
431 536
407 537
79 538
412 539
72 540
461 541
268 542
44 543
396 544
378 545
92 546
342 547
14 548
95 549
535 550
382 551
340 552
343 553
542 554
92 555
129 556
435 557
244 558
227 559
422 560
241 561
169 562
354 563
122 564
196 565
278 566
412 567
305 568
111 569
36 570
351 571
441 572
387 573
47 574
157 575
509 576
293 577
242 578
351 579
95 580
249 581
77 582
264 583
161 584
39 585
250 586
279 587
511 588
479 589
504 590
115 591
85 592
336 593
503 594
296 595
95 596
407 597
324 598
23 599
85 600
327 601
306 602
203 603
520 604
57 605
108 606
12 607
163 608
198 609
363 610
520 611
297 612
539 613
429 614
389 615
222 616
481 617
174 618
506 619
376 620
332 621
206 622
188 623
444 624
607 625
371 626
566 627
117 628
88 629
374 630
417 631
38 632
347 633
574 634
313 635
368 636
478 637
550 638
256 639
383 640
142 641
590 642
392 643
217 644
337 645
228 646
13 647
526 648
549 649
265 650
608 651
45 652
152 653
152 654
134 655
372 656
333 657
402 658
634 659
565 660
333 661
479 662
604 663
40 664
438 665
53 666
527 667
37 668
494 669
165 670
211 671
259 672
338 673
58 674
51 675
323 676
166 677
109 678
317 679
625 680
280 681
475 682
222 683
23 684
351 685
272 686
154 687
661 688
116 689
191 690
370 691
155 692
443 693
301 694
382 695
350 696
356 697
213 698
58 699
178 700
401 701
243 702
17 703
347 704
325 705
649 706
487 707
598 708
492 709
498 710
669 711
358 712
622 713
100 714
62 715
514 716
166 717
716 718
494 719
98 720
154 721
578 722
300 723
256 724
19 725
90 726
50 727
473 728
385 729
231 730
64 731
91 732
545 733
673 734
723 735
452 736
374 737
604 738
580 739
125 740
266 741
320 742
642 743
458 744
399 745
510 746
319 747
349 748
56 749
182 750
77 751
340 752
649 753
660 754
463 755
327 756
288 757
455 758
697 759
343 760
739 761
524 762
228 763
522 764
443 765
729 766
692 767
88 768
391 769
696 770
242 771
238 772
712 773
104 774
264 775
262 776
435 777
500 778
427 779
20 780
155 781
167 782
570 783
678 784
477 785
291 786
273 787
138 788
728 789
95 790
101 791
349 792
333 793
732 794
15 795
639 796
691 797
479 798
219 799
32 800
90 801
392 802
515 803
698 804
41 805
355 806
717 807
513 808
768 809
566 810
47 811
636 812
359 813
643 814
402 815
188 816
301 817
781 818
225 819
716 820
676 821
355 822
640 823
642 824
543 825
748 826
156 827
86 828
533 829
787 830
391 831
390 832
425 833
244 834
797 835
674 836
311 837
324 838
41 839
725 840
206 841
420 842
20 843
306 844
17 845
775 846
192 847
478 848
151 849
632 850
165 851
808 852
357 853
788 854
743 855
697 856
612 857
762 858
289 859
18 860
297 861
366 862
753 863
61 864
244 865
613 866
107 867
358 868
459 869
656 870
322 871
563 872
596 873
679 874
666 875
230 876
106 877
174 878
662 879
679 880
273 881
740 882
52 883
164 884
733 885
563 886
657 887
468 888
753 889
885 890
736 891
566 892
763 893
55 894
267 895
73 896
262 897
170 898
134 899
360 900
630 901
336 902
536 903
378 904
321 905
36 906
385 907
493 908
601 909
279 910
77 911
581 912
761 913
317 914
93 915
446 916
145 917
3 918
426 919
218 920
811 921
344 922
467 923
687 924
39 925
379 926
375 927
437 928
344 929
18 930
883 931
678 932
102 933
72 934
568 935
907 936
256 937
724 938
835 939
492 940
48 941
110 942
925 943
161 944
110 945
716 946
282 947
140 948
84 949
412 950
98 951
127 952
343 953
251 954
604 955
505 956
416 957
117 958
346 959
521 960
476 961
564 962
41 963
282 964
299 965
890 966
157 967
836 968
354 969
394 970
248 971
605 972
385 973
104 974
185 975
686 976
120 977
126 978
708 979
514 980
123 981
448 982
162 983
942 984
156 985
636 986
323 987
157 988
987 989
223 990
872 991
872 992
952 993
539 994
362 995
191 996
371 997
802 998
762 8
145 7
906 1
585 1
883 7
712 8
128 6
923 7
167 10
216 263
286 2
245 3
969 8
122 8
527 9
904 1
221 8
200 2
267 7
770 347
135 6
21 3
666 9
937 8
812 1
840 2
373 6
64 9
795 8
294 938
319 9
425 9
145 4
423 1
285 2
394 2
927 8
880 9
183 7
46 559
800 4
658 5
913 5
622 9
986 4
449 9
420 3
868 4
245 8
650 25
43 3
300 3
977 4
367 7
139 9
619 10
286 5
513 8
885 9
677 628
173 10
770 3
247 3
76 4
476 2
59 4
521 4
661 3
250 2
925 348
442 9
140 1
976 4
388 3
652 8
624 10
123 7
714 2
38 1
571 93
713 3
698 9
471 10
525 4
206 5
232 1
242 4
570 9
795 5
53 681
301 5
709 4
301 6
55 2
878 7
166 4
296 8
91 1
582 3
499 579
743 4
194 10
94 1
261 7
766 10
957 3
852 5
132 5
322 10
167 58
49 8
649 5
529 4
377 2
884 10
966 4
420 1
814 2
86 1
477 695
802 10
458 9
208 3
802 4
619 7
294 1
967 3
125 5
777 5
146 825
420 1
687 5
865 7
638 5
847 3
232 4
584 4
635 5
790 4
740 260
511 8
354 2
645 10
874 5
405 3
478 2
841 3
747 6
610 1
389 16
483 6
519 4
707 3
898 9
122 1
437 4
447 7
956 5
328 5
459 182
62 7
671 4
919 9
721 10
129 3
218 10
812 9
967 5
564 2
778 465
581 5
889 7
120 9
563 10
414 7
26 2
388 6
308 4
43 4
186 726
34 4
328 6
261 2
717 6
680 9
99 3
350 1
124 2
107 4
793 284
436 1
683 8
549 9
856 4
711 9
102 6
589 6
704 3
672 10
3 506
361 10
487 7
97 1
261 9
430 5
312 9
656 10
53 8
532 6
863 686
99 5
18 10
174 7
863 3
787 3
921 2
171 4
648 1
503 2
992 924
812 2
890 10
961 2
137 2
209 1
772 9
446 8
886 9
28 7
551 690
451 5
311 7
483 3
993 2
299 10
498 9
916 4
634 7
419 3
227 693
833 5
472 10
577 1
551 9
55 4
908 7
103 2
110 3
479 2
950 781
110 6
96 5
98 8
21 5
190 9
853 4
921 4
57 3
362 7
912 106
158 2
662 2
129 6
696 3
815 6
59 7
524 8
115 5
94 5
892 876
745 3
36 3
12 3
210 8
703 4
650 7
747 5
171 5
680 4
80 533
269 8
22 9
297 7
493 9
149 1
473 2
769 2
935 9
941 8
679 924
203 1
530 8
739 8
536 2
809 8
336 1
36 7
831 5
500 4
823 960
626 1
362 9
684 4
580 6
161 6
976 10
563 10
477 6
379 5
989 866
937 8
461 4
391 5
136 2
572 9
886 10
960 5
359 1
460 4
933 759
858 9
218 8
285 9
527 9
287 4
510 7
418 5
387 4
911 5
725 673
367 1
198 1
706 6
261 10
978 6
79 4
905 2
65 1
626 8
9 684
697 6
663 3
381 9
708 6
249 2
130 9
898 3
804 7
56 2
393 569
107 3
740 10
599 2
684 10
610 6
929 7
868 6
706 5
1 5
945 380
497 9
433 3
724 5
9 7
120 4
376 2
13 6
612 6
365 7
770 654
978 6
436 5
345 7
473 3
122 9
359 9
888 4
193 6
109 7
790 933
299 8
595 10
755 1
434 7
677 6
30 10
68 5
682 3
235 3
797 166
839 6
192 6
279 7
447 5
594 9
293 4
83 7
453 8
686 2
899 465
902 1
270 2
923 8
190 3
380 2
226 2
544 4
258 6
927 6
482 283
724 8
904 4
102 10
42 5
187 3
688 6
223 9
631 9
707 8
622 680
54 10
560 8
357 2
128 5
929 10
126 8
181 1
800 3
841 6
10 536
773 3
314 6
610 2
668 2
788 3
412 9
367 5
385 2
215 4
525 351
853 6
138 2
842 6
871 9
614 4
713 7
308 9
862 5
489 5
349 857
611 9
47 2
128 2
636 9
553 5
194 1
519 1
709 10
143 2
821 785
486 9
947 8
64 4
535 3
546 8
744 4
797 10
638 1
128 3
93 810
663 9
378 6
990 7
981 9
994 2
416 1
608 10
314 5
986 3
725 74
525 4
617 6
798 9
276 10
455 5
523 1
857 6
138 6
585 3
649 414
938 3
205 6
344 10
275 10
848 9
3 8
336 7
217 9
66 2
610 349
340 3
110 6
123 9
336 2
733 9
980 3
162 7
258 9
317 9
894 977
862 4
913 2
475 9
563 1
259 5
339 8
831 4
538 5
57 1
317 805
327 6
372 6
140 2
568 9
239 7
915 4
284 7
635 6
265 4
535 152
321 1
6 2
470 1
346 2
179 10
89 6
613 2
707 2
49 6
72 611
770 8
554 4
98 4
357 1
504 4
576 1
857 10
448 6
568 8
108 893
758 1
882 9
673 9
584 5
935 5
765 2
69 9
381 8
156 5
291 309
480 2
96 6
833 8
237 1
661 9
699 10
964 3
214 10
666 9
288 545
688 6
839 9
966 5
249 10
5 1
828 8
197 9
64 9
358 5
509 806
569 6
663 7
253 10
805 4
416 7
35 3
597 3
169 1
889 6
971 890
799 7
146 7
956 1
601 2
29 1
715 3
848 10
580 3
843 7
775 154
600 2
206 2
866 4
162 7
101 2
118 4
395 4
906 3
973 6
174 353
450 2
139 6
293 9
485 9
456 1
244 5
430 1
962 10
282 2
960 338
232 5
618 1
694 7
474 4
706 8
410 9
573 3
714 8
386 7
649 55
425 8
919 7
784 2
981 7
847 6
325 2
144 2
469 1
959 6
629 450
836 9
264 7
911 1
761 3
623 4
512 6
422 5
579 3
943 10
285 243
177 9
121 5
292 7
10 1
713 8
895 3
708 1
336 5
737 5
956 33
655 1
917 9
168 4
129 5
340 6
155 10
24 3
211 9
998 4
192 751
122 5
627 6
853 6
253 3
323 1
21 2
987 5
942 10
837 4
30 879
824 6
875 5
502 8
627 4
126 8
203 4
825 4
178 4
950 1
977 223
517 2
901 3
231 2
473 10
139 2
788 9
436 5
889 6
646 7
861 295
891 10
997 6
899 5
284 6
983 1
503 6
450 2
340 1
821 5
489 117
645 9
735 5
99 4
792 5
873 4
430 5
445 3
606 9
991 8
277 875
634 6
134 4
769 1
161 4
520 6
600 8
33 2
477 3
520 3
136 202
452 9
489 4
826 4
72 1
350 2
436 1
29 10
409 7
555 5
79 274
692 4
896 4
607 4
738 1
960 10
892 3
127 8
651 3
509 3
845 94
463 10
666 2
419 7
433 9
300 10
537 1
439 4
92 4
593 9
233 377
823 4
588 8
728 3
135 2
957 8
367 1
604 3
100 2
870 1
609 600
979 7
491 6
715 3
873 7
815 7
701 5
355 2
836 6
975 2
974 185
817 2
357 4
935 9
381 4
301 7
842 5
637 7
763 8
379 3
379 775
686 1
442 5
512 8
638 7
596 5
404 10
884 6
437 3
306 2
987 52
961 7
645 5
77 3
797 8
119 8
320 7
352 5
843 8
208 1
547 325
928 5
405 5
816 7
929 2
954 7
518 10
78 6
578 6
109 2
784 771
192 8
647 10
523 2
425 9
398 7
885 6
244 1
743 3
429 6
683 443
718 1
920 10
388 5
516 9
818 8
565 7
260 9
579 2
334 5
133 979
897 6
534 10
930 6
401 1
610 10
682 5
465 1
152 3
288 3
882 539
856 5
193 1
812 1
387 3
52 1
443 5
678 10
565 3
30 3
880 513
477 2
704 8
894 3
675 7
639 9
725 6
735 3
915 8
980 1
382 690
724 6
168 1
548 3
69 5
661 8
30 8
736 9
655 1
785 7
851 47
267 8
235 3
762 1
399 7
67 3
165 9
750 5
450 7
650 3
119 165
653 2
679 4
563 1
844 3
720 2
454 10
173 4
646 3
304 6
278 568
449 4
613 9
186 5
105 2
913 2
38 5
815 10
312 4
442 2
660 373
107 8
290 5
685 9
81 1
926 9
905 10
154 1
96 8
698 3
92 345
626 6
992 9
664 1
159 9
264 2
89 2
534 10
476 1
637 7
660 801
365 3
75 8
244 5
656 1
261 2
681 2
785 4
212 5
944 5
880 626
954 3
861 2
921 4
736 6
533 7
122 7
650 2
974 1
916 2
523 891
396 7
821 9
750 3
49 1
470 10
803 7
521 10
922 8
698 2
577 213
904 6
498 6
883 3
834 9
306 10
318 3
794 6
123 5
846 5
979 217
162 10
53 1
102 5
965 6
801 10
176 7
474 6
927 5
939 8
417 799
485 3
308 9
380 1
484 10
748 6
888 6
889 8
652 10
540 2
409 413
200 9
483 1
414 1
647 6
78 1
304 4
622 1
158 1
764 2
878 331
