924 1000
1 2
1 3
1 4
1 5
5 6
6 7
1 8
5 9
2 10
3 11
6 12
3 13
12 14
13 15
5 16
1 17
17 18
13 19
10 20
5 21
19 22
5 23
12 24
15 25
2 26
16 27
26 28
21 29
19 30
27 31
6 32
7 33
31 34
21 35
13 36
20 37
32 38
29 39
34 40
30 41
4 42
40 43
28 44
14 45
9 46
9 47
38 48
23 49
10 50
26 51
16 52
37 53
5 54
20 55
36 56
42 57
23 58
31 59
23 60
3 61
17 62
31 63
1 64
3 65
65 66
7 67
48 68
3 69
6 70
6 71
39 72
5 73
8 74
42 75
67 76
53 77
10 78
70 79
74 80
55 81
5 82
61 83
80 84
45 85
50 86
52 87
80 88
14 89
86 90
54 91
40 92
37 93
29 94
37 95
21 96
4 97
92 98
34 99
7 100
45 101
43 102
38 103
59 104
6 105
76 106
105 107
70 108
39 109
36 110
36 111
62 112
53 113
15 114
53 115
66 116
80 117
46 118
89 119
19 120
103 121
69 122
87 123
18 124
123 125
64 126
55 127
55 128
13 129
8 130
126 131
120 132
44 133
49 134
33 135
53 136
135 137
73 138
54 139
17 140
19 141
19 142
29 143
4 144
114 145
76 146
142 147
39 148
125 149
33 150
80 151
78 152
32 153
97 154
20 155
9 156
141 157
43 158
143 159
45 160
23 161
87 162
3 163
77 164
56 165
15 166
137 167
1 168
149 169
153 170
56 171
71 172
108 173
170 174
88 175
143 176
38 177
53 178
30 179
35 180
46 181
119 182
47 183
3 184
89 185
156 186
170 187
53 188
20 189
66 190
106 191
111 192
116 193
3 194
191 195
160 196
170 197
16 198
136 199
118 200
32 201
43 202
51 203
57 204
50 205
132 206
7 207
140 208
148 209
86 210
196 211
209 212
104 213
75 214
2 215
17 216
172 217
114 218
188 219
66 220
155 221
69 222
178 223
156 224
192 225
135 226
161 227
170 228
142 229
1 230
196 231
173 232
161 233
154 234
24 235
81 236
126 237
52 238
222 239
79 240
228 241
146 242
212 243
183 244
152 245
196 246
88 247
171 248
108 249
134 250
63 251
210 252
123 253
235 254
185 255
72 256
256 257
153 258
220 259
63 260
15 261
118 262
112 263
123 264
136 265
193 266
55 267
174 268
172 269
257 270
217 271
203 272
101 273
220 274
167 275
22 276
53 277
61 278
51 279
246 280
250 281
197 282
183 283
223 284
4 285
26 286
265 287
77 288
243 289
165 290
236 291
102 292
283 293
231 294
52 295
58 296
78 297
60 298
18 299
244 300
240 301
68 302
202 303
171 304
62 305
286 306
115 307
28 308
106 309
132 310
154 311
305 312
299 313
61 314
313 315
246 316
310 317
26 318
171 319
201 320
190 321
1 322
249 323
277 324
166 325
60 326
250 327
15 328
159 329
192 330
200 331
218 332
312 333
202 334
289 335
174 336
220 337
167 338
6 339
195 340
216 341
139 342
95 343
330 344
211 345
210 346
121 347
42 348
83 349
18 350
153 351
231 352
38 353
195 354
33 355
106 356
356 357
77 358
273 359
183 360
212 361
345 362
247 363
3 364
344 365
314 366
325 367
67 368
247 369
220 370
275 371
1 372
148 373
223 374
306 375
5 376
360 377
208 378
182 379
188 380
17 381
38 382
382 383
98 384
120 385
214 386
198 387
290 388
136 389
330 390
283 391
70 392
69 393
341 394
65 395
69 396
343 397
314 398
20 399
328 400
299 401
150 402
269 403
224 404
49 405
6 406
150 407
138 408
60 409
289 410
347 411
245 412
91 413
332 414
294 415
337 416
229 417
78 418
294 419
17 420
94 421
336 422
291 423
44 424
384 425
36 426
72 427
155 428
131 429
24 430
171 431
24 432
413 433
321 434
385 435
14 436
402 437
45 438
194 439
305 440
394 441
4 442
408 443
281 444
304 445
143 446
311 447
259 448
380 449
54 450
48 451
374 452
50 453
150 454
97 455
115 456
193 457
207 458
103 459
275 460
56 461
457 462
228 463
38 464
62 465
75 466
143 467
292 468
172 469
146 470
325 471
154 472
452 473
245 474
142 475
317 476
379 477
91 478
250 479
280 480
154 481
257 482
411 483
34 484
292 485
461 486
323 487
298 488
155 489
140 490
211 491
246 492
351 493
37 494
299 495
71 496
169 497
330 498
52 499
307 500
288 501
401 502
106 503
329 504
56 505
484 506
495 507
419 508
165 509
72 510
407 511
494 512
466 513
372 514
405 515
360 516
84 517
108 518
86 519
158 520
109 521
261 522
225 523
326 524
270 525
400 526
251 527
344 528
140 529
88 530
44 531
380 532
13 533
319 534
515 535
144 536
128 537
526 538
246 539
365 540
59 541
221 542
322 543
439 544
85 545
138 546
344 547
356 548
413 549
28 550
470 551
215 552
546 553
262 554
64 555
232 556
295 557
230 558
551 559
378 560
455 561
7 562
135 563
471 564
122 565
308 566
45 567
355 568
562 569
436 570
291 571
313 572
521 573
473 574
71 575
246 576
376 577
533 578
297 579
178 580
10 581
391 582
135 583
492 584
205 585
149 586
470 587
330 588
238 589
340 590
374 591
46 592
34 593
88 594
562 595
258 596
541 597
62 598
286 599
394 600
515 601
175 602
389 603
216 604
496 605
347 606
365 607
559 608
15 609
551 610
55 611
581 612
571 613
126 614
227 615
497 616
267 617
6 618
121 619
463 620
370 621
72 622
165 623
366 624
196 625
517 626
26 627
304 628
194 629
467 630
128 631
400 632
379 633
289 634
254 635
292 636
405 637
149 638
301 639
219 640
591 641
211 642
400 643
427 644
452 645
440 646
200 647
322 648
108 649
68 650
301 651
589 652
176 653
170 654
110 655
91 656
244 657
197 658
390 659
504 660
92 661
592 662
305 663
192 664
520 665
523 666
11 667
325 668
644 669
667 670
463 671
529 672
409 673
299 674
513 675
180 676
651 677
195 678
655 679
455 680
544 681
486 682
114 683
432 684
325 685
572 686
347 687
489 688
385 689
666 690
21 691
178 692
552 693
593 694
143 695
587 696
386 697
4 698
369 699
44 700
18 701
30 702
170 703
672 704
193 705
310 706
156 707
114 708
337 709
28 710
344 711
487 712
461 713
103 714
672 715
169 716
680 717
324 718
337 719
244 720
521 721
39 722
570 723
9 724
297 725
494 726
576 727
374 728
172 729
571 730
506 731
236 732
399 733
630 734
580 735
605 736
595 737
551 738
131 739
308 740
493 741
521 742
202 743
562 744
564 745
311 746
262 747
574 748
248 749
444 750
182 751
33 752
582 753
730 754
619 755
51 756
350 757
659 758
497 759
759 760
240 761
67 762
339 763
216 764
216 765
186 766
447 767
338 768
156 769
453 770
448 771
652 772
582 773
703 774
587 775
93 776
551 777
66 778
343 779
650 780
507 781
57 782
620 783
554 784
132 785
174 786
84 787
325 788
244 789
258 790
453 791
761 792
438 793
340 794
696 795
405 796
421 797
325 798
666 799
560 800
223 801
218 802
385 803
83 804
296 805
259 806
446 807
360 808
320 809
769 810
465 811
792 812
349 813
91 814
174 815
186 816
429 817
653 818
168 819
91 820
117 821
719 822
102 823
512 824
434 825
419 826
378 827
398 828
281 829
496 830
414 831
484 832
424 833
81 834
290 835
30 836
307 837
256 838
598 839
123 840
310 841
128 842
547 843
467 844
385 845
624 846
834 847
260 848
351 849
723 850
753 851
708 852
756 853
19 854
817 855
288 856
571 857
752 858
233 859
401 860
838 861
356 862
106 863
274 864
860 865
392 866
609 867
456 868
211 869
34 870
308 871
499 872
562 873
407 874
70 875
93 876
362 877
738 878
218 879
131 880
98 881
16 882
40 883
648 884
258 885
790 886
425 887
406 888
850 889
488 890
373 891
729 892
437 893
212 894
229 895
6 896
371 897
723 898
10 899
85 900
855 901
518 902
594 903
44 904
18 905
437 906
153 907
39 908
56 909
607 910
366 911
414 912
822 913
569 914
96 915
438 916
468 917
762 918
56 919
890 920
316 921
755 922
530 923
376 924
205 1
250 2
804 10
726 5
746 10
346 10
450 7
190 10
545 2
173 652
316 7
153 3
669 8
16 2
739 2
329 4
616 9
399 2
740 9
631 531
750 5
522 6
315 10
820 7
668 3
205 5
539 10
451 3
794 1
138 836
696 8
338 8
543 1
290 8
874 9
665 8
711 10
742 3
685 3
473 10
864 2
277 1
860 1
462 8
864 4
447 8
907 6
650 5
734 2
2 83
344 8
206 1
503 9
887 8
43 10
218 10
182 3
824 6
148 9
858 586
337 6
653 6
871 2
777 6
51 2
144 5
776 1
692 2
336 9
702 400
390 7
578 2
254 5
484 5
221 8
178 2
448 1
202 5
557 6
715 367
459 10
419 2
630 2
711 5
158 2
66 7
605 2
707 3
742 4
335 626
156 5
383 8
810 3
797 7
106 4
482 5
659 1
448 6
207 10
277 223
837 10
370 10
347 6
110 5
56 2
430 10
686 1
21 10
696 8
884 637
240 4
843 4
351 10
631 4
57 5
672 9
566 5
744 9
698 5
920 658
795 4
140 2
661 10
223 7
879 2
237 8
261 4
132 9
903 7
735 452
839 1
294 8
754 2
627 10
563 5
86 9
343 8
709 10
30 2
137 573
42 9
803 9
256 10
786 8
217 6
863 4
410 5
723 5
269 4
796 690
570 8
156 10
622 4
84 1
847 8
683 2
417 1
112 3
584 3
472 453
516 10
500 4
613 6
755 4
363 2
570 3
235 3
364 8
51 9
384 415
21 5
271 10
503 5
580 7
84 4
888 10
205 3
700 7
209 1
116 775
525 9
61 6
340 2
51 9
9 5
848 8
368 8
703 10
744 7
484 349
530 1
604 7
204 2
64 8
901 1
777 5
91 1
908 8
638 1
342 91
888 1
177 7
686 5
899 3
627 8
215 10
786 9
827 6
886 1
484 134
847 5
163 7
754 5
548 1
340 1
709 6
273 5
340 9
195 2
7 651
215 10
811 4
8 8
676 4
3 2
1 3
744 2
548 4
402 7
281 551
421 8
861 4
344 9
499 10
815 10
317 4
249 6
601 1
474 7
206 382
596 10
284 6
385 10
517 4
44 1
562 10
686 2
79 1
402 4
902 279
558 1
478 10
445 9
817 8
513 8
319 7
255 3
869 2
41 9
583 788
209 9
450 9
355 1
768 4
274 8
434 8
633 2
369 10
120 4
132 896
195 9
401 2
625 10
581 5
161 1
878 4
571 1
572 6
354 7
247 79
712 4
534 8
220 5
463 3
48 3
420 10
409 8
180 7
420 7
319 714
518 7
256 6
320 2
905 6
810 10
68 9
284 9
319 8
513 8
35 141
220 4
85 5
827 2
835 10
242 5
795 4
333 1
793 3
80 4
736 172
183 9
369 3
390 2
415 8
56 9
639 9
161 3
847 2
877 5
312 47
209 2
559 3
173 3
706 4
360 5
162 3
524 4
67 8
867 7
67 296
700 4
652 8
73 8
316 3
188 8
191 1
177 9
452 5
85 7
147 493
792 7
239 8
767 6
648 10
659 9
870 4
392 6
576 6
597 7
325 288
415 10
366 10
38 5
182 7
418 5
691 2
483 5
506 6
777 2
546 39
765 9
412 7
605 5
625 1
911 4
904 3
846 3
209 6
766 1
174 707
518 8
681 4
604 3
537 8
880 10
101 3
244 8
21 10
252 8
102 571
233 10
751 3
297 8
313 10
95 5
649 2
142 5
191 6
507 5
587 226
713 6
178 8
661 4
750 2
709 4
780 3
3 1
578 3
530 7
211 288
594 5
805 10
579 7
468 10
728 1
681 9
348 9
792 1
306 7
773 241
533 8
809 7
461 6
325 8
880 7
155 5
662 8
86 3
140 3
924 237
376 3
277 2
520 7
363 8
193 4
108 3
269 7
362 4
453 4
894 723
846 5
190 3
455 10
538 2
569 5
61 4
425 3
531 2
571 6
639 605
522 7
782 2
495 3
145 4
628 10
73 2
772 3
92 4
404 6
775 528
519 5
135 6
364 8
434 1
871 8
231 10
847 3
115 4
327 6
215 257
386 2
730 9
22 2
153 4
234 1
204 6
866 8
119 3
871 10
636 92
111 9
745 3
206 6
31 3
67 1
88 10
358 10
525 3
446 9
302 650
870 4
592 1
72 4
167 9
308 8
219 3
503 9
377 2
419 2
327 327
917 10
186 8
426 4
723 3
911 10
690 7
372 2
17 2
422 7
319 741
795 5
68 5
451 4
450 3
890 4
341 1
782 4
852 8
808 4
88 324
746 3
164 3
14 6
474 10
455 2
185 10
415 4
777 9
235 4
715 224
345 9
470 9
152 4
912 9
812 10
275 1
434 2
514 4
816 2
453 178
430 6
751 1
276 6
204 9
260 9
442 3
231 6
35 5
16 10
616 315
128 7
807 3
21 6
9 10
592 10
568 3
810 9
830 2
624 4
542 162
339 7
277 2
192 4
418 2
800 7
917 4
740 5
437 2
241 8
809 339
415 4
311 7
561 8
67 7
604 5
801 2
356 3
502 5
612 10
781 858
913 6
673 7
444 5
226 6
594 9
571 7
179 8
189 1
605 4
496 363
59 2
569 7
371 10
833 10
863 9
730 8
184 10
477 2
509 9
151 739
652 5
287 5
916 10
355 6
628 5
327 4
893 1
835 2
513 4
598 448
601 6
159 8
384 1
462 10
706 2
409 2
739 2
417 9
637 7
701 921
870 1
484 4
231 2
812 7
4 6
901 9
375 8
7 2
636 9
654 133
278 4
677 6
87 9
572 7
617 1
844 1
882 8
581 5
350 1
117 428
204 1
740 4
282 10
882 7
153 7
68 4
445 9
196 9
423 8
445 554
767 9
79 10
726 1
855 8
608 6
423 3
79 9
186 6
636 1
476 18
64 2
40 6
900 10
835 4
126 1
859 7
655 10
266 2
601 9
895 648
823 4
446 7
676 7
234 6
529 5
199 8
12 5
240 9
392 3
25 527
249 9
100 4
915 6
851 1
369 2
825 7
481 1
381 5
379 8
369 109
335 4
220 1
54 5
467 4
666 8
39 8
663 1
198 3
192 6
222 863
248 9
271 4
891 5
105 10
714 2
286 4
81 9
554 4
607 9
787 657
831 7
322 10
217 8
345 1
104 7
440 9
406 10
719 6
869 9
671 601
177 5
407 1
63 6
630 5
754 8
464 6
97 7
174 4
448 3
734 327
882 1
362 10
225 10
367 8
527 3
379 3
217 3
628 3
124 3
456 401
502 3
563 6
322 2
670 4
827 5
535 2
181 6
623 1
144 5
695 736
624 6
677 1
531 4
611 7
762 6
673 1
670 1
187 9
762 8
675 871
433 9
577 8
739 3
442 2
802 6
506 1
341 3
719 5
576 10
725 712
69 3
155 6
437 3
448 9
590 4
247 6
278 2
487 2
354 4
512 160
146 5
830 9
834 2
688 9
367 10
226 6
404 8
255 5
768 9
12 62
362 1
91 6
819 3
348 8
341 10
859 7
132 8
18 7
340 3
858 707
136 6
50 8
699 9
406 7
569 10
96 2
550 1
75 3
105 6
873 595
904 9
295 10
857 10
547 5
786 6
20 1
396 5
594 9
708 8
723 759
15 4
394 10
298 6
856 9
315 4
913 9
620 6
422 9
832 10
612 403
194 3
179 2
127 7
195 5
256 5
183 3
567 7
486 10
210 10
727 592
892 2
830 4
384 10
818 7
239 2
803 10
646 7
93 3
164 8
847 793
402 8
914 8
689 7
708 4
200 7
757 10
182 9
865 3
313 4
461 865
314 1
405 8
693 8
404 9
765 8
903 10
138 10
761 9
300 3
530 104
346 7
645 2
218 3
267 2
537 7
719 2
407 8
591 4
558 4
675 628
29 4
297 9
210 4
430 2
742 9
216 2
78 8
78 8
887 8
734 667
175 7
113 4
63 5
33 2
510 4
815 1
793 3
896 4
195 4
14 370
711 10
771 9
578 1
112 5
143 5
436 9
368 2
798 4
368 9
404 20
427 4
756 3
198 5
153 4
165 1
480 10
672 9
582 9
575 2
697 901
260 3
136 9
856 7
103 10
431 3
25 9
447 8
17 9
82 5
890 665
20 4
590 9
713 2
709 1
65 5
152 8
70 8
451 10
249 1
79 540
826 1
637 7
155 8
691 9
283 10
184 1
631 4
282 8
512 1
801 907
412 2
835 2
59 10
11 10
701 5
464 8
101 9
334 9
232 6
794 187
882 7
214 9
800 1
258 9
369 8
232 8
340 1
447 6
850 4
328 911
7 6
922 10
471 8
178 3
630 3
819 1
256 4
543 1
423 10
307 368
859 9
302 6
219 9
409 6
590 9
856 3
523 1
541 1
256 1
830 851
547 1
633 9
649 3
98 4
262 8
70 9
133 5
821 8
899 8
615 377
889 4
901 4
498 9
774 9
512 4
795 9
656 3
779 8
52 6
657 153
