106 1000
1 2
2 3
3 4
3 5
1 6
1 7
1 8
3 9
1 10
5 11
11 12
2 13
8 14
7 15
2 16
5 17
15 18
12 19
12 20
10 21
10 22
11 23
18 24
4 25
13 26
11 27
18 28
26 29
29 30
9 31
5 32
15 33
9 34
30 35
12 36
4 37
1 38
10 39
17 40
20 41
40 42
26 43
14 44
18 45
37 46
18 47
16 48
11 49
31 50
47 51
26 52
41 53
47 54
11 55
25 56
38 57
54 58
24 59
28 60
59 61
41 62
50 63
16 64
45 65
5 66
25 67
33 68
1 69
1 70
8 71
16 72
61 73
58 74
10 75
75 76
60 77
4 78
54 79
11 80
10 81
11 82
7 83
74 84
12 85
23 86
40 87
54 88
18 89
34 90
72 91
37 92
87 93
12 94
44 95
16 96
63 97
45 98
30 99
33 100
49 101
25 102
96 103
87 104
28 105
62 106
62 10
99 4
45 10
81 10
79 9
84 10
74 5
77 9
38 2
91 78
68 5
30 5
102 1
103 3
78 10
91 10
20 8
38 4
21 2
4 104
30 3
39 10
101 7
44 6
99 4
59 3
14 8
41 1
42 7
19 95
8 10
92 7
104 2
91 5
81 9
41 3
33 4
106 8
65 10
105 103
39 1
34 1
7 9
16 9
72 10
93 1
78 10
50 7
12 4
62 60
30 10
25 5
79 8
88 2
90 10
93 3
46 1
33 3
106 2
39 75
43 9
97 1
94 6
101 4
65 6
99 2
92 10
94 7
31 10
64 86
23 3
66 1
90 3
51 3
75 8
13 4
66 3
6 6
68 9
48 16
17 4
82 2
28 10
90 9
87 2
19 1
53 7
87 3
64 8
9 53
94 9
90 10
36 9
18 8
68 4
89 4
62 9
101 9
103 8
26 87
28 9
12 4
63 1
29 5
9 3
41 10
65 7
89 5
76 5
104 27
11 10
54 3
54 8
76 3
35 8
50 6
45 4
28 5
6 1
48 64
68 3
3 2
72 9
39 6
21 8
21 1
49 6
11 6
13 4
84 84
86 9
20 8
13 8
96 9
67 1
22 3
88 4
49 3
45 2
39 73
69 3
39 1
46 3
85 8
73 9
71 4
37 7
58 1
77 7
60 44
91 2
81 6
58 3
35 1
102 5
3 2
35 4
29 7
87 1
68 66
33 10
5 6
61 7
5 4
10 7
25 8
12 5
96 1
88 3
62 36
95 9
71 10
3 6
86 4
86 8
27 4
30 2
13 3
48 6
104 47
72 3
3 8
59 10
42 5
46 3
61 4
33 8
94 4
33 9
62 58
3 10
77 9
19 1
9 8
86 6
1 1
54 10
60 3
79 1
99 87
75 9
64 10
48 4
77 5
25 8
48 5
38 1
53 2
7 9
8 82
40 7
17 8
39 8
55 2
67 6
72 9
104 8
79 7
88 8
81 55
52 1
69 4
8 7
103 1
43 8
102 1
44 6
69 9
8 9
33 92
65 6
82 6
54 4
87 6
25 6
65 6
99 2
24 6
105 10
55 70
65 9
1 1
63 1
49 8
68 2
87 8
76 6
34 10
88 1
1 22
42 4
13 9
31 3
69 3
8 6
42 4
59 2
8 5
13 5
22 79
5 10
28 8
40 4
67 5
46 5
17 2
11 5
105 6
81 4
71 57
32 7
78 2
28 2
83 8
8 9
102 3
47 5
22 7
50 2
33 102
61 10
27 3
93 5
40 2
82 8
53 10
76 5
19 6
11 10
13 21
25 2
96 3
38 4
92 9
2 10
65 1
93 7
69 6
35 5
56 12
96 7
21 10
101 5
58 10
30 2
8 1
49 1
94 9
51 5
45 69
10 1
54 9
102 8
104 4
39 5
69 4
28 9
79 5
69 9
72 66
84 5
21 7
106 5
73 4
25 4
40 2
60 2
3 9
98 4
61 47
100 8
105 8
102 2
45 4
69 9
59 10
94 10
98 1
41 9
15 88
96 6
61 8
40 2
83 10
58 4
65 6
74 7
50 1
70 5
63 101
86 8
53 8
88 9
3 1
49 8
10 6
103 4
98 2
89 4
57 76
57 1
89 3
18 5
75 3
75 1
97 3
102 7
66 4
28 7
65 81
103 10
6 9
36 6
36 4
74 6
25 4
80 6
41 7
48 10
89 47
60 7
96 5
106 10
4 1
9 10
94 1
79 9
58 3
1 3
105 34
77 6
71 1
5 7
4 5
62 7
26 1
90 9
61 5
15 5
28 102
35 10
74 5
52 6
8 10
85 9
71 8
10 1
71 8
102 10
49 72
34 4
51 3
16 9
61 9
15 5
86 3
40 6
10 8
93 6
94 12
93 3
57 8
25 10
94 9
20 2
104 3
73 2
95 5
26 2
1 19
46 6
43 4
3 5
101 10
9 3
7 3
76 9
10 5
6 5
104 103
43 5
92 9
54 9
80 8
7 3
35 8
80 4
20 1
66 6
51 30
75 10
19 5
62 9
100 1
48 7
20 1
79 10
57 4
9 2
13 61
99 3
88 1
21 2
104 10
99 8
2 5
88 2
92 7
25 3
34 81
25 8
84 1
52 7
99 7
15 5
49 7
21 5
88 6
16 8
4 72
104 3
74 2
27 6
15 9
68 10
98 7
6 7
14 8
2 1
20 28
21 7
30 10
69 5
78 7
5 3
32 8
31 8
86 1
65 2
22 105
13 3
4 6
13 7
71 5
28 8
41 7
36 2
11 2
16 6
77 73
26 9
84 3
63 1
1 8
28 5
91 10
93 3
4 3
54 5
19 89
102 7
101 5
37 5
99 1
36 2
29 7
18 5
54 4
54 2
104 52
32 7
6 10
60 3
99 10
20 4
46 6
12 1
105 10
55 3
14 94
87 4
46 8
91 6
83 3
9 5
87 2
34 6
81 2
19 7
38 21
99 6
97 9
94 7
71 2
39 10
94 9
22 7
22 8
56 8
30 65
25 3
9 5
10 7
86 4
106 5
40 3
100 9
22 1
85 9
75 84
46 3
35 7
46 8
88 5
46 10
64 4
94 3
35 2
86 6
81 45
22 5
60 3
59 9
27 2
63 10
4 1
9 2
1 2
12 4
58 40
95 4
11 10
29 9
72 7
52 9
103 5
87 1
91 10
84 1
83 33
61 4
32 5
44 6
98 6
79 7
49 8
58 10
34 6
11 2
27 27
72 9
57 9
98 8
8 8
45 8
60 3
68 2
17 1
53 5
49 90
21 7
56 6
34 3
1 3
39 10
9 4
1 3
103 1
77 8
29 100
17 1
57 9
96 10
79 6
92 7
79 3
25 7
17 1
60 10
49 94
84 1
62 2
8 8
11 7
85 7
4 8
3 6
7 10
31 2
15 66
63 3
96 2
69 9
30 6
77 1
76 2
78 7
88 1
63 5
2 85
63 2
19 3
66 10
101 4
34 10
41 6
1 9
77 5
15 7
13 88
57 2
67 9
3 4
39 8
19 5
3 5
48 4
27 1
25 4
26 13
32 4
6 6
89 3
59 10
50 10
91 8
84 6
36 4
98 6
27 86
26 2
82 2
100 8
57 8
89 5
92 1
94 2
3 4
74 7
80 27
21 2
77 8
65 1
2 8
69 4
80 2
39 2
44 7
68 8
47 21
29 10
62 9
7 4
39 10
106 1
64 4
39 6
86 9
46 8
75 103
26 1
50 8
88 3
30 3
63 7
101 2
24 9
56 2
29 6
89 35
19 10
17 5
106 6
14 9
55 10
22 2
51 2
59 6
55 3
105 86
71 7
87 10
27 5
103 5
94 3
71 10
31 2
69 10
27 4
48 88
19 4
27 4
7 7
87 1
21 3
74 4
43 7
51 5
5 7
24 34
1 4
39 2
58 1
56 9
63 4
47 7
6 8
46 4
72 5
85 92
28 2
57 1
80 3
89 8
15 7
7 4
50 4
106 1
51 2
4 19
81 10
37 2
20 8
65 1
104 9
67 2
78 8
19 8
64 3
97 66
4 7
92 9
19 1
27 4
2 10
86 9
88 1
29 10
64 8
22 27
1 4
36 6
105 8
85 9
46 2
13 3
17 10
99 5
33 8
42 27
69 6
65 8
87 2
33 1
106 3
60 1
24 10
86 3
103 1
96 29
91 2
96 2
96 6
3 4
70 8
64 2
84 1
100 2
51 5
46 45
51 7
28 4
28 7
7 6
105 1
87 7
25 3
60 8
47 10
18 106
1 3
9 8
13 10
8 1
39 2
69 3
62 10
14 1
3 10
63 20
88 10
18 5
90 1
21 6
70 2
24 6
9 5
40 2
74 10
84 96
56 8
60 10
7 7
93 10
30 1
10 1
61 2
12 9
57 3
4 85
14 7
21 5
85 4
22 9
75 1
94 10
100 2
78 4
5 4
21 52
34 6
54 10
39 6
52 1
10 6
83 5
53 2
7 1
24 10
58 20
9 1
65 4
82 3
106 7
65 8
85 4
18 3
25 5
8 7
14 55
85 3
15 8
68 3
94 7
25 8
60 8
83 7
78 3
84 5
34 83
48 2
39 6
48 3
47 1
85 4
31 5
18 10
13 10
47 8
10 106
76 10
36 3
16 5
88 5
52 10
101 3
59 2
43 8
18 8
74 57
57 2
98 10
25 8
86 10
89 2
64 7
71 7
85 9
13 9
75 98
40 5
8 9
90 6
31 1
50 7
79 4
43 6
22 2
34 9
51 80
54 3
79 10
98 10
59 4
28 10
74 8
52 8
14 10
48 2
56 57
47 4
15 1
83 1
21 10
85 9
8 1
23 6
74 10
84 1
80 12
36 8
106 6
17 3
24 5
37 8
94 5
60 3
83 10
73 9
57 48
73 5
89 1
3 9
64 3
70 1
96 9
7 1
90 8
101 3
103 18
60 1
54 8
1 10
14 6
79 3
30 3
11 5
60 4
66 7
10 33
