363 1000
1 2
1 3
2 4
4 5
4 6
1 7
3 8
6 9
4 10
8 11
2 12
1 13
7 14
12 15
1 16
2 17
6 18
4 19
13 20
14 21
9 22
3 23
17 24
2 25
14 26
26 27
26 28
22 29
10 30
9 31
12 32
15 33
5 34
21 35
31 36
9 37
5 38
12 39
37 40
22 41
32 42
13 43
7 44
6 45
16 46
19 47
34 48
18 49
37 50
34 51
41 52
1 53
4 54
4 55
47 56
55 57
47 58
4 59
7 60
46 61
41 62
21 63
34 64
39 65
28 66
14 67
17 68
44 69
51 70
66 71
25 72
40 73
15 74
17 75
75 76
69 77
15 78
57 79
43 80
33 81
66 82
76 83
79 84
78 85
48 86
51 87
75 88
6 89
20 90
79 91
54 92
36 93
44 94
15 95
81 96
44 97
86 98
83 99
89 100
31 101
66 102
98 103
103 104
67 105
4 106
103 107
42 108
89 109
105 110
101 111
36 112
20 113
17 114
46 115
7 116
16 117
25 118
30 119
73 120
69 121
121 122
58 123
45 124
36 125
69 126
58 127
85 128
106 129
54 130
118 131
104 132
75 133
124 134
15 135
89 136
89 137
136 138
63 139
122 140
118 141
103 142
76 143
120 144
12 145
86 146
58 147
42 148
61 149
14 150
90 151
3 152
29 153
49 154
59 155
104 156
27 157
12 158
124 159
23 160
5 161
106 162
139 163
79 164
148 165
9 166
73 167
52 168
50 169
167 170
123 171
169 172
94 173
163 174
6 175
59 176
152 177
39 178
27 179
43 180
1 181
77 182
111 183
15 184
147 185
2 186
184 187
184 188
18 189
108 190
179 191
44 192
45 193
101 194
94 195
46 196
41 197
18 198
74 199
46 200
92 201
66 202
21 203
103 204
166 205
81 206
203 207
150 208
116 209
201 210
25 211
108 212
131 213
118 214
199 215
174 216
155 217
175 218
180 219
184 220
164 221
36 222
205 223
215 224
216 225
137 226
70 227
66 228
8 229
55 230
48 231
118 232
25 233
229 234
32 235
167 236
137 237
104 238
21 239
164 240
54 241
65 242
239 243
186 244
1 245
238 246
154 247
158 248
59 249
216 250
151 251
68 252
174 253
107 254
210 255
61 256
66 257
257 258
46 259
19 260
178 261
59 262
107 263
8 264
207 265
203 266
139 267
162 268
250 269
148 270
231 271
188 272
55 273
263 274
5 275
240 276
92 277
239 278
124 279
20 280
165 281
189 282
38 283
76 284
194 285
1 286
67 287
19 288
259 289
105 290
30 291
22 292
31 293
225 294
67 295
28 296
138 297
89 298
90 299
214 300
33 301
213 302
189 303
128 304
179 305
33 306
20 307
49 308
199 309
242 310
112 311
45 312
310 313
54 314
215 315
308 316
54 317
232 318
238 319
14 320
235 321
201 322
318 323
315 324
218 325
135 326
221 327
59 328
191 329
308 330
189 331
26 332
52 333
65 334
122 335
329 336
265 337
6 338
280 339
129 340
283 341
112 342
138 343
215 344
87 345
217 346
322 347
54 348
346 349
285 350
124 351
177 352
15 353
247 354
182 355
33 356
208 357
319 358
116 359
228 360
286 361
84 362
147 363
94 4
9 2
185 6
251 1
24 4
199 4
107 5
248 6
192 7
79 12
235 8
282 3
228 6
283 1
10 1
180 5
169 2
307 6
140 4
343 87
132 10
124 1
253 8
249 4
276 1
146 5
293 5
154 4
293 3
81 190
231 8
45 9
63 7
264 4
330 6
31 1
102 6
22 5
282 4
184 95
65 9
277 7
83 10
26 10
53 1
243 10
115 6
202 2
343 7
357 282
84 9
186 1
15 3
96 4
183 6
260 4
132 2
180 1
51 1
62 153
168 9
305 7
349 2
236 9
12 9
17 5
4 5
97 10
315 4
293 172
93 1
36 3
64 7
75 7
258 10
337 8
313 9
126 8
175 10
232 321
7 1
8 9
79 10
139 4
62 7
264 4
231 1
282 8
230 5
152 128
261 5
123 7
35 4
209 3
319 4
232 3
173 3
215 7
50 7
74 145
30 6
322 5
151 4
276 9
217 8
320 9
94 1
43 7
270 9
176 73
171 10
125 7
223 5
249 6
154 8
17 8
321 10
251 8
80 1
39 146
38 6
28 4
140 5
256 7
157 2
95 4
259 8
64 2
317 7
23 349
162 2
197 4
6 3
345 2
262 3
303 3
338 10
350 6
289 6
205 30
131 5
223 1
264 6
304 9
329 3
298 9
288 7
104 10
111 3
47 334
218 9
229 10
117 9
82 9
253 5
359 8
119 9
246 9
91 9
357 76
174 8
336 1
40 5
121 6
31 5
109 8
104 7
233 10
341 4
234 13
126 5
20 5
160 7
35 5
134 8
116 6
333 8
361 5
137 10
229 31
202 6
138 5
286 4
112 7
193 6
21 8
226 1
235 9
188 8
196 320
20 8
29 8
341 4
214 7
87 7
18 3
273 8
205 2
122 5
330 305
144 2
104 3
119 4
326 4
170 10
265 9
82 4
224 6
289 10
3 37
55 10
65 7
259 4
111 7
62 7
173 4
81 6
133 4
111 9
206 233
19 6
108 4
22 6
1 8
179 9
17 10
142 1
331 7
12 10
232 250
177 2
42 2
8 3
222 5
58 8
331 3
105 10
348 6
195 10
65 84
280 8
300 5
295 8
258 7
245 9
299 2
318 6
276 1
229 3
117 254
137 9
90 6
282 2
140 1
170 3
35 8
74 8
244 4
156 7
21 108
135 9
272 8
135 5
60 3
241 8
291 8
119 10
353 9
7 9
330 167
307 2
209 8
183 1
124 1
316 9
223 1
99 5
210 2
162 1
55 287
148 3
79 6
271 5
220 1
32 4
34 6
334 2
72 3
26 7
73 93
222 9
306 2
311 4
199 1
188 4
278 1
11 7
145 2
65 3
239 277
112 9
13 4
78 8
335 6
297 6
361 10
211 6
281 10
206 3
226 103
25 7
41 1
101 4
171 6
143 4
119 7
288 2
327 7
152 3
333 221
55 2
292 7
190 4
153 3
27 9
29 3
135 2
246 5
48 4
137 83
310 7
101 6
181 7
308 7
181 10
322 10
191 6
289 10
268 2
301 230
37 2
125 9
241 1
311 9
170 9
127 3
166 8
346 5
116 1
209 87
335 10
255 7
337 8
205 4
124 9
286 6
358 2
356 6
277 6
178 282
275 1
300 7
61 10
243 10
122 6
203 8
284 7
264 5
59 3
25 346
335 5
201 4
333 8
362 3
314 2
119 10
12 1
159 3
117 4
251 339
273 8
35 4
359 2
273 4
54 9
74 3
34 5
35 7
357 4
251 30
1 4
100 9
264 7
298 2
136 4
348 7
124 6
243 2
298 3
270 226
134 9
232 6
296 3
183 3
7 5
1 2
139 9
86 10
334 1
40 272
209 7
195 7
85 9
307 3
89 3
175 10
325 10
153 4
156 8
236 21
180 8
277 9
172 1
213 7
146 7
181 1
208 3
164 8
265 5
221 172
137 5
17 4
314 7
97 1
187 5
7 10
279 7
39 3
182 10
71 82
243 5
290 8
311 9
206 10
7 2
325 2
333 8
268 7
44 3
335 229
297 7
99 1
349 3
60 9
99 3
328 1
318 10
264 6
230 1
304 92
137 10
310 3
169 7
338 2
349 3
215 5
20 7
261 2
19 7
293 272
53 8
304 9
106 10
197 2
133 9
178 8
59 10
296 6
38 6
342 260
159 6
345 5
100 4
20 3
326 3
257 7
279 3
332 8
6 6
327 132
66 6
313 8
197 8
198 6
50 9
310 10
41 8
303 6
214 6
56 68
121 10
189 1
179 3
304 4
261 3
86 10
202 2
172 8
215 3
211 155
264 4
29 8
360 3
42 2
84 6
45 4
201 8
9 3
36 10
347 99
280 9
100 6
200 2
315 9
23 6
79 5
34 7
300 1
288 9
108 147
318 10
61 4
225 5
164 10
292 5
290 8
262 9
213 9
118 9
280 276
343 6
77 8
269 9
220 7
317 9
311 6
83 7
250 10
27 2
314 291
348 1
94 10
239 8
138 2
323 1
7 8
103 1
268 9
11 8
363 53
99 5
281 6
180 2
198 4
157 2
93 6
300 8
68 2
298 9
76 291
148 3
321 7
53 8
41 7
10 8
122 7
314 1
10 3
196 3
171 191
60 8
145 7
203 4
105 3
316 2
285 3
337 5
94 9
192 4
77 139
28 3
283 6
53 10
40 4
304 8
336 4
230 9
304 9
353 5
30 112
323 6
192 9
33 2
305 2
35 9
342 3
228 5
106 8
277 5
105 224
256 4
361 5
128 1
282 4
167 8
242 6
337 2
272 4
78 9
191 82
279 10
41 5
253 7
168 4
79 9
40 4
212 4
95 8
39 2
33 93
273 7
199 2
333 7
146 7
14 10
253 9
273 9
111 9
82 8
216 12
308 9
70 6
162 9
337 9
295 7
71 6
95 6
331 8
29 7
154 188
350 10
118 10
243 4
149 6
189 1
33 2
119 1
249 7
82 9
193 220
84 1
54 9
290 10
128 7
186 5
66 8
261 1
166 5
311 7
68 104
59 4
15 4
164 3
238 1
94 5
265 3
226 1
53 6
237 9
43 155
1 6
46 1
225 3
124 8
135 9
260 10
221 7
90 3
101 5
335 360
338 7
279 1
350 3
294 9
3 9
311 1
234 8
340 3
184 3
296 160
238 4
183 1
212 7
185 4
179 8
220 3
280 5
226 2
342 2
92 254
130 6
237 9
270 4
136 3
95 6
146 8
2 10
31 2
95 9
57 341
249 8
54 10
136 1
75 10
244 4
106 7
242 8
266 9
249 5
245 26
178 4
321 2
293 10
319 9
351 10
29 3
298 9
309 7
332 3
84 296
69 7
43 5
363 6
111 4
187 2
13 5
144 4
53 6
78 1
83 64
245 3
306 1
128 3
132 8
279 8
128 6
89 3
91 4
110 5
242 254
318 7
281 2
66 10
232 4
220 9
32 4
46 5
272 8
264 8
26 239
299 3
236 8
193 9
70 5
347 3
349 4
174 1
322 8
91 1
44 331
226 2
47 3
154 1
260 2
201 7
246 1
103 4
132 2
347 4
10 229
216 5
124 1
45 3
136 2
35 10
186 6
153 1
298 1
177 8
153 31
119 5
42 5
210 8
10 8
99 9
69 4
61 6
263 1
252 3
334 254
167 3
84 7
47 6
220 3
64 6
346 6
341 4
264 7
162 6
224 40
118 1
73 6
61 9
251 7
93 10
245 10
14 4
313 10
14 1
10 129
66 2
239 10
320 1
263 3
191 3
294 6
359 3
310 7
201 9
278 58
269 7
236 6
152 4
353 9
3 1
292 3
180 2
54 7
51 9
318 184
3 6
340 1
286 10
282 7
146 6
203 1
223 2
260 7
326 2
45 167
226 10
332 3
326 9
8 6
51 5
33 5
341 10
157 3
103 3
236 345
362 5
36 6
245 3
180 8
124 4
98 9
255 6
145 9
40 5
357 96
237 6
214 1
323 5
299 2
251 4
61 10
110 5
191 8
23 7
148 228
281 10
31 9
181 1
339 9
83 2
294 1
261 6
206 7
41 7
149 140
346 8
262 4
299 8
189 5
201 7
234 2
253 4
208 6
136 9
229 250
45 6
31 5
144 9
118 10
55 7
261 10
55 6
346 9
361 10
325 40
338 5
71 9
160 2
122 5
244 5
288 3
263 7
269 7
161 5
50 116
272 5
65 1
116 1
307 9
56 8
13 4
147 2
37 3
85 1
217 203
257 3
226 7
190 4
43 2
310 10
339 7
168 1
248 2
78 1
68 313
346 8
356 10
284 8
231 10
339 4
299 8
52 6
305 4
123 8
303 46
202 9
129 10
269 6
104 6
305 4
237 2
292 6
313 9
210 5
43 86
178 10
136 4
338 4
25 7
197 2
56 5
201 4
63 4
215 9
260 200
69 10
300 1
134 2
107 1
170 4
244 6
283 10
255 5
257 9
226 161
325 9
243 5
161 1
198 4
85 3
319 2
159 7
74 1
45 1
79 271
