60 1000
1 2
1 3
1 4
4 5
4 6
2 7
4 8
6 9
7 10
4 11
11 12
6 13
6 14
3 15
13 16
12 17
2 18
6 19
6 20
10 21
4 22
12 23
22 24
15 25
18 26
8 27
9 28
22 29
4 30
7 31
10 32
8 33
26 34
4 35
33 36
6 37
34 38
29 39
19 40
8 41
4 42
34 43
24 44
19 45
41 46
36 47
14 48
23 49
45 50
26 51
16 52
30 53
33 54
23 55
6 56
50 57
47 58
28 59
52 60
14 4
18 4
23 2
7 8
20 9
40 1
17 9
21 9
1 8
8 24
55 1
19 5
52 9
8 5
45 7
38 8
22 2
20 5
46 10
24 55
43 7
30 8
46 10
41 7
12 5
26 3
12 8
27 9
57 7
38 10
34 6
10 10
31 2
4 10
34 2
15 2
59 9
9 3
28 1
53 55
42 6
49 2
17 1
41 10
45 1
47 8
24 9
23 9
37 1
57 35
55 4
9 3
8 5
39 2
6 3
34 10
9 6
48 2
52 6
32 21
15 2
49 3
40 1
37 9
3 5
13 7
39 9
27 8
24 6
13 10
58 4
20 6
46 1
58 7
35 5
49 1
1 5
1 1
1 2
19 31
32 5
17 7
49 10
16 4
27 7
40 5
43 5
5 9
12 9
20 50
45 10
57 3
23 9
14 1
54 4
15 2
55 7
24 4
18 4
3 60
17 9
34 9
37 9
41 2
19 7
24 7
11 4
52 3
41 3
38 17
47 2
26 5
58 10
27 7
51 7
38 3
13 2
50 5
37 7
37 47
42 7
54 3
26 5
12 7
29 2
16 10
9 9
14 10
2 4
12 44
51 1
44 10
32 5
5 10
47 4
33 9
35 5
38 1
52 1
7 47
54 10
34 6
57 5
26 6
10 6
58 3
57 9
30 8
36 6
27 56
25 10
26 2
50 4
8 8
36 9
38 1
58 1
50 6
6 5
39 50
53 5
55 3
8 7
52 3
31 3
29 5
29 7
33 10
34 8
19 49
55 2
37 7
1 5
23 9
52 2
57 10
29 7
17 3
20 8
37 47
32 3
3 4
4 3
59 1
36 5
49 1
31 8
27 6
33 1
20 50
13 4
25 3
6 6
48 6
16 5
43 5
21 7
38 9
32 10
56 41
34 3
58 5
21 7
18 7
24 10
9 10
5 10
37 2
59 5
44 45
13 2
41 6
51 7
16 8
27 3
2 5
56 3
59 7
25 10
52 22
57 4
3 7
13 1
55 5
26 3
9 5
22 1
24 8
54 1
10 19
37 3
51 2
12 2
29 4
21 9
56 3
47 9
34 8
42 10
50 28
36 3
38 3
59 10
7 9
52 5
4 4
19 6
49 1
40 10
3 57
53 9
56 9
15 5
11 3
26 6
16 2
3 5
41 7
44 9
12 37
53 4
27 7
41 8
33 2
30 7
27 5
41 2
19 3
8 4
22 60
46 5
49 10
57 5
27 10
16 3
30 5
44 3
1 4
10 1
27 30
6 1
59 6
53 9
21 3
26 7
51 9
9 1
25 2
22 10
34 28
46 10
43 9
60 5
38 6
38 9
29 8
22 1
16 10
40 3
53 57
56 2
44 4
22 7
4 10
52 10
22 10
23 1
17 6
27 8
57 52
3 9
57 3
55 4
12 1
34 3
3 9
40 7
37 4
55 10
2 46
57 3
19 9
41 8
8 10
17 1
48 7
12 7
36 8
2 2
44 57
41 6
4 2
48 8
42 2
6 8
48 5
42 2
17 4
47 8
58 19
4 10
27 7
40 2
57 8
12 2
36 9
57 6
48 4
6 9
29 13
27 2
2 3
19 9
19 2
15 5
18 10
12 3
55 4
16 9
24 11
42 3
27 10
21 10
49 4
29 3
30 9
34 6
15 7
37 2
21 29
16 6
36 6
50 5
42 9
43 2
45 5
21 4
6 7
35 9
2 56
32 8
39 3
57 7
26 9
17 8
15 1
30 7
8 8
8 1
26 40
5 2
32 8
53 9
18 6
13 3
33 7
8 1
10 6
6 7
26 37
29 1
33 5
24 10
38 8
60 4
13 9
53 1
51 7
25 9
10 57
45 3
3 1
46 2
40 5
16 9
3 7
60 1
14 1
13 3
34 29
8 2
47 7
22 2
20 1
2 9
18 7
46 7
20 6
20 9
48 22
19 10
48 4
50 2
4 4
50 2
56 5
41 1
6 2
20 10
16 25
43 7
32 5
60 10
48 4
3 6
13 3
18 3
55 9
11 4
16 34
49 9
15 10
40 5
3 5
27 4
10 5
22 10
15 10
8 8
56 36
32 5
18 1
57 3
1 1
60 10
21 4
33 10
31 9
50 5
6 58
46 2
26 4
59 3
14 10
14 8
44 5
48 2
12 10
59 10
45 12
12 3
1 5
2 2
25 8
34 2
51 8
3 9
37 9
5 6
31 27
53 8
32 10
9 10
33 3
26 9
17 2
26 6
56 10
37 6
50 20
28 1
3 8
50 5
25 4
59 9
40 4
56 6
37 9
15 4
51 59
29 1
36 5
59 6
21 10
29 7
28 7
23 10
12 2
13 1
27 12
46 8
16 8
46 9
31 3
37 9
17 4
48 6
10 6
33 7
25 26
34 4
8 7
49 5
21 6
52 8
6 2
51 6
24 7
13 8
13 32
13 8
41 8
56 9
35 4
48 8
53 10
4 10
47 4
58 1
46 13
18 2
11 10
13 3
29 2
30 5
1 8
49 7
36 1
3 3
26 16
23 7
24 2
59 4
13 5
47 8
26 5
40 4
46 3
13 4
45 22
41 4
38 10
56 3
16 6
49 3
27 5
34 7
4 10
7 8
22 56
54 3
31 2
4 9
38 3
7 7
13 6
47 3
45 6
48 8
15 43
47 8
13 2
52 3
37 3
12 2
27 5
50 3
43 8
8 10
31 44
21 3
3 9
12 1
45 4
44 5
55 6
25 10
36 9
33 10
46 11
30 6
50 5
46 2
42 7
28 10
21 4
11 10
44 8
5 3
35 57
15 5
14 5
29 7
53 3
28 4
51 7
35 10
46 8
10 3
26 54
43 5
11 10
50 5
47 1
16 7
3 7
7 4
60 7
46 9
2 39
46 10
47 9
51 4
5 2
42 10
21 7
39 3
39 8
2 8
18 46
42 5
41 9
12 7
25 2
9 9
28 4
43 1
19 7
30 3
23 41
43 9
18 1
7 9
11 1
39 8
18 6
22 9
16 4
7 1
15 26
22 9
22 10
2 7
1 2
50 3
27 1
13 7
55 1
18 8
31 47
15 9
47 8
31 1
12 4
27 9
17 4
13 7
42 4
41 4
55 41
4 6
23 5
11 2
52 8
17 9
1 4
51 8
2 5
34 1
28 28
51 3
32 8
38 4
6 1
32 7
59 6
41 7
43 4
48 2
18 58
13 1
35 1
34 10
30 10
28 7
32 3
54 10
54 5
37 6
15 20
12 7
30 2
46 4
24 9
54 9
60 6
4 3
13 7
31 8
19 44
55 2
55 7
38 6
29 8
1 2
60 5
48 3
56 5
40 8
37 40
12 1
22 9
26 1
39 10
36 6
55 3
15 1
5 9
29 5
18 53
46 1
18 3
34 6
15 1
45 9
57 3
54 10
41 10
45 5
57 18
31 6
14 5
22 4
26 2
56 10
43 7
52 6
53 9
9 8
45 30
36 9
58 5
19 5
50 10
45 5
35 1
60 9
45 6
48 2
13 38
11 7
56 5
41 7
54 6
29 1
30 6
6 10
31 8
7 8
56 30
52 6
22 5
36 7
50 8
31 6
15 4
47 1
8 4
21 1
11 48
11 10
17 8
13 3
56 8
25 3
27 9
39 1
22 9
25 10
4 35
18 2
16 3
18 2
53 6
40 7
7 8
14 9
20 9
27 8
20 11
24 2
55 3
14 10
35 1
23 5
3 5
53 9
4 9
36 1
20 17
35 10
9 8
48 10
42 6
39 6
26 9
23 4
26 7
43 3
20 22
30 3
42 7
42 2
43 7
32 3
35 2
30 3
31 3
12 10
31 11
31 4
34 7
56 7
27 3
12 3
39 6
20 1
5 9
13 1
18 43
36 7
23 7
43 10
60 4
34 8
37 9
53 1
24 4
13 10
12 54
17 3
14 1
15 5
33 4
20 4
56 8
40 10
37 3
60 4
40 44
49 5
60 3
56 10
24 3
45 8
50 9
15 7
31 10
17 4
46 55
57 9
19 9
10 3
40 6
12 6
4 8
30 5
35 2
33 10
19 56
18 5
13 3
53 1
13 9
49 6
2 3
19 5
53 8
59 5
19 50
59 3
12 7
16 3
15 3
6 10
4 4
16 9
51 1
26 7
6 21
58 5
7 7
14 5
7 4
52 1
51 4
15 6
31 3
13 9
46 45
32 7
57 10
51 1
19 5
16 4
16 8
9 3
1 3
23 3
3 27
10 8
8 9
48 8
16 9
22 6
55 10
16 3
26 3
46 9
28 42
14 6
50 9
8 3
42 3
47 2
53 1
36 1
3 6
50 3
54 13
37 4
25 3
7 9
38 5
16 4
32 1
4 3
12 2
58 9
37 37
31 4
5 2
26 8
7 5
38 2
41 5
45 9
18 5
3 10
4 22
15 10
36 10
17 8
11 4
43 9
29 7
51 8
57 5
4 2
4 13
45 6
44 8
31 10
40 2
43 6
49 2
31 2
16 6
57 6
18 45
