356 1000
1 2
1 3
1 4
1 5
4 6
6 7
7 8
6 9
7 10
6 11
1 12
9 13
13 14
13 15
5 16
6 17
8 18
13 19
7 20
4 21
16 22
13 23
18 24
22 25
19 26
8 27
21 28
12 29
7 30
21 31
11 32
3 33
24 34
5 35
7 36
6 37
37 38
25 39
3 40
15 41
33 42
21 43
38 44
20 45
15 46
43 47
40 48
42 49
49 50
49 51
37 52
38 53
48 54
19 55
39 56
54 57
50 58
25 59
35 60
48 61
47 62
3 63
9 64
26 65
26 66
46 67
40 68
55 69
36 70
67 71
11 72
32 73
7 74
44 75
37 76
51 77
61 78
5 79
27 80
9 81
11 82
8 83
77 84
45 85
51 86
46 87
76 88
33 89
36 90
21 91
4 92
20 93
58 94
36 95
53 96
32 97
11 98
23 99
73 100
76 101
78 102
49 103
65 104
22 105
52 106
28 107
88 108
90 109
103 110
93 111
109 112
61 113
98 114
74 115
92 116
114 117
27 118
24 119
110 120
68 121
118 122
33 123
29 124
110 125
62 126
85 127
81 128
15 129
120 130
5 131
116 132
4 133
48 134
120 135
2 136
129 137
137 138
36 139
136 140
13 141
34 142
44 143
122 144
99 145
127 146
26 147
31 148
28 149
33 150
50 151
7 152
71 153
29 154
137 155
96 156
132 157
23 158
87 159
46 160
116 161
142 162
69 163
15 164
157 165
151 166
64 167
58 168
115 169
21 170
103 171
101 172
14 173
127 174
168 175
76 176
26 177
137 178
103 179
74 180
90 181
128 182
142 183
61 184
92 185
119 186
181 187
165 188
138 189
59 190
96 191
75 192
10 193
144 194
194 195
93 196
62 197
54 198
52 199
131 200
194 201
109 202
32 203
54 204
138 205
89 206
40 207
196 208
190 209
169 210
106 211
91 212
159 213
55 214
69 215
50 216
48 217
174 218
39 219
98 220
50 221
134 222
184 223
101 224
13 225
19 226
119 227
116 228
99 229
32 230
39 231
21 232
171 233
111 234
159 235
15 236
32 237
113 238
174 239
149 240
44 241
61 242
223 243
105 244
158 245
17 246
126 247
149 248
162 249
171 250
134 251
247 252
196 253
6 254
148 255
71 256
58 257
83 258
129 259
165 260
105 261
110 262
33 263
3 264
121 265
24 266
16 267
74 268
71 269
184 270
36 271
166 272
85 273
219 274
173 275
105 276
64 277
176 278
184 279
236 280
71 281
118 282
10 283
68 284
275 285
155 286
170 287
10 288
272 289
229 290
193 291
140 292
40 293
58 294
163 295
145 296
245 297
143 298
11 299
159 300
284 301
280 302
97 303
78 304
222 305
58 306
162 307
77 308
148 309
120 310
127 311
135 312
17 313
141 314
263 315
154 316
48 317
16 318
309 319
241 320
139 321
26 322
63 323
74 324
114 325
5 326
216 327
326 328
75 329
99 330
134 331
149 332
187 333
56 334
64 335
240 336
247 337
191 338
25 339
120 340
104 341
147 342
192 343
54 344
45 345
10 346
134 347
290 348
68 349
28 350
127 351
259 352
121 353
89 354
245 355
45 356
312 2
94 10
134 10
222 2
48 2
1 8
183 10
197 10
345 2
186 94
328 10
324 10
94 2
63 6
171 10
14 7
12 9
342 1
73 2
248 216
153 3
70 10
115 6
147 10
53 7
355 9
183 9
77 3
284 4
86 297
34 3
38 3
315 5
200 9
331 4
99 2
207 10
274 5
338 9
254 327
258 4
114 3
60 7
80 2
333 5
203 3
189 7
280 10
319 1
28 52
347 3
21 9
115 5
294 1
307 6
276 1
73 5
310 2
24 3
94 353
297 5
58 4
230 7
96 5
267 6
172 5
200 9
203 10
126 1
150 312
302 5
187 9
271 2
29 3
70 7
146 6
111 4
204 9
241 3
124 255
100 8
339 8
320 1
73 6
273 3
56 2
46 3
238 1
308 5
270 15
171 7
312 2
326 7
278 10
68 5
282 3
340 10
306 9
287 4
239 279
207 2
278 5
225 1
221 3
16 8
187 7
147 7
44 7
296 1
131 51
85 9
23 5
92 1
69 6
282 10
188 2
294 4
92 3
26 7
295 26
221 10
234 9
64 5
321 2
189 6
158 4
217 5
54 7
185 10
236 246
227 2
294 10
172 3
202 2
114 4
140 10
58 2
196 6
118 2
188 83
221 10
200 4
146 3
107 1
76 7
24 9
251 3
344 4
149 7
187 156
230 6
151 1
209 9
175 10
340 7
163 4
231 8
165 5
58 6
5 342
243 4
289 9
185 6
175 9
206 5
287 1
110 8
72 6
1 7
162 311
135 2
198 4
198 4
174 9
299 6
165 6
346 6
324 10
288 10
231 280
99 1
2 6
245 7
189 3
211 8
353 6
276 6
247 4
247 1
87 70
243 6
134 6
266 9
162 2
106 3
328 9
293 6
76 9
342 9
103 285
27 5
323 10
229 2
38 7
108 5
249 8
159 4
196 2
97 8
201 108
184 10
26 3
1 9
251 2
296 1
351 4
97 10
322 2
334 5
101 178
123 2
13 5
57 1
160 1
295 1
18 5
218 10
260 2
327 5
43 278
190 8
7 9
267 10
255 2
249 7
79 2
340 8
97 2
39 5
331 223
3 3
134 9
282 7
273 3
94 6
98 5
154 8
115 9
177 10
338 245
283 6
141 7
14 10
98 8
35 2
116 5
144 8
116 9
278 6
174 150
124 4
240 9
14 8
342 7
110 1
118 1
162 4
36 10
13 9
199 170
293 9
128 6
106 5
71 1
193 4
342 7
22 6
341 6
335 7
206 356
116 8
250 8
298 7
293 8
49 4
93 4
80 4
75 3
11 2
212 190
53 9
8 9
328 1
164 5
21 1
144 3
196 7
294 4
88 2
121 61
178 2
164 3
120 5
304 10
193 2
227 7
62 10
341 3
274 3
183 353
266 6
196 7
345 7
79 9
226 8
184 8
55 1
311 5
135 9
116 262
34 3
201 10
166 1
176 10
283 10
31 9
24 2
178 4
325 4
3 77
145 4
205 7
34 3
182 4
255 3
266 1
210 9
88 5
343 3
1 309
179 7
52 9
170 5
66 8
293 3
28 3
343 9
311 5
113 9
185 139
252 6
17 10
104 8
230 8
60 4
156 6
344 3
98 10
189 9
50 316
144 8
96 3
145 7
248 1
16 2
14 3
231 10
218 1
125 2
256 43
101 4
63 8
81 9
341 8
145 5
321 9
306 3
343 6
292 4
169 231
124 4
116 4
265 5
13 5
196 9
147 8
323 10
153 3
248 2
89 212
211 10
69 8
215 10
79 3
197 7
302 9
177 5
112 2
8 8
1 317
312 7
248 2
291 10
262 7
61 5
152 7
312 7
4 7
234 4
285 32
154 9
182 3
335 5
7 8
2 8
127 8
190 10
107 4
159 4
131 217
109 4
24 3
187 10
339 7
169 4
179 2
58 10
251 9
241 8
292 209
242 9
191 2
203 1
187 3
1 4
139 5
48 8
131 1
138 8
188 182
333 6
38 1
309 10
156 1
227 9
196 7
345 1
147 9
329 6
332 182
317 8
96 10
139 5
230 10
113 2
239 3
31 6
262 5
277 9
182 11
81 1
289 2
10 10
25 3
320 8
281 1
300 8
25 1
130 3
9 81
238 8
20 4
268 4
336 5
53 7
121 5
40 6
327 5
12 8
94 256
28 9
195 6
303 1
227 3
235 9
310 2
174 2
121 1
287 4
159 10
75 3
258 9
159 4
261 10
58 2
326 7
109 4
17 3
147 10
313 54
279 3
340 10
182 7
208 10
142 8
351 7
304 7
266 8
70 10
197 222
266 5
126 3
332 8
73 10
273 2
297 2
308 10
135 9
59 8
208 297
240 3
189 10
146 10
335 5
75 2
29 8
69 8
304 5
50 10
76 82
325 10
164 2
132 5
116 10
238 7
40 5
144 9
123 8
29 1
226 77
225 10
139 1
295 1
136 10
120 6
196 2
25 7
190 1
107 5
304 312
71 7
14 6
88 4
81 8
330 2
277 7
186 4
290 5
99 2
308 15
222 6
308 7
355 4
285 3
250 7
161 1
54 5
231 3
171 3
186 90
335 10
289 9
224 7
70 3
17 8
151 5
91 10
57 7
132 6
137 95
243 1
39 4
232 8
78 6
214 10
217 7
273 7
173 9
86 1
87 60
86 6
236 10
214 4
324 8
308 5
223 3
88 5
252 5
143 2
238 128
312 5
100 10
288 6
138 7
218 4
126 2
186 7
223 8
259 3
356 77
167 8
107 9
99 6
47 1
321 4
20 4
315 2
195 3
121 3
266 20
77 8
187 1
98 7
286 9
120 9
59 7
152 6
323 1
275 9
110 37
201 3
330 5
1 4
175 7
238 9
104 9
237 2
298 8
8 2
308 314
280 1
342 4
36 5
285 5
227 9
286 5
318 10
57 10
158 5
124 102
68 5
214 7
320 6
83 1
333 9
169 3
339 5
106 7
175 8
269 183
316 2
66 8
193 1
245 3
161 6
354 8
109 9
211 2
244 3
160 53
159 2
249 9
171 4
253 6
186 8
195 9
301 10
228 4
154 6
171 294
106 6
7 5
300 4
160 8
270 4
334 5
229 10
222 6
185 9
225 67
176 3
305 8
100 10
297 6
249 3
138 2
234 10
167 8
11 1
83 125
314 9
308 4
58 8
85 2
76 6
168 6
173 5
258 9
211 3
92 208
325 7
52 7
130 6
312 7
272 3
111 1
333 9
331 7
306 1
196 95
162 9
340 4
243 7
69 6
190 1
22 7
352 7
5 7
146 8
64 225
221 4
116 6
59 3
346 1
237 4
65 2
152 6
351 8
43 7
77 161
344 1
14 7
233 5
352 8
112 10
156 7
143 5
38 5
13 7
220 173
105 6
215 7
172 3
325 3
142 10
86 4
27 9
193 3
86 2
259 163
93 10
325 1
236 9
202 5
277 1
95 3
270 1
286 6
32 1
71 142
70 6
209 4
149 3
214 2
199 7
289 8
179 9
108 9
43 3
201 223
254 4
51 5
284 8
56 6
293 9
349 9
185 5
260 1
15 2
266 214
113 8
280 2
268 8
169 1
247 9
174 5
334 6
27 4
338 4
302 155
79 5
122 9
84 1
249 5
75 9
22 9
5 8
39 9
264 7
178 145
178 2
93 4
321 9
30 10
208 6
34 6
217 10
57 6
317 2
256 220
17 8
124 3
281 5
133 10
24 1
286 3
334 7
142 2
141 7
49 262
190 6
139 7
95 3
111 8
283 2
148 3
3 5
172 10
271 8
122 329
146 2
337 8
245 2
348 1
81 6
164 8
30 5
224 6
111 9
276 13
331 10
123 7
45 3
346 1
30 4
290 7
228 10
322 4
67 1
50 264
150 6
83 6
321 2
196 3
112 4
130 2
280 10
248 3
295 5
332 23
259 8
56 5
175 2
273 2
68 9
9 6
147 9
94 7
50 9
102 68
351 6
141 7
161 2
189 2
188 5
183 2
72 4
310 1
318 7
222 179
150 8
211 6
142 6
270 8
167 3
139 8
189 1
181 8
55 6
350 188
43 6
264 7
214 2
313 7
80 6
133 10
84 2
301 8
167 3
62 156
125 7
73 6
275 3
65 2
310 10
183 8
244 10
317 4
223 7
317 175
306 3
175 4
168 4
14 7
57 8
290 6
90 6
7 7
68 6
150 294
2 10
174 6
146 3
194 7
287 8
225 8
255 8
187 8
137 8
125 54
327 10
24 9
160 1
260 1
51 4
70 6
201 10
332 7
31 1
69 329
208 7
108 1
328 2
273 8
210 1
94 8
45 4
114 4
47 7
189 285
159 4
47 8
228 10
345 1
262 1
249 10
324 3
47 3
117 3
199 90
264 6
278 8
201 4
114 10
82 1
331 2
195 4
258 9
185 1
154 26
136 5
224 9
207 7
67 3
103 9
277 8
313 3
318 10
222 8
158 168
162 1
130 2
56 2
95 9
191 7
213 9
306 10
179 4
17 4
340 298
