263 1000
1 2
2 3
2 4
4 5
2 6
6 7
5 8
8 9
9 10
5 11
4 12
12 13
4 14
1 15
10 16
11 17
13 18
15 19
6 20
18 21
10 22
15 23
18 24
12 25
10 26
8 27
26 28
9 29
14 30
30 31
25 32
9 33
5 34
1 35
9 36
25 37
22 38
1 39
6 40
22 41
2 42
30 43
12 44
19 45
4 46
1 47
42 48
26 49
24 50
15 51
36 52
19 53
51 54
48 55
12 56
9 57
28 58
56 59
1 60
42 61
3 62
54 63
61 64
10 65
61 66
12 67
6 68
36 69
3 70
39 71
46 72
63 73
28 74
29 75
45 76
70 77
17 78
60 79
17 80
4 81
2 82
73 83
49 84
79 85
33 86
58 87
62 88
32 89
79 90
24 91
73 92
87 93
26 94
75 95
9 96
29 97
46 98
15 99
22 100
63 101
14 102
78 103
12 104
102 105
94 106
22 107
39 108
64 109
4 110
80 111
29 112
111 113
90 114
111 115
80 116
32 117
43 118
113 119
101 120
103 121
79 122
58 123
82 124
74 125
20 126
88 127
17 128
53 129
106 130
68 131
95 132
63 133
24 134
44 135
83 136
50 137
50 138
89 139
44 140
108 141
29 142
64 143
64 144
106 145
72 146
82 147
6 148
99 149
102 150
88 151
62 152
2 153
151 154
23 155
37 156
57 157
130 158
52 159
140 160
22 161
54 162
94 163
147 164
37 165
165 166
36 167
136 168
41 169
90 170
14 171
75 172
20 173
131 174
7 175
120 176
112 177
22 178
142 179
101 180
123 181
154 182
143 183
127 184
92 185
146 186
158 187
128 188
9 189
56 190
74 191
7 192
118 193
95 194
175 195
107 196
193 197
35 198
42 199
39 200
145 201
47 202
201 203
93 204
61 205
116 206
197 207
202 208
1 209
78 210
124 211
146 212
186 213
131 214
20 215
107 216
188 217
55 218
133 219
63 220
65 221
186 222
135 223
218 224
38 225
212 226
224 227
57 228
219 229
84 230
180 231
16 232
2 233
41 234
63 235
79 236
161 237
232 238
102 239
87 240
142 241
129 242
145 243
29 244
203 245
129 246
53 247
27 248
154 249
197 250
21 251
232 252
106 253
27 254
175 255
190 256
77 257
175 258
185 259
110 260
56 261
148 262
14 263
32 3
11 8
248 4
138 1
37 9
162 4
256 9
250 4
236 4
129 199
44 1
108 5
166 5
199 8
263 3
173 8
73 2
111 7
147 9
24 140
199 7
46 2
19 10
123 10
11 10
19 2
97 6
176 3
222 6
240 22
223 2
215 8
34 5
127 7
75 8
136 2
46 5
102 8
113 5
261 23
132 3
201 5
105 2
188 3
171 6
35 5
13 7
51 8
163 3
57 52
260 6
235 5
101 6
204 8
136 9
103 3
164 9
188 8
231 7
14 212
252 6
96 7
21 5
79 4
141 1
235 10
49 1
38 7
26 9
70 12
78 6
156 4
105 5
223 8
177 1
41 10
168 10
107 10
201 9
58 69
261 8
148 7
230 9
239 6
228 4
145 8
60 1
130 1
161 5
234 155
75 1
76 9
228 4
125 4
233 7
48 3
193 5
175 7
97 5
55 26
214 7
72 4
88 2
211 10
46 8
191 7
180 3
218 3
23 8
17 158
134 1
250 5
252 1
161 3
1 8
190 10
117 7
122 4
189 7
73 59
38 8
107 10
12 8
46 1
156 5
134 8
50 4
233 3
235 10
242 138
50 3
175 5
75 10
262 5
66 2
75 9
206 8
36 1
67 4
241 249
220 4
210 2
88 7
40 4
150 1
194 3
217 8
216 8
196 2
32 223
28 7
56 7
139 4
234 10
21 6
201 2
189 8
58 1
151 3
182 98
65 5
153 2
182 4
212 7
39 1
236 8
109 1
260 3
75 6
145 161
199 4
161 8
77 10
121 8
96 4
75 6
180 5
253 8
92 1
150 97
222 4
190 7
96 8
90 5
232 3
132 1
144 9
141 10
155 5
46 146
174 4
62 2
164 9
58 7
155 7
227 4
20 3
49 4
173 5
47 263
207 8
182 3
129 3
71 10
23 3
162 1
208 7
30 7
8 9
183 256
7 6
52 5
4 1
148 3
166 6
72 9
244 4
242 10
209 5
156 97
166 2
118 10
114 1
113 1
82 2
203 10
161 4
195 9
40 7
3 124
196 7
72 3
208 1
191 4
35 9
158 3
11 5
11 5
223 9
129 139
262 7
233 5
261 4
23 5
248 2
117 5
53 10
69 5
83 3
9 151
27 7
165 10
20 3
186 3
232 10
80 6
121 10
98 4
197 2
188 169
233 3
258 8
4 7
174 10
241 2
54 6
259 3
237 9
95 1
229 233
173 3
228 10
66 5
124 6
253 9
14 6
256 10
66 10
48 9
110 258
259 10
240 10
21 3
90 1
95 5
235 1
77 6
18 2
62 2
41 221
219 7
103 8
148 4
5 2
15 3
26 4
167 8
48 5
58 8
127 155
172 9
33 2
246 5
27 1
133 2
93 2
93 3
204 7
211 1
80 116
175 1
65 9
186 9
151 6
141 2
45 8
148 9
45 8
193 8
120 83
81 4
213 1
61 8
59 1
229 5
125 6
144 3
142 6
2 3
99 234
123 6
43 8
187 1
4 5
102 2
3 8
171 7
146 5
51 7
203 126
131 4
119 1
245 10
227 8
5 3
124 8
45 8
6 1
81 7
15 40
122 1
192 10
7 8
115 2
83 1
77 8
244 4
77 2
253 3
152 33
89 7
37 2
121 8
89 7
147 6
122 8
162 2
169 2
53 6
13 59
76 9
248 1
63 2
162 4
235 9
184 8
14 8
226 5
248 3
98 111
226 7
189 8
208 6
166 2
156 1
239 9
30 1
39 6
87 7
94 75
219 3
31 9
141 7
29 7
63 2
241 8
197 1
17 2
236 3
178 48
136 3
51 4
208 3
19 4
229 6
124 3
242 7
70 2
193 10
61 148
137 2
203 9
112 5
67 8
114 3
41 7
28 6
81 3
129 8
249 117
112 9
191 10
108 4
196 1
224 10
252 7
102 3
86 9
10 5
240 15
33 5
35 6
68 4
223 3
213 2
126 5
249 9
46 1
92 9
173 174
188 6
44 8
129 3
233 10
227 9
154 1
229 6
49 9
47 1
195 84
159 3
103 1
173 1
47 9
248 6
212 4
195 4
77 7
99 5
178 245
173 3
215 10
161 7
79 6
155 2
27 6
36 8
49 6
188 9
206 35
262 10
249 2
149 5
219 9
231 9
114 6
44 2
236 8
22 3
164 35
201 5
73 10
160 8
171 8
262 4
191 7
122 2
48 6
77 10
109 187
126 4
83 1
187 3
113 5
146 6
38 5
159 6
180 9
139 6
109 158
252 3
12 7
102 1
110 9
8 10
86 4
110 5
203 7
203 1
56 157
90 3
241 6
116 8
180 6
197 3
252 4
26 6
237 2
61 5
68 184
170 8
182 6
69 8
124 1
185 5
253 5
13 10
215 7
166 3
225 46
174 5
29 7
43 8
19 4
107 9
201 4
35 9
253 6
182 4
117 240
136 1
97 9
111 6
110 2
122 6
37 6
217 6
16 5
138 5
256 220
147 6
125 7
157 8
244 5
40 3
13 8
220 9
230 4
191 2
41 72
182 8
258 2
189 2
144 4
138 1
127 2
111 9
38 5
73 2
251 142
106 6
139 2
33 2
38 2
96 9
7 2
15 3
154 7
240 6
193 53
62 3
42 1
45 2
8 1
46 6
29 2
238 5
34 10
26 1
57 41
249 5
108 6
174 3
132 4
168 10
254 10
183 7
33 8
193 5
80 85
139 2
39 1
63 5
92 6
1 6
182 4
30 3
191 6
181 4
233 89
138 6
31 7
19 6
117 1
143 3
165 9
243 2
243 2
96 4
117 27
15 1
19 9
72 7
234 9
155 4
108 8
28 5
180 7
187 3
143 195
71 10
53 6
134 10
70 3
63 4
21 4
165 3
252 7
42 3
219 64
158 5
63 10
210 7
232 6
143 1
19 5
66 4
148 10
258 7
192 129
208 3
59 5
8 2
49 4
106 8
162 10
134 9
154 7
263 2
184 113
123 9
55 9
147 4
154 1
18 1
210 3
133 1
99 9
58 5
212 179
251 3
160 4
5 4
6 4
205 10
74 2
28 1
79 10
188 1
258 57
51 7
256 5
236 7
66 6
74 10
241 9
78 6
72 10
96 4
249 181
177 9
218 3
186 2
60 8
139 1
92 10
123 3
59 2
97 7
90 151
38 5
56 4
52 9
185 1
12 3
147 8
167 3
177 4
140 1
198 56
127 7
76 5
143 6
164 1
216 10
156 3
188 9
100 2
65 2
157 43
225 7
13 3
251 10
87 5
43 2
34 4
190 10
38 7
83 5
228 185
180 8
12 7
152 10
75 1
4 9
149 4
198 10
178 8
214 10
154 165
159 2
134 8
76 3
39 4
64 5
13 4
122 2
8 4
133 4
143 130
59 1
6 3
3 3
224 6
126 9
91 10
16 3
242 3
88 9
181 88
229 5
96 1
237 9
208 2
29 3
133 9
72 10
137 3
20 10
14 154
32 6
41 2
161 2
116 7
66 3
146 10
7 1
247 8
211 3
103 106
99 6
18 6
187 8
15 3
116 6
149 8
224 7
121 7
258 5
203 163
135 9
105 7
153 6
140 1
73 7
177 9
75 1
133 1
249 8
239 84
84 2
46 9
77 9
136 4
19 5
232 9
36 6
41 1
6 7
7 80
132 10
142 8
130 7
187 3
92 5
134 4
180 4
171 3
21 3
64 63
230 3
90 10
142 7
98 2
116 8
79 8
124 5
164 3
215 9
208 139
109 7
245 8
74 1
77 10
6 9
178 4
83 10
219 1
110 10
178 260
47 7
9 9
117 7
161 5
155 3
165 3
100 3
154 2
87 8
48 182
91 7
231 2
44 6
66 5
227 5
125 3
183 3
192 3
113 9
138 35
160 2
32 7
91 2
50 6
71 9
187 6
43 2
108 2
213 9
25 109
182 8
204 5
235 5
253 1
244 1
97 7
64 2
123 9
252 3
108 46
180 2
115 7
155 4
53 10
93 6
174 9
11 2
28 6
119 10
2 263
77 6
38 4
94 3
109 9
121 2
258 4
143 7
151 8
28 1
26 99
167 1
170 5
261 10
189 8
235 6
26 1
165 7
33 3
111 2
138 251
177 8
176 2
147 4
159 2
100 5
227 3
80 7
81 4
249 3
122 139
236 9
250 8
167 9
257 4
87 2
100 2
41 10
36 5
254 1
93 25
127 10
193 7
161 9
147 7
174 1
187 5
49 6
60 9
218 4
154 199
78 4
138 8
125 10
236 10
135 8
128 6
155 3
40 7
45 9
188 79
73 2
140 1
177 10
22 5
9 2
135 2
136 5
208 3
210 1
123 59
102 3
225 8
236 1
227 7
139 6
105 2
38 10
123 6
116 4
222 79
12 1
120 5
51 8
151 10
240 4
67 3
245 1
1 10
35 5
245 174
216 7
213 1
195 6
179 7
162 2
246 5
53 1
256 9
96 2
19 141
174 9
18 7
242 6
68 4
136 9
72 5
212 10
222 2
233 9
252 88
