676 1000
1 2
1 3
2 4
4 5
3 6
3 7
1 8
8 9
6 10
1 11
7 12
7 13
5 14
6 15
12 16
6 17
17 18
1 19
7 20
7 21
17 22
5 23
6 24
19 25
13 26
18 27
5 28
25 29
9 30
17 31
22 32
22 33
25 34
16 35
35 36
2 37
7 38
20 39
15 40
1 41
31 42
33 43
41 44
15 45
41 46
28 47
31 48
48 49
49 50
41 51
30 52
41 53
17 54
50 55
34 56
10 57
14 58
9 59
31 60
8 61
56 62
54 63
25 64
6 65
57 66
15 67
42 68
55 69
34 70
36 71
14 72
11 73
20 74
42 75
52 76
48 77
23 78
35 79
20 80
50 81
64 82
76 83
5 84
49 85
3 86
47 87
69 88
70 89
80 90
43 91
17 92
36 93
19 94
36 95
74 96
83 97
86 98
85 99
56 100
87 101
72 102
37 103
69 104
71 105
50 106
49 107
79 108
53 109
82 110
80 111
92 112
18 113
50 114
9 115
25 116
80 117
2 118
91 119
111 120
87 121
49 122
36 123
74 124
101 125
89 126
46 127
111 128
58 129
19 130
21 131
109 132
61 133
7 134
86 135
8 136
11 137
72 138
94 139
120 140
84 141
124 142
84 143
118 144
67 145
10 146
26 147
65 148
90 149
128 150
94 151
42 152
86 153
101 154
7 155
125 156
54 157
55 158
71 159
81 160
93 161
90 162
123 163
43 164
156 165
112 166
156 167
51 168
151 169
127 170
156 171
4 172
128 173
66 174
138 175
87 176
165 177
114 178
139 179
81 180
62 181
21 182
101 183
111 184
69 185
96 186
121 187
100 188
66 189
76 190
162 191
152 192
74 193
185 194
107 195
168 196
172 197
104 198
121 199
86 200
84 201
175 202
129 203
44 204
180 205
138 206
86 207
101 208
105 209
188 210
104 211
10 212
155 213
107 214
70 215
187 216
9 217
107 218
172 219
171 220
7 221
124 222
94 223
176 224
179 225
146 226
74 227
89 228
148 229
152 230
26 231
58 232
178 233
125 234
222 235
208 236
156 237
126 238
10 239
49 240
98 241
105 242
118 243
57 244
35 245
10 246
217 247
221 248
188 249
4 250
18 251
51 252
161 253
25 254
90 255
159 256
201 257
2 258
230 259
165 260
116 261
217 262
262 263
249 264
216 265
19 266
104 267
81 268
201 269
257 270
29 271
105 272
191 273
167 274
232 275
248 276
138 277
18 278
8 279
121 280
151 281
13 282
23 283
232 284
127 285
210 286
120 287
200 288
50 289
281 290
13 291
231 292
99 293
120 294
32 295
66 296
148 297
61 298
51 299
133 300
259 301
71 302
103 303
109 304
265 305
128 306
122 307
238 308
14 309
278 310
174 311
112 312
138 313
132 314
190 315
12 316
43 317
39 318
86 319
130 320
28 321
296 322
76 323
154 324
205 325
179 326
220 327
225 328
290 329
224 330
262 331
260 332
241 333
59 334
146 335
141 336
75 337
308 338
296 339
244 340
272 341
318 342
207 343
343 344
214 345
196 346
13 347
77 348
113 349
242 350
291 351
207 352
248 353
324 354
283 355
190 356
71 357
292 358
206 359
272 360
210 361
283 362
240 363
288 364
174 365
352 366
264 367
54 368
343 369
180 370
49 371
201 372
92 373
225 374
215 375
127 376
19 377
147 378
4 379
140 380
247 381
295 382
147 383
358 384
121 385
146 386
16 387
122 388
155 389
217 390
313 391
182 392
215 393
265 394
154 395
380 396
98 397
393 398
9 399
108 400
284 401
328 402
328 403
353 404
88 405
225 406
87 407
234 408
267 409
158 410
52 411
329 412
316 413
389 414
382 415
48 416
145 417
141 418
411 419
131 420
22 421
124 422
382 423
91 424
297 425
227 426
149 427
83 428
424 429
28 430
255 431
311 432
292 433
232 434
81 435
75 436
36 437
292 438
320 439
258 440
184 441
190 442
89 443
101 444
102 445
400 446
92 447
268 448
4 449
339 450
118 451
137 452
330 453
438 454
377 455
106 456
381 457
343 458
408 459
126 460
167 461
300 462
25 463
391 464
123 465
381 466
283 467
111 468
354 469
355 470
158 471
280 472
112 473
273 474
223 475
343 476
294 477
321 478
67 479
410 480
76 481
112 482
170 483
277 484
58 485
466 486
407 487
108 488
16 489
477 490
136 491
201 492
391 493
423 494
437 495
427 496
159 497
81 498
344 499
40 500
252 501
454 502
80 503
130 504
428 505
286 506
251 507
433 508
85 509
410 510
289 511
2 512
227 513
481 514
190 515
418 516
516 517
386 518
124 519
141 520
126 521
292 522
317 523
124 524
301 525
494 526
326 527
329 528
231 529
162 530
396 531
520 532
141 533
518 534
389 535
11 536
108 537
285 538
106 539
167 540
270 541
501 542
373 543
105 544
47 545
205 546
161 547
496 548
166 549
132 550
494 551
174 552
226 553
479 554
345 555
205 556
377 557
135 558
529 559
159 560
451 561
17 562
328 563
487 564
151 565
56 566
97 567
88 568
389 569
33 570
154 571
243 572
221 573
6 574
441 575
266 576
95 577
108 578
149 579
287 580
134 581
514 582
313 583
41 584
278 585
460 586
122 587
106 588
94 589
392 590
320 591
341 592
343 593
270 594
395 595
141 596
242 597
357 598
573 599
576 600
70 601
311 602
213 603
149 604
438 605
567 606
297 607
41 608
315 609
387 610
509 611
394 612
189 613
16 614
271 615
134 616
378 617
404 618
387 619
497 620
433 621
550 622
38 623
583 624
452 625
200 626
144 627
518 628
176 629
62 630
75 631
278 632
394 633
513 634
592 635
505 636
27 637
331 638
327 639
277 640
392 641
339 642
297 643
419 644
390 645
340 646
396 647
86 648
56 649
583 650
636 651
193 652
264 653
116 654
458 655
377 656
95 657
108 658
58 659
167 660
140 661
603 662
553 663
42 664
201 665
483 666
331 667
660 668
605 669
78 670
278 671
53 672
564 673
318 674
528 675
50 676
644 5
168 10
3 1
378 1
16 1
664 10
52 4
530 2
483 1
229 600
125 4
505 8
154 5
179 6
37 6
367 7
327 1
41 8
587 1
149 200
584 10
574 2
605 4
655 9
522 8
365 5
536 9
15 10
346 3
270 533
209 9
22 3
54 6
231 9
510 2
621 8
402 1
467 4
271 8
133 429
667 3
487 2
72 5
288 8
195 7
413 6
466 10
356 4
473 5
535 538
92 3
454 9
639 7
650 6
560 7
242 4
431 6
151 4
296 2
646 392
374 2
73 7
569 10
130 10
360 9
327 1
336 8
442 7
271 8
136 437
271 1
190 7
342 6
162 5
270 10
631 1
599 7
110 4
352 1
574 363
647 10
256 7
328 3
279 3
180 8
502 2
332 1
206 8
588 2
607 558
69 2
44 2
107 9
671 3
593 9
588 4
28 10
270 7
129 3
255 336
35 8
147 10
404 2
333 10
619 2
94 10
448 7
423 5
251 2
577 172
595 6
598 9
569 5
573 9
116 10
356 9
569 8
626 3
649 8
511 54
647 10
554 1
180 5
339 4
207 9
383 8
604 8
255 3
580 8
330 552
384 9
320 8
177 9
426 10
531 10
347 3
296 9
431 5
146 7
279 569
573 6
639 4
504 4
188 9
106 10
567 4
576 5
323 7
214 6
176 478
266 6
80 3
211 1
336 10
534 10
144 6
623 10
587 5
52 3
62 216
556 4
118 8
639 1
482 8
477 1
179 4
240 8
22 2
456 10
470 245
580 5
238 9
600 8
435 2
192 1
502 1
276 3
419 6
287 2
116 81
187 4
287 7
464 3
202 6
43 1
193 1
449 9
636 3
84 4
36 397
420 1
30 8
224 6
615 2
388 3
196 10
86 5
357 9
581 6
404 262
535 6
295 4
277 3
526 10
540 4
512 1
666 7
32 6
414 2
517 645
31 1
33 6
596 9
564 4
366 1
8 10
276 3
144 6
218 5
610 609
199 7
402 1
191 3
630 9
151 3
231 9
376 2
523 6
602 2
144 131
465 10
539 1
426 1
90 4
266 8
345 10
668 7
583 9
116 8
351 493
441 8
280 8
181 2
308 5
177 1
633 4
318 3
137 5
281 10
612 471
480 5
335 7
566 4
74 1
653 5
280 1
500 9
519 4
603 2
417 208
601 7
124 10
173 7
102 7
73 1
217 3
465 4
347 3
541 10
289 596
421 4
398 8
253 5
9 7
653 1
127 2
295 5
608 6
378 2
105 146
51 3
550 5
430 3
4 8
151 7
617 8
176 7
47 7
3 4
491 580
673 10
410 2
125 7
229 3
642 5
658 2
536 10
206 7
217 2
107 590
479 8
411 9
472 5
359 6
457 8
17 9
577 10
320 6
68 5
78 108
168 4
341 4
242 3
563 2
140 4
385 7
109 9
629 9
249 9
515 600
360 5
636 4
508 7
64 9
399 5
662 10
21 7
530 4
562 5
232 610
225 2
486 7
527 2
380 2
536 8
628 2
99 3
626 4
44 8
448 17
206 2
478 7
167 6
639 10
385 5
214 10
487 4
311 6
531 4
605 561
309 5
490 2
251 9
493 5
125 7
554 4
641 4
88 2
286 7
617 104
276 8
365 10
123 4
656 7
106 8
170 2
554 1
449 8
539 3
341 623
62 7
530 5
62 5
119 6
483 2
492 1
672 8
398 6
670 1
373 501
439 8
431 10
540 8
331 10
564 6
633 9
160 8
119 6
285 3
194 540
626 5
178 5
95 2
412 2
353 5
336 2
178 7
63 5
628 9
153 258
299 10
541 4
471 4
456 3
263 8
27 4
469 4
101 9
381 1
513 226
16 1
302 2
29 8
248 4
269 1
588 2
283 6
589 1
610 2
215 459
336 9
326 1
179 5
334 8
470 3
460 2
204 6
551 8
657 4
588 91
545 6
624 1
539 2
619 7
325 5
87 7
50 8
337 2
236 1
80 446
308 9
532 1
68 4
201 10
61 3
341 1
44 9
416 9
565 7
637 649
584 6
147 6
120 10
70 5
30 4
493 8
604 6
44 9
515 6
215 588
467 3
173 8
68 3
530 1
373 7
563 8
298 7
476 9
544 6
447 675
216 3
163 3
605 2
71 4
76 4
531 7
201 7
310 3
444 1
465 169
539 10
474 8
228 2
190 9
73 7
492 6
369 9
620 7
19 8
270 66
23 5
276 6
259 2
240 9
185 3
307 5
100 4
47 8
406 2
491 431
457 1
405 8
316 3
137 8
582 3
497 1
432 2
403 5
110 3
625 112
366 7
608 3
597 3
346 7
298 7
95 9
246 4
4 10
193 5
555 242
648 1
129 3
94 1
190 10
230 1
228 7
54 2
182 10
606 7
553 230
93 8
297 4
377 9
222 4
33 6
190 10
457 6
108 8
316 1
236 310
658 4
87 10
669 9
225 7
393 6
360 9
521 6
393 5
270 6
646 553
652 10
241 6
456 4
675 7
267 1
605 9
638 2
336 3
346 8
570 404
590 4
362 1
262 4
102 4
341 3
6 1
330 4
484 2
232 7
455 335
390 3
452 10
92 7
551 1
224 2
309 9
500 3
419 7
447 9
604 595
589 9
248 8
216 2
632 4
359 2
342 9
453 9
162 1
654 7
11 296
128 2
79 10
458 7
652 7
364 10
400 10
612 7
628 5
525 10
640 621
638 9
24 3
147 4
189 10
566 9
368 3
523 5
322 1
451 10
386 364
458 4
85 5
111 9
582 8
237 6
191 7
276 7
222 10
13 8
461 68
151 5
182 10
439 10
161 4
591 4
650 3
568 5
572 1
366 7
409 273
649 6
189 9
253 7
504 5
534 7
503 4
369 6
361 5
217 8
60 214
628 4
526 5
163 7
90 7
485 3
424 9
346 2
665 7
209 7
366 520
490 8
55 8
307 3
190 3
252 1
208 7
205 9
464 8
125 8
568 520
669 7
536 1
337 7
652 4
26 1
634 10
539 5
132 3
354 1
188 670
14 8
470 9
362 9
296 4
453 1
493 2
195 7
404 4
505 5
165 358
596 2
483 4
170 1
476 7
370 4
572 7
108 4
386 8
264 5
638 16
269 4
230 3
123 9
496 2
378 6
645 6
518 5
382 10
521 6
171 482
415 10
286 1
318 2
31 5
334 5
87 1
524 4
434 7
399 7
143 52
570 5
6 2
368 6
143 6
381 8
267 7
150 2
179 6
477 3
346 675
470 8
134 4
177 4
656 9
34 9
279 10
302 4
58 5
100 4
674 653
7 2
589 5
85 5
446 6
413 8
310 6
131 7
568 9
402 5
201 247
658 8
208 4
88 1
443 10
512 9
383 1
492 8
224 4
283 8
50 658
154 10
462 4
203 6
204 9
262 4
102 7
489 8
97 2
476 7
413 624
621 7
152 1
262 8
161 10
286 5
69 8
514 6
444 7
447 8
591 193
98 2
367 4
160 5
347 10
598 5
499 8
572 3
51 4
629 10
452 318
478 5
134 1
640 8
377 8
192 8
96 9
511 1
78 3
443 10
470 310
359 9
673 4
83 3
369 3
478 4
377 5
373 10
627 2
305 8
632 185
625 3
386 2
536 10
547 10
307 7
410 8
224 3
313 5
33 4
511 273
449 5
72 6
27 4
381 6
257 9
129 2
303 2
151 5
522 3
419 551
549 10
160 7
319 2
87 1
312 8
432 4
551 6
78 8
20 8
410 489
166 6
24 3
676 10
383 10
365 4
569 1
437 8
33 9
507 6
87 267
181 8
485 7
227 8
141 4
166 9
246 3
488 8
31 1
506 9
659 451
314 10
421 1
560 3
110 10
180 7
44 10
229 1
115 5
304 10
619 567
166 3
40 8
364 1
608 5
5 7
315 10
95 8
173 3
136 6
464 308
215 7
380 9
237 1
190 9
147 7
140 7
32 3
346 10
147 7
354 236
414 5
434 4
576 9
638 2
286 1
26 10
643 6
318 6
522 6
329 137
536 6
646 10
564 4
652 3
467 7
542 1
489 1
45 6
93 1
296 435
409 10
132 8
53 9
433 7
302 1
434 2
365 2
115 1
116 5
338 675
548 5
323 10
387 6
619 3
83 6
59 6
551 7
261 10
503 6
390 447
323 3
470 4
640 8
16 8
229 1
305 3
25 10
571 6
311 4
193 130
591 5
541 9
580 8
125 3
257 6
536 3
67 5
240 3
380 2
13 271
5 4
266 7
317 9
222 3
208 2
282 1
331 10
178 2
44 4
41 652
479 2
316 9
51 7
513 7
78 6
516 10
549 10
155 4
554 6
217 164
462 4
150 8
140 8
237 9
9 3
91 5
667 5
482 5
267 2
262 397
456 4
197 8
421 5
239 4
15 5
351 4
219 10
507 2
242 3
610 388
14 10
56 4
237 4
344 7
62 7
171 5
178 8
211 6
153 1
364 173
555 6
101 9
73 6
260 7
594 2
138 6
340 9
26 9
335 1
357 601
