302 1000
1 2
2 3
3 4
2 5
3 6
1 7
5 8
2 9
1 10
9 11
4 12
11 13
13 14
9 15
12 16
10 17
16 18
7 19
5 20
19 21
11 22
9 23
11 24
14 25
3 26
19 27
17 28
23 29
17 30
27 31
15 32
21 33
16 34
17 35
4 36
14 37
22 38
32 39
26 40
24 41
16 42
13 43
25 44
40 45
27 46
7 47
24 48
31 49
48 50
24 51
22 52
27 53
8 54
54 55
30 56
19 57
19 58
23 59
43 60
54 61
11 62
46 63
14 64
6 65
8 66
65 67
1 68
68 69
44 70
55 71
44 72
69 73
43 74
6 75
48 76
35 77
30 78
9 79
41 80
46 81
79 82
40 83
17 84
10 85
5 86
53 87
46 88
57 89
25 90
69 91
16 92
8 93
34 94
33 95
59 96
41 97
26 98
90 99
8 100
27 101
62 102
55 103
90 104
17 105
94 106
46 107
96 108
54 109
40 110
52 111
14 112
33 113
4 114
10 115
14 116
97 117
91 118
76 119
14 120
60 121
31 122
90 123
30 124
31 125
38 126
114 127
108 128
121 129
121 130
79 131
55 132
105 133
7 134
17 135
126 136
45 137
41 138
52 139
19 140
33 141
10 142
18 143
14 144
48 145
125 146
66 147
107 148
10 149
95 150
2 151
112 152
11 153
120 154
132 155
53 156
64 157
49 158
76 159
23 160
137 161
23 162
146 163
23 164
14 165
150 166
117 167
28 168
65 169
130 170
108 171
34 172
106 173
131 174
171 175
16 176
81 177
25 178
48 179
101 180
51 181
111 182
9 183
113 184
172 185
184 186
72 187
84 188
3 189
118 190
180 191
41 192
126 193
181 194
153 195
14 196
140 197
167 198
43 199
21 200
49 201
156 202
191 203
134 204
102 205
179 206
74 207
82 208
197 209
186 210
83 211
62 212
72 213
3 214
180 215
158 216
24 217
92 218
167 219
21 220
7 221
62 222
92 223
26 224
108 225
146 226
58 227
220 228
92 229
40 230
230 231
143 232
178 233
92 234
19 235
170 236
218 237
51 238
75 239
63 240
206 241
237 242
98 243
56 244
193 245
171 246
7 247
6 248
193 249
238 250
20 251
76 252
93 253
218 254
91 255
185 256
159 257
124 258
192 259
52 260
230 261
136 262
62 263
243 264
157 265
200 266
42 267
239 268
6 269
80 270
161 271
112 272
99 273
263 274
48 275
205 276
209 277
186 278
122 279
197 280
205 281
57 282
279 283
44 284
204 285
73 286
45 287
92 288
124 289
110 290
197 291
144 292
159 293
189 294
285 295
81 296
287 297
117 298
40 299
32 300
21 301
69 302
9 3
4 2
114 1
69 8
52 10
104 7
143 4
182 1
24 9
113 119
130 6
219 5
15 7
291 10
15 10
1 5
32 9
128 6
114 9
188 297
300 6
231 5
149 3
31 7
69 6
218 8
261 10
213 3
17 8
136 183
166 6
119 3
171 6
299 9
160 1
18 10
219 5
119 3
21 2
164 264
59 3
267 10
127 5
254 1
46 10
159 10
134 4
60 9
195 7
70 130
191 1
168 5
75 10
54 4
122 10
175 4
66 7
59 4
143 4
11 52
208 7
86 7
63 3
282 1
154 6
189 8
125 6
108 6
296 5
294 30
94 4
155 1
272 4
211 7
139 7
257 2
141 1
100 9
230 9
124 99
292 1
42 1
44 3
151 5
35 10
55 5
270 8
135 5
9 7
39 242
87 10
177 4
85 6
293 7
190 9
85 8
291 6
282 4
164 4
75 213
262 1
168 1
240 8
165 7
37 9
180 8
220 7
223 2
186 1
246 249
152 5
149 2
230 10
143 3
277 2
154 1
287 4
15 5
190 2
229 210
224 2
82 9
119 3
6 5
225 9
159 5
13 2
194 1
77 6
33 138
278 8
152 2
198 1
246 10
156 3
3 5
283 3
5 7
176 5
77 247
297 7
5 6
154 1
47 4
101 1
89 6
158 8
275 6
220 9
18 186
250 4
146 2
5 1
249 6
201 4
270 8
105 1
54 4
57 10
216 234
140 2
249 10
127 2
92 7
282 3
251 6
188 1
213 1
42 2
227 191
248 9
273 3
54 1
188 5
116 9
3 7
282 6
302 9
104 9
173 261
29 7
299 10
235 6
82 10
162 8
267 2
35 8
301 7
142 7
97 26
134 5
295 3
272 2
86 2
156 7
87 8
26 4
42 6
152 8
124 85
236 8
33 8
84 3
167 9
53 8
228 6
257 4
87 8
89 9
271 287
191 7
12 3
297 2
241 1
29 2
132 10
193 10
5 2
208 8
236 40
273 8
185 2
267 3
31 7
3 3
224 1
161 5
146 5
150 5
202 227
119 8
254 8
138 7
238 3
159 9
204 1
179 1
107 9
220 7
147 221
50 8
136 9
211 2
250 10
215 1
25 7
163 2
260 5
217 4
233 269
31 3
216 6
69 5
22 3
8 8
239 8
122 8
202 4
281 7
275 115
233 8
150 7
34 7
78 9
215 2
58 2
192 6
134 4
26 5
255 35
206 8
244 3
213 10
158 1
153 3
109 3
222 1
297 10
192 3
193 109
126 1
115 3
128 9
102 1
248 9
7 3
284 6
19 6
144 5
241 284
16 10
238 6
271 7
136 3
65 3
114 3
123 3
77 10
16 2
180 188
44 7
59 9
84 9
88 5
91 6
196 6
205 1
167 2
257 8
100 171
99 2
2 9
26 4
79 8
291 7
281 7
114 4
10 4
240 8
110 202
298 4
131 10
299 8
210 9
80 10
71 2
86 6
144 8
139 4
98 91
51 4
96 9
79 10
72 8
301 4
242 9
165 9
17 3
120 2
65 55
197 4
98 2
128 9
39 7
225 10
138 8
99 3
23 4
57 2
274 21
290 5
128 1
163 5
73 1
230 9
153 5
265 7
202 1
149 2
211 270
90 8
42 9
159 9
206 1
17 2
127 7
73 1
97 9
288 3
2 293
109 1
301 8
116 5
132 5
121 3
47 8
184 9
144 2
27 6
64 14
67 9
261 8
93 6
182 2
302 10
221 1
40 7
117 3
24 3
108 45
85 7
9 6
237 8
257 2
91 5
126 7
245 6
119 3
5 2
139 24
30 2
232 6
80 7
100 3
141 8
74 3
222 1
161 4
250 2
261 274
287 9
270 1
99 7
84 2
5 10
95 7
302 1
229 4
253 7
243 198
135 8
108 7
30 2
216 10
246 6
140 9
55 2
72 7
245 9
30 77
46 2
178 4
176 5
281 5
96 3
264 4
6 1
108 5
56 2
159 157
90 8
73 4
124 5
42 6
28 9
190 3
82 1
290 5
108 10
290 160
129 7
296 5
187 4
170 5
155 8
250 10
257 2
179 1
282 10
19 260
279 8
139 9
166 9
113 8
228 3
16 1
205 10
286 5
259 6
226 198
87 7
62 7
156 3
171 4
11 1
87 1
79 4
119 6
39 3
52 140
262 4
291 4
205 10
140 10
268 6
57 10
59 3
30 5
112 9
87 216
243 3
15 8
233 1
36 1
247 9
27 6
267 7
79 8
46 4
74 163
43 1
68 10
113 8
76 4
229 6
198 4
230 4
168 4
14 5
221 48
194 8
134 10
189 8
141 2
278 2
245 1
89 10
193 2
189 10
266 225
235 5
81 4
188 4
7 6
238 1
261 3
163 3
122 4
262 1
182 77
119 10
226 2
111 8
268 8
42 8
41 3
158 4
114 4
59 5
196 225
111 7
266 4
295 2
73 3
47 9
214 3
11 5
168 4
274 7
170 219
89 3
143 5
153 9
171 5
263 7
242 8
196 4
46 7
228 3
181 151
137 1
43 2
212 3
276 1
10 4
29 3
101 10
117 4
267 7
275 257
180 1
131 8
67 10
131 6
221 10
200 2
76 8
245 8
4 10
267 12
246 2
82 1
262 8
117 10
115 6
84 8
115 10
78 8
236 6
160 79
41 8
148 8
200 4
11 10
67 8
180 3
129 5
11 9
263 6
46 243
63 2
274 6
120 2
81 4
130 2
17 8
181 7
32 2
53 9
248 250
245 5
92 8
40 8
89 7
272 3
206 6
95 7
71 1
57 5
268 211
17 8
254 2
273 7
2 9
113 4
154 9
158 3
109 4
273 6
26 48
195 2
184 4
121 1
301 8
31 6
135 6
298 2
298 1
142 7
234 230
64 7
86 2
237 8
62 2
33 9
154 7
100 8
7 3
58 3
199 41
69 10
204 6
302 10
159 1
188 7
291 5
102 9
159 8
210 4
80 216
113 4
16 8
123 4
134 9
180 5
12 10
170 5
228 2
299 6
292 46
294 7
174 1
249 1
163 1
164 8
267 6
179 1
271 2
234 4
61 86
26 4
282 4
191 8
123 10
259 9
38 5
69 5
23 8
157 5
206 207
178 8
74 3
289 1
186 8
241 5
215 2
167 6
33 2
166 9
266 70
117 7
13 6
33 8
1 3
42 4
246 2
171 4
44 9
227 4
130 154
218 7
266 10
76 8
180 5
59 6
163 3
197 7
286 7
97 1
249 248
217 10
136 9
130 2
285 7
206 2
106 4
194 4
26 5
186 5
216 50
273 2
24 9
7 1
74 8
99 2
218 5
279 1
134 5
45 10
288 99
135 4
283 7
220 3
179 1
229 5
189 5
178 6
69 5
271 4
297 263
210 7
268 5
12 5
285 8
180 10
116 6
263 6
134 6
209 7
57 111
247 6
176 8
5 7
48 4
132 7
222 1
240 7
114 8
236 9
120 40
279 8
19 3
55 2
184 4
296 5
10 1
53 5
147 2
90 8
245 280
78 9
226 4
182 8
240 6
173 10
121 3
63 6
141 7
244 3
199 129
68 10
262 10
104 10
131 7
71 3
44 1
274 9
53 6
91 3
265 26
129 1
175 1
179 10
61 7
59 8
176 3
101 2
273 6
222 9
32 11
302 4
254 6
59 9
112 1
18 10
284 4
20 4
273 9
165 4
126 72
149 4
118 3
12 10
39 7
296 10
212 9
147 9
3 2
21 3
50 276
287 2
43 8
77 10
122 9
281 3
55 6
168 5
179 1
109 5
221 105
100 2
242 1
153 3
232 10
274 7
254 7
230 6
19 5
95 3
139 70
217 8
194 5
236 2
8 10
126 4
171 5
5 1
254 5
182 1
2 253
217 10
110 2
57 4
22 7
156 1
153 4
86 7
49 8
28 6
94 39
8 8
253 6
28 8
301 4
38 4
44 5
302 8
110 1
155 4
95 140
249 7
294 6
213 10
261 8
227 8
118 5
159 1
111 2
281 4
171 246
248 9
57 8
160 6
142 3
282 1
204 1
212 5
259 2
84 1
161 22
36 7
161 2
258 9
163 2
213 7
203 2
166 5
52 7
40 9
89 27
97 10
133 5
57 4
295 6
72 5
87 5
290 7
213 2
157 9
42 207
121 1
280 4
98 3
81 4
66 3
117 4
293 9
226 7
18 7
109 77
293 5
105 6
287 8
83 6
255 4
245 1
2 10
148 7
24 10
219 78
249 8
223 2
148 8
65 2
180 4
20 5
77 3
175 9
250 4
92 76
156 9
130 4
23 3
256 5
295 7
29 10
242 3
216 7
87 5
189 163
19 5
261 7
95 4
241 8
114 4
259 9
122 6
113 6
217 7
280 121
149 8
199 2
255 10
158 1
138 3
193 7
285 4
95 6
84 3
105 100
234 8
266 7
141 10
146 9
150 6
90 6
291 3
173 3
296 2
291 194
131 10
95 1
276 9
265 9
143 6
75 8
23 6
86 4
186 7
113 220
