880 1000
1 2
2 3
1 4
2 5
1 6
5 7
1 8
3 9
4 10
4 11
7 12
1 13
4 14
11 15
1 16
7 17
3 18
18 19
17 20
7 21
14 22
6 23
20 24
20 25
15 26
1 27
27 28
2 29
5 30
9 31
16 32
20 33
17 34
30 35
32 36
15 37
13 38
3 39
32 40
31 41
15 42
29 43
22 44
30 45
20 46
11 47
35 48
39 49
41 50
31 51
47 52
15 53
8 54
38 55
47 56
33 57
37 58
45 59
39 60
20 61
47 62
23 63
41 64
8 65
48 66
10 67
36 68
27 69
23 70
68 71
63 72
52 73
64 74
67 75
21 76
42 77
19 78
77 79
34 80
78 81
73 82
19 83
46 84
17 85
73 86
60 87
25 88
23 89
31 90
64 91
13 92
67 93
26 94
18 95
93 96
94 97
51 98
3 99
87 100
13 101
14 102
94 103
57 104
104 105
9 106
99 107
60 108
36 109
44 110
98 111
9 112
79 113
78 114
89 115
104 116
98 117
73 118
44 119
28 120
74 121
109 122
28 123
114 124
36 125
120 126
77 127
98 128
109 129
126 130
76 131
121 132
41 133
15 134
34 135
71 136
53 137
81 138
35 139
118 140
26 141
10 142
36 143
79 144
100 145
70 146
58 147
5 148
80 149
78 150
126 151
118 152
99 153
60 154
31 155
112 156
128 157
91 158
25 159
20 160
15 161
148 162
32 163
118 164
32 165
87 166
116 167
128 168
14 169
128 170
122 171
37 172
142 173
79 174
94 175
150 176
23 177
160 178
122 179
165 180
131 181
120 182
79 183
113 184
46 185
42 186
21 187
156 188
168 189
52 190
173 191
154 192
89 193
156 194
129 195
83 196
85 197
56 198
20 199
143 200
28 201
97 202
93 203
135 204
61 205
19 206
117 207
98 208
108 209
124 210
15 211
141 212
176 213
123 214
163 215
149 216
164 217
181 218
76 219
141 220
180 221
43 222
134 223
110 224
110 225
151 226
87 227
120 228
4 229
95 230
45 231
112 232
185 233
81 234
224 235
50 236
17 237
102 238
37 239
104 240
240 241
130 242
138 243
151 244
166 245
182 246
240 247
133 248
114 249
4 250
8 251
101 252
57 253
138 254
112 255
77 256
39 257
44 258
237 259
200 260
210 261
211 262
111 263
252 264
227 265
3 266
213 267
170 268
4 269
179 270
126 271
225 272
141 273
253 274
53 275
109 276
129 277
243 278
118 279
56 280
5 281
118 282
80 283
227 284
106 285
227 286
210 287
280 288
117 289
130 290
85 291
128 292
22 293
74 294
15 295
20 296
79 297
165 298
249 299
68 300
300 301
192 302
212 303
154 304
11 305
232 306
248 307
151 308
20 309
3 310
172 311
173 312
254 313
2 314
123 315
298 316
159 317
217 318
304 319
68 320
316 321
22 322
31 323
26 324
20 325
80 326
170 327
213 328
59 329
183 330
276 331
38 332
261 333
277 334
55 335
109 336
318 337
283 338
96 339
283 340
193 341
110 342
25 343
122 344
127 345
18 346
43 347
161 348
259 349
37 350
265 351
158 352
263 353
231 354
314 355
229 356
108 357
275 358
38 359
44 360
275 361
252 362
152 363
6 364
270 365
269 366
249 367
12 368
242 369
354 370
41 371
119 372
254 373
346 374
179 375
313 376
275 377
9 378
220 379
360 380
266 381
106 382
188 383
360 384
227 385
347 386
233 387
62 388
229 389
261 390
266 391
279 392
132 393
384 394
141 395
45 396
139 397
117 398
262 399
272 400
186 401
318 402
318 403
397 404
216 405
95 406
320 407
30 408
270 409
43 410
62 411
55 412
171 413
23 414
213 415
352 416
183 417
34 418
387 419
319 420
393 421
357 422
191 423
336 424
73 425
56 426
403 427
128 428
351 429
413 430
123 431
280 432
124 433
316 434
415 435
242 436
295 437
171 438
204 439
109 440
185 441
34 442
381 443
67 444
136 445
30 446
41 447
241 448
23 449
45 450
435 451
192 452
437 453
317 454
113 455
5 456
295 457
20 458
311 459
26 460
256 461
193 462
286 463
228 464
321 465
437 466
53 467
139 468
212 469
366 470
292 471
348 472
101 473
222 474
237 475
410 476
105 477
38 478
454 479
436 480
38 481
115 482
402 483
380 484
66 485
432 486
441 487
84 488
279 489
358 490
246 491
180 492
327 493
317 494
472 495
48 496
92 497
57 498
200 499
360 500
302 501
109 502
375 503
174 504
502 505
61 506
360 507
243 508
57 509
252 510
367 511
351 512
342 513
473 514
120 515
221 516
448 517
63 518
405 519
121 520
383 521
125 522
418 523
459 524
207 525
437 526
215 527
281 528
288 529
268 530
371 531
241 532
281 533
211 534
220 535
111 536
468 537
352 538
492 539
164 540
49 541
228 542
531 543
431 544
107 545
333 546
519 547
293 548
310 549
500 550
255 551
469 552
81 553
266 554
99 555
342 556
2 557
513 558
489 559
190 560
525 561
237 562
77 563
44 564
213 565
532 566
147 567
8 568
22 569
389 570
457 571
482 572
219 573
480 574
286 575
484 576
429 577
478 578
258 579
503 580
385 581
95 582
148 583
568 584
458 585
537 586
396 587
329 588
123 589
456 590
245 591
393 592
297 593
325 594
381 595
463 596
94 597
534 598
592 599
122 600
350 601
407 602
201 603
36 604
491 605
596 606
294 607
522 608
174 609
483 610
570 611
182 612
594 613
154 614
86 615
575 616
454 617
235 618
485 619
337 620
326 621
201 622
460 623
458 624
161 625
161 626
536 627
249 628
322 629
211 630
46 631
160 632
189 633
26 634
358 635
34 636
571 637
258 638
44 639
468 640
391 641
200 642
276 643
333 644
410 645
123 646
313 647
470 648
441 649
330 650
579 651
390 652
523 653
298 654
527 655
71 656
492 657
635 658
164 659
466 660
259 661
437 662
78 663
119 664
287 665
372 666
106 667
14 668
255 669
110 670
559 671
430 672
641 673
429 674
150 675
36 676
564 677
578 678
107 679
81 680
264 681
678 682
177 683
111 684
474 685
173 686
609 687
293 688
236 689
463 690
527 691
577 692
586 693
555 694
667 695
39 696
39 697
529 698
254 699
55 700
500 701
438 702
476 703
81 704
610 705
554 706
401 707
281 708
153 709
162 710
512 711
266 712
690 713
102 714
249 715
696 716
333 717
614 718
453 719
46 720
403 721
553 722
376 723
88 724
136 725
464 726
451 727
252 728
245 729
542 730
386 731
334 732
429 733
480 734
54 735
93 736
582 737
291 738
524 739
570 740
283 741
671 742
484 743
673 744
484 745
184 746
168 747
335 748
441 749
466 750
106 751
25 752
507 753
403 754
325 755
734 756
620 757
101 758
125 759
22 760
321 761
105 762
480 763
145 764
167 765
176 766
529 767
737 768
576 769
165 770
434 771
458 772
17 773
648 774
727 775
73 776
548 777
373 778
244 779
209 780
230 781
363 782
525 783
254 784
276 785
91 786
267 787
752 788
699 789
164 790
776 791
303 792
582 793
134 794
6 795
137 796
51 797
286 798
642 799
700 800
353 801
2 802
453 803
414 804
606 805
367 806
281 807
143 808
799 809
602 810
698 811
783 812
8 813
333 814
294 815
742 816
704 817
576 818
521 819
378 820
432 821
739 822
726 823
636 824
322 825
741 826
606 827
660 828
774 829
228 830
724 831
111 832
35 833
112 834
350 835
5 836
758 837
148 838
693 839
70 840
381 841
194 842
679 843
691 844
510 845
51 846
168 847
648 848
97 849
4 850
326 851
805 852
15 853
684 854
9 855
552 856
489 857
755 858
275 859
184 860
486 861
451 862
794 863
400 864
301 865
158 866
851 867
231 868
336 869
831 870
737 871
492 872
292 873
330 874
275 875
814 876
72 877
787 878
173 879
149 880
9 8
661 6
877 6
683 10
394 2
775 10
521 6
243 5
629 6
869 217
801 4
302 2
528 4
321 10
657 2
623 1
443 8
265 7
371 2
385 70
690 5
558 8
768 8
72 8
537 9
424 3
79 7
880 6
668 10
44 683
489 4
781 2
180 6
158 6
721 8
189 7
6 10
587 10
340 4
92 429
543 8
366 1
605 5
816 5
815 4
63 8
654 10
9 3
11 6
401 353
110 1
139 9
642 5
251 9
535 10
457 3
728 3
333 7
805 8
136 823
605 1
450 4
196 5
797 5
37 9
283 1
270 7
668 9
453 7
70 752
143 9
488 1
62 8
67 8
819 5
739 2
528 1
118 3
734 10
272 766
745 7
663 1
258 5
783 8
155 7
201 4
781 2
192 10
285 10
589 742
827 5
284 2
479 7
309 4
317 7
728 9
429 6
641 2
585 3
660 875
259 4
345 5
297 10
104 9
865 2
784 3
107 3
222 3
289 9
13 571
294 6
311 2
822 10
730 10
759 7
255 3
352 10
42 1
608 3
742 346
382 1
874 1
152 10
343 9
499 9
627 7
310 4
320 1
105 6
354 175
557 4
626 10
515 3
392 2
760 7
594 5
86 4
692 4
586 6
475 851
683 2
290 2
191 1
228 9
745 10
173 1
589 9
233 9
515 2
274 483
572 1
840 3
188 7
432 9
392 6
489 10
776 3
846 5
240 10
513 573
382 10
194 5
39 4
715 7
313 2
86 10
140 9
260 7
141 3
484 748
875 7
776 1
109 7
265 3
772 9
685 8
809 10
584 3
104 5
598 509
476 3
430 10
584 5
463 10
543 1
84 1
204 3
823 5
481 4
131 409
338 10
850 7
512 7
107 7
224 5
348 5
725 4
302 7
697 4
205 732
778 2
393 9
35 10
132 8
111 8
701 3
387 2
328 3
53 8
136 755
182 5
32 8
411 9
251 7
628 4
47 4
131 8
185 9
701 8
671 449
143 3
423 4
648 1
804 5
619 5
526 2
825 6
837 10
69 4
489 113
838 3
714 8
290 3
859 7
426 3
814 4
382 7
108 8
747 6
71 154
110 3
471 9
604 9
172 7
218 7
562 7
242 10
249 1
550 9
535 482
719 7
750 7
578 2
819 5
826 6
712 6
429 7
625 4
861 2
188 326
491 8
379 8
607 9
689 9
447 9
521 5
66 8
707 4
88 5
335 255
181 8
766 4
619 10
765 7
406 9
156 2
654 8
841 6
685 6
19 840
676 8
401 7
821 5
151 8
730 5
632 3
336 5
603 8
406 4
770 228
462 2
759 8
598 10
689 6
67 5
114 5
196 7
401 8
406 6
616 785
54 7
182 2
760 7
480 5
867 3
734 4
411 4
482 4
82 1
214 84
859 10
276 4
624 8
853 10
70 7
433 7
759 2
716 9
760 6
247 304
424 4
154 9
775 10
589 4
605 8
645 5
549 10
322 9
756 4
860 449
9 6
369 6
506 8
2 1
800 7
142 10
559 1
687 4
266 9
750 26
846 3
811 2
315 10
739 6
362 8
441 7
518 3
216 2
165 2
200 326
632 7
742 7
816 6
397 3
827 10
857 9
811 7
475 8
533 5
468 743
805 4
258 6
145 4
720 2
566 4
698 4
757 10
235 5
20 6
86 618
596 9
2 10
155 1
48 2
432 8
425 2
459 5
277 3
83 4
221 206
175 2
675 8
594 4
98 1
733 3
656 1
459 10
201 4
773 2
720 361
747 6
497 4
98 3
278 2
24 7
100 8
353 9
237 9
715 2
576 548
823 4
493 5
327 9
880 3
519 2
73 8
328 7
141 4
732 1
728 37
705 2
363 3
445 2
812 5
696 1
448 9
263 2
862 8
680 8
346 324
486 2
825 2
126 3
507 10
460 10
388 6
650 5
703 5
539 5
117 321
252 2
72 9
482 8
59 2
76 10
127 8
363 1
606 9
281 6
478 49
396 1
140 10
567 4
803 5
350 9
733 3
582 3
647 4
108 7
379 193
416 7
324 7
180 3
765 6
393 9
715 4
379 5
316 5
625 4
196 677
154 8
34 9
465 10
438 10
813 9
202 3
678 7
301 10
403 10
74 661
355 10
717 6
63 8
177 7
175 9
684 3
419 4
646 8
467 5
306 335
654 10
69 1
713 2
520 7
365 6
540 8
174 7
228 2
179 6
93 562
29 5
458 1
30 1
831 1
152 2
798 6
477 5
92 7
102 7
742 520
699 6
490 3
377 6
31 4
300 6
674 3
339 2
595 3
289 5
290 437
167 2
876 1
251 5
295 6
843 7
862 2
709 1
610 4
176 5
314 848
749 1
239 8
31 3
229 5
486 1
658 1
23 9
55 1
254 5
562 700
388 5
201 6
131 1
403 9
735 3
380 9
224 3
456 7
847 9
398 16
763 4
753 7
802 2
814 8
38 3
8 9
686 9
102 1
405 3
84 336
880 3
201 3
424 5
140 8
499 6
185 9
157 9
125 6
582 2
753 790
311 4
587 5
731 4
411 2
81 9
780 10
547 1
445 8
598 1
224 377
329 7
286 8
164 7
371 7
536 5
203 5
552 8
308 5
279 6
806 562
377 3
330 7
379 4
813 9
32 3
576 1
189 3
699 3
64 4
743 711
214 8
225 9
799 5
565 10
301 4
182 6
447 1
129 2
843 2
36 659
32 8
291 9
420 7
341 4
724 3
359 5
457 4
766 6
759 1
299 758
175 4
34 6
484 9
226 7
235 4
24 4
355 10
796 2
272 3
257 708
367 3
851 10
80 9
249 5
537 7
54 8
246 4
149 7
524 6
728 174
865 6
207 2
347 4
131 4
184 7
97 1
404 8
637 5
245 7
168 331
18 8
468 1
374 7
759 5
736 1
84 10
182 9
742 10
727 7
479 813
25 7
159 5
586 8
8 1
561 6
473 1
515 3
148 7
566 10
386 735
54 5
724 10
452 4
657 6
83 8
257 5
112 7
379 8
147 2
638 358
125 9
168 8
527 2
739 7
643 7
282 9
75 2
168 9
498 6
104 372
153 7
462 9
209 10
109 6
280 6
790 1
77 6
118 6
247 10
224 758
574 4
92 4
48 10
569 9
348 8
123 7
502 5
765 1
556 1
546 394
454 8
112 9
394 3
441 10
88 7
101 10
19 3
542 7
757 4
166 195
718 7
729 5
77 9
108 2
632 1
494 10
827 7
431 3
128 5
107 343
781 7
105 4
190 5
562 10
598 6
566 6
852 6
350 5
276 3
865 481
508 7
330 1
803 10
255 5
705 8
38 8
183 4
283 2
501 7
310 755
533 8
356 1
506 4
420 5
455 2
559 8
684 6
401 8
204 10
527 247
66 1
457 7
831 8
873 9
317 1
682 7
375 8
836 1
183 4
872 529
281 8
311 8
783 7
499 10
673 5
434 4
343 3
316 3
343 10
212 556
627 5
354 10
105 6
171 1
727 5
445 1
111 5
419 10
530 10
92 349
17 9
66 9
78 1
14 1
683 5
501 8
626 3
811 8
145 9
612 337
103 7
685 6
23 6
696 1
271 6
834 3
876 8
643 9
747 6
849 791
589 3
654 9
856 9
750 10
612 1
581 3
219 8
274 4
725 5
538 276
137 8
92 2
757 7
666 4
82 4
614 9
791 9
620 6
767 2
11 328
423 1
749 5
248 10
388 10
677 10
796 10
782 3
51 4
838 10
167 423
14 5
618 7
534 7
664 6
403 1
558 10
122 1
745 5
159 9
91 828
383 9
410 10
683 6
797 1
818 2
554 4
343 4
60 10
612 3
762 243
434 10
38 1
550 7
766 1
873 2
302 7
136 2
684 6
604 6
256 138
573 3
658 4
743 6
550 10
344 5
567 4
231 3
387 1
316 7
237 407
532 9
197 5
44 10
693 5
381 9
844 7
173 6
764 4
719 8
561 45
534 7
851 5
335 6
43 1
291 6
58 7
78 4
453 1
515 4
244 711
879 5
291 4
492 5
190 4
330 7
45 8
495 6
80 8
81 5
700 43
416 10
587 3
796 1
190 3
144 1
788 6
523 5
78 10
57 10
857 727
494 1
742 6
543 3
829 2
529 1
661 9
299 3
704 6
325 4
865 277
782 3
838 3
446 10
496 5
204 7
868 3
873 10
108 5
620 1
703 386
634 8
392 9
211 7
758 1
451 4
216 7
221 9
872 3
274 2
769 361
744 8
184 9
784 4
758 1
58 4
666 1
740 9
298 10
598 8
566 876
236 6
797 6
328 7
280 3
815 1
516 5
9 1
532 6
144 10
287 223
644 5
123 3
295 2
391 9
641 9
186 9
612 9
645 10
367 7
761 151
312 8
853 9
128 5
394 1
258 6
523 8
443 4
305 10
539 5
347 427
376 3
672 1
142 5
332 8
536 1
233 7
256 8
279 8
341 2
110 59
366 3
141 9
690 4
779 1
868 8
592 1
645 1
663 9
826 9
45 186
