975 1000
1 2
2 3
2 4
4 5
2 6
5 7
5 8
2 9
9 10
1 11
11 12
7 13
7 14
10 15
15 16
14 17
13 18
9 19
5 20
18 21
19 22
3 23
13 24
16 25
16 26
15 27
19 28
28 29
29 30
25 31
15 32
16 33
6 34
10 35
25 36
9 37
4 38
1 39
34 40
35 41
28 42
22 43
38 44
21 45
23 46
20 47
16 48
15 49
16 50
43 51
30 52
23 53
1 54
51 55
7 56
19 57
21 58
13 59
2 60
5 61
29 62
43 63
56 64
19 65
54 66
52 67
45 68
34 69
43 70
13 71
69 72
51 73
5 74
74 75
72 76
76 77
66 78
77 79
51 80
56 81
48 82
44 83
19 84
1 85
84 86
20 87
21 88
87 89
20 90
29 91
84 92
47 93
28 94
18 95
41 96
50 97
3 98
58 99
94 100
61 101
17 102
47 103
75 104
80 105
68 106
32 107
84 108
16 109
54 110
32 111
49 112
16 113
22 114
37 115
22 116
28 117
43 118
70 119
111 120
22 121
103 122
9 123
111 124
87 125
89 126
100 127
12 128
106 129
102 130
82 131
127 132
128 133
91 134
100 135
10 136
4 137
23 138
98 139
72 140
140 141
41 142
126 143
66 144
140 145
117 146
121 147
11 148
40 149
54 150
129 151
145 152
122 153
135 154
90 155
73 156
27 157
99 158
39 159
103 160
79 161
106 162
9 163
5 164
73 165
100 166
59 167
142 168
41 169
80 170
159 171
61 172
100 173
99 174
89 175
170 176
60 177
25 178
33 179
103 180
155 181
111 182
138 183
176 184
63 185
114 186
174 187
40 188
22 189
101 190
112 191
83 192
101 193
172 194
135 195
53 196
16 197
106 198
102 199
86 200
15 201
21 202
118 203
43 204
158 205
99 206
195 207
63 208
144 209
22 210
83 211
83 212
111 213
33 214
25 215
56 216
150 217
210 218
124 219
166 220
19 221
62 222
105 223
9 224
193 225
201 226
58 227
110 228
169 229
192 230
227 231
82 232
141 233
51 234
221 235
137 236
232 237
119 238
230 239
149 240
69 241
183 242
140 243
132 244
152 245
243 246
108 247
202 248
191 249
246 250
98 251
153 252
55 253
189 254
75 255
222 256
37 257
79 258
114 259
202 260
2 261
179 262
65 263
242 264
210 265
196 266
212 267
122 268
218 269
152 270
137 271
205 272
141 273
90 274
73 275
58 276
226 277
266 278
238 279
98 280
25 281
247 282
231 283
269 284
259 285
276 286
128 287
217 288
68 289
230 290
246 291
77 292
276 293
76 294
71 295
46 296
281 297
287 298
46 299
247 300
91 301
282 302
291 303
51 304
67 305
137 306
205 307
245 308
165 309
108 310
121 311
69 312
173 313
247 314
209 315
168 316
200 317
163 318
197 319
232 320
320 321
76 322
72 323
246 324
10 325
303 326
203 327
298 328
13 329
274 330
16 331
257 332
309 333
114 334
94 335
217 336
307 337
287 338
333 339
142 340
203 341
255 342
127 343
49 344
262 345
9 346
250 347
313 348
121 349
261 350
12 351
214 352
252 353
304 354
196 355
101 356
65 357
190 358
181 359
174 360
264 361
211 362
286 363
140 364
13 365
204 366
92 367
152 368
315 369
81 370
308 371
46 372
353 373
20 374
85 375
105 376
291 377
357 378
153 379
216 380
241 381
317 382
375 383
367 384
262 385
118 386
63 387
252 388
3 389
282 390
216 391
25 392
391 393
375 394
196 395
361 396
335 397
392 398
283 399
364 400
133 401
22 402
245 403
222 404
41 405
250 406
32 407
63 408
211 409
136 410
259 411
77 412
85 413
357 414
8 415
14 416
312 417
377 418
12 419
356 420
147 421
330 422
58 423
137 424
136 425
121 426
106 427
25 428
102 429
139 430
90 431
1 432
252 433
65 434
59 435
8 436
383 437
197 438
51 439
149 440
323 441
23 442
196 443
1 444
30 445
391 446
235 447
37 448
72 449
71 450
436 451
147 452
228 453
314 454
231 455
335 456
165 457
28 458
89 459
365 460
394 461
297 462
115 463
76 464
55 465
281 466
49 467
414 468
232 469
458 470
364 471
200 472
272 473
368 474
26 475
184 476
373 477
373 478
76 479
191 480
21 481
286 482
311 483
363 484
83 485
277 486
446 487
466 488
287 489
271 490
335 491
67 492
272 493
472 494
265 495
170 496
210 497
484 498
226 499
495 500
266 501
283 502
477 503
87 504
391 505
271 506
422 507
274 508
208 509
152 510
125 511
202 512
366 513
306 514
207 515
335 516
119 517
24 518
156 519
108 520
139 521
225 522
153 523
91 524
379 525
452 526
115 527
148 528
473 529
298 530
427 531
488 532
324 533
452 534
47 535
47 536
188 537
511 538
306 539
529 540
32 541
112 542
231 543
153 544
365 545
419 546
150 547
66 548
539 549
37 550
463 551
438 552
219 553
457 554
246 555
73 556
166 557
300 558
447 559
385 560
18 561
531 562
49 563
213 564
236 565
3 566
190 567
531 568
519 569
368 570
71 571
317 572
477 573
170 574
451 575
80 576
457 577
33 578
254 579
269 580
574 581
121 582
202 583
252 584
423 585
104 586
218 587
53 588
582 589
249 590
438 591
145 592
428 593
558 594
282 595
451 596
166 597
89 598
428 599
460 600
66 601
451 602
269 603
42 604
325 605
120 606
108 607
509 608
122 609
116 610
345 611
99 612
172 613
132 614
239 615
422 616
47 617
44 618
387 619
619 620
144 621
435 622
611 623
252 624
576 625
453 626
104 627
2 628
497 629
407 630
119 631
68 632
118 633
426 634
380 635
418 636
634 637
426 638
336 639
130 640
19 641
557 642
495 643
391 644
173 645
157 646
471 647
528 648
541 649
141 650
497 651
368 652
565 653
113 654
94 655
391 656
396 657
479 658
136 659
141 660
207 661
316 662
610 663
457 664
556 665
617 666
141 667
658 668
272 669
352 670
569 671
625 672
251 673
522 674
118 675
425 676
652 677
27 678
4 679
93 680
500 681
119 682
668 683
101 684
255 685
94 686
325 687
532 688
207 689
688 690
26 691
571 692
450 693
643 694
14 695
347 696
626 697
362 698
14 699
548 700
658 701
569 702
38 703
212 704
70 705
334 706
656 707
517 708
624 709
259 710
4 711
212 712
575 713
183 714
213 715
49 716
520 717
73 718
578 719
88 720
140 721
345 722
600 723
13 724
339 725
669 726
690 727
207 728
329 729
426 730
308 731
630 732
197 733
508 734
215 735
104 736
188 737
83 738
364 739
450 740
9 741
740 742
75 743
13 744
720 745
704 746
719 747
237 748
492 749
449 750
108 751
280 752
556 753
76 754
563 755
371 756
692 757
569 758
500 759
402 760
5 761
653 762
95 763
519 764
302 765
167 766
397 767
202 768
360 769
545 770
62 771
212 772
113 773
352 774
591 775
642 776
714 777
126 778
652 779
55 780
77 781
728 782
248 783
554 784
375 785
86 786
309 787
512 788
557 789
711 790
760 791
658 792
486 793
670 794
140 795
212 796
720 797
580 798
460 799
727 800
400 801
469 802
234 803
700 804
513 805
685 806
149 807
226 808
686 809
468 810
480 811
174 812
706 813
753 814
381 815
179 816
675 817
777 818
614 819
644 820
87 821
189 822
163 823
413 824
598 825
513 826
81 827
484 828
183 829
404 830
573 831
45 832
624 833
768 834
373 835
339 836
448 837
835 838
96 839
165 840
124 841
592 842
401 843
195 844
400 845
51 846
181 847
441 848
122 849
16 850
656 851
46 852
695 853
272 854
672 855
710 856
338 857
121 858
527 859
31 860
311 861
860 862
154 863
219 864
196 865
543 866
184 867
508 868
631 869
4 870
843 871
718 872
574 873
17 874
511 875
267 876
107 877
224 878
90 879
360 880
84 881
643 882
538 883
509 884
174 885
471 886
768 887
321 888
121 889
496 890
564 891
152 892
163 893
395 894
759 895
140 896
469 897
628 898
689 899
757 900
395 901
262 902
714 903
361 904
825 905
249 906
573 907
603 908
305 909
617 910
268 911
176 912
456 913
807 914
888 915
563 916
429 917
517 918
449 919
664 920
881 921
846 922
722 923
827 924
140 925
217 926
380 927
796 928
25 929
57 930
168 931
172 932
665 933
409 934
49 935
409 936
682 937
733 938
435 939
445 940
235 941
85 942
144 943
704 944
460 945
769 946
10 947
240 948
661 949
772 950
551 951
346 952
879 953
248 954
825 955
900 956
88 957
71 958
888 959
898 960
694 961
681 962
688 963
880 964
16 965
380 966
903 967
485 968
59 969
497 970
751 971
917 972
901 973
794 974
271 975
132 4
527 2
610 4
543 8
127 1
357 6
920 10
876 1
675 5
373 283
16 4
5 2
306 6
663 1
865 1
280 1
739 9
624 7
386 7
127 95
637 2
810 10
223 1
357 3
427 8
212 1
556 6
123 9
651 6
587 323
850 9
528 4
694 10
483 6
98 4
93 10
119 7
332 3
64 9
522 358
742 1
718 4
900 1
776 7
422 3
659 3
135 9
555 1
106 2
680 144
348 3
636 7
75 1
532 8
673 6
278 4
355 3
638 2
57 3
268 928
120 9
815 10
811 10
299 2
652 10
236 8
790 10
467 9
133 6
910 910
319 7
788 8
192 8
145 9
149 6
187 9
185 4
797 10
256 8
180 158
641 5
735 8
763 3
353 2
647 7
82 8
198 6
571 8
513 10
251 19
881 1
123 5
867 5
723 1
263 6
363 7
717 5
866 6
835 5
319 28
748 9
911 6
713 8
34 9
403 3
366 5
49 8
690 5
749 2
352 15
786 7
323 2
87 4
167 9
186 8
238 6
401 6
745 6
290 8
876 704
391 5
808 2
4 6
337 7
65 1
568 3
768 2
938 10
393 7
876 924
283 3
202 9
387 10
588 4
809 2
857 5
902 3
365 2
665 8
374 655
3 5
557 2
820 10
206 5
188 10
656 8
283 1
383 4
776 2
572 385
605 9
274 4
929 3
216 6
505 5
863 1
323 1
633 7
123 1
583 693
647 10
577 5
829 4
946 8
148 1
526 9
557 5
648 8
953 7
647 111
270 8
619 9
149 9
146 9
726 8
548 2
230 5
763 9
42 2
220 174
390 3
396 4
867 5
471 1
181 2
573 3
412 7
107 9
61 8
597 361
395 4
406 3
898 6
859 4
860 3
473 5
566 5
930 8
896 4
896 327
503 1
892 7
767 1
227 2
311 2
729 5
838 2
669 8
930 1
890 639
972 9
347 4
158 3
340 6
259 5
554 9
800 1
214 10
819 2
913 253
450 7
517 1
735 5
304 8
27 3
271 4
368 2
57 7
239 8
78 465
678 10
78 8
442 7
430 2
614 8
961 5
552 8
695 10
524 5
641 934
583 4
95 2
338 2
427 7
596 8
10 3
750 8
879 8
888 10
215 399
390 7
359 3
837 3
837 7
901 9
406 6
532 8
779 8
284 3
46 28
789 3
893 5
760 7
402 9
861 5
373 9
891 4
830 2
413 2
119 913
200 4
359 2
367 9
535 3
700 6
792 3
853 6
906 7
793 8
754 633
469 5
83 2
173 3
268 9
254 3
239 10
963 8
494 9
223 9
964 574
866 1
190 10
402 2
855 9
940 10
889 3
112 3
168 8
624 9
556 192
513 2
132 2
700 2
235 9
19 2
86 6
911 4
346 10
72 4
277 138
522 2
765 4
742 1
213 10
71 5
262 6
782 7
645 8
141 3
820 379
323 9
595 3
251 7
459 10
776 6
433 4
298 1
882 2
236 7
893 737
487 4
33 7
657 7
889 7
799 1
527 10
669 1
710 2
788 4
342 163
16 1
50 2
31 3
598 6
518 4
437 6
149 1
146 5
419 3
849 295
652 5
206 8
893 1
897 3
224 5
274 6
98 5
851 7
75 10
710 928
320 8
294 4
911 2
696 5
848 8
888 2
956 1
68 7
721 4
845 953
631 2
185 8
767 10
470 6
474 1
331 10
382 4
270 8
950 10
739 896
329 5
24 6
913 4
527 5
479 7
550 3
446 10
105 3
839 4
863 706
226 1
747 3
470 4
481 7
480 4
467 1
672 6
353 1
947 4
873 468
751 6
347 9
325 6
359 8
884 10
580 9
906 9
327 2
473 7
576 752
512 2
675 5
656 4
305 7
384 4
950 7
230 5
413 8
630 10
331 463
322 3
159 10
725 10
241 2
146 9
545 2
925 1
256 8
335 9
528 13
645 10
329 5
130 10
516 3
414 8
818 5
79 8
453 9
861 8
671 931
837 8
267 5
489 7
144 3
753 1
130 10
970 2
549 9
614 3
511 618
874 2
927 1
57 4
859 2
721 4
582 8
616 8
54 6
955 3
742 661
258 8
82 7
148 1
116 1
116 2
536 7
386 6
437 4
284 8
859 594
811 7
517 8
56 2
36 9
154 2
497 7
608 1
93 8
758 4
908 30
254 3
512 9
496 3
447 8
51 8
46 6
248 2
862 6
102 2
13 873
746 6
520 1
184 8
868 4
79 5
919 3
651 5
115 10
446 8
531 716
770 1
485 3
918 9
630 7
85 5
668 10
489 3
722 4
167 3
417 638
222 10
766 2
415 4
714 1
291 9
168 4
142 7
39 10
582 3
901 657
245 9
260 6
770 9
957 5
644 3
833 8
346 9
788 2
735 7
310 175
957 6
547 1
113 1
524 1
620 4
335 7
328 3
764 4
908 7
390 155
882 8
166 8
942 6
205 3
320 10
826 10
742 8
443 7
734 2
241 598
343 2
922 9
626 9
594 2
882 3
402 7
438 1
436 1
166 3
840 737
71 1
173 2
486 1
88 2
492 8
862 8
275 10
644 3
245 9
380 220
78 9
335 9
658 8
655 1
712 8
112 10
862 10
374 3
200 8
827 192
493 6
406 4
556 3
317 8
222 4
472 10
18 4
663 1
218 9
566 266
873 1
888 8
931 9
260 5
105 6
692 9
209 6
932 3
882 5
317 694
306 2
411 3
146 9
556 10
820 2
39 5
226 9
153 5
277 4
949 473
739 10
424 4
13 4
215 7
173 4
74 8
954 6
907 7
530 9
535 576
617 1
692 4
960 5
452 10
69 5
593 10
878 1
55 1
917 1
375 525
798 2
257 9
907 3
454 9
836 10
424 7
61 6
127 5
410 3
374 108
648 6
473 7
189 2
922 1
813 9
952 9
290 9
633 9
752 1
454 557
32 3
125 9
149 1
140 3
637 4
509 5
424 5
561 3
352 3
890 694
301 3
497 10
268 6
783 8
400 9
739 6
765 7
827 5
814 6
422 825
217 5
211 1
208 7
516 2
886 5
589 2
357 7
148 3
663 9
679 943
74 9
173 10
258 1
961 8
647 7
945 9
490 6
76 6
581 8
876 289
100 9
678 10
440 1
483 1
586 7
134 9
93 4
92 7
377 9
696 911
767 5
254 3
547 5
167 6
827 4
930 2
424 6
293 4
271 2
10 412
47 9
503 5
127 9
661 7
495 5
537 1
272 4
907 5
123 6
777 35
248 8
809 4
818 10
546 6
47 9
438 9
509 8
855 2
410 3
711 974
551 2
268 9
776 3
879 6
319 2
562 6
391 6
345 1
608 4
141 119
910 2
391 10
557 4
187 10
619 8
805 10
842 10
45 8
745 1
838 317
675 2
777 9
309 5
534 7
786 9
653 2
611 2
518 10
468 4
647 240
954 4
380 6
9 8
419 2
44 7
384 1
153 5
426 4
783 2
488 804
680 6
296 1
497 4
950 4
692 8
19 10
646 7
923 2
336 1
63 286
377 2
564 8
411 5
800 5
535 6
803 1
719 8
310 9
325 7
936 286
87 1
49 9
30 7
649 1
183 9
630 8
892 5
844 6
588 6
104 554
271 5
145 10
109 2
375 8
300 3
191 3
223 1
204 5
695 8
390 50
125 8
360 5
80 1
572 5
257 7
507 7
843 2
380 8
521 2
753 519
133 3
791 3
522 2
461 8
791 4
257 1
954 1
185 1
56 3
422 554
407 9
342 1
739 6
529 2
305 7
116 10
668 2
119 5
243 10
906 153
255 7
427 9
931 1
457 3
497 1
475 1
516 3
386 2
963 4
264 899
149 1
652 4
121 4
103 1
939 7
523 10
879 5
591 1
207 8
664 31
845 10
438 6
747 8
879 5
814 8
965 5
739 6
50 6
264 8
249 588
732 6
89 3
770 10
669 6
908 6
891 5
507 9
53 7
598 9
636 719
875 1
408 2
974 4
969 10
382 7
893 6
910 4
881 4
954 7
224 125
226 1
209 1
81 7
427 3
899 6
919 8
795 10
275 7
27 5
864 850
939 8
310 6
99 9
527 8
317 1
171 6
329 6
375 3
194 4
719 869
631 9
122 2
975 6
551 1
577 7
123 7
449 9
760 6
282 5
911 839
550 10
593 8
482 2
838 7
210 10
600 3
68 7
850 6
814 8
967 260
304 10
483 7
923 4
230 4
395 8
517 9
182 8
729 7
287 5
466 756
920 8
129 2
57 10
743 2
801 8
772 8
684 9
30 4
373 1
307 172
559 7
250 7
192 5
57 3
622 3
427 9
304 10
143 5
539 5
167 594
270 6
220 2
474 7
303 3
743 10
333 2
541 2
253 9
736 4
886 23
669 9
686 7
646 1
54 6
710 4
517 9
408 6
110 3
888 5
5 771
161 4
563 6
451 4
506 5
466 9
382 8
217 8
382 5
917 5
84 642
666 7
592 1
313 3
910 10
98 5
576 5
139 3
254 8
361 8
223 879
