895 1000
1 2
1 3
3 4
4 5
5 6
6 7
7 8
6 9
9 10
10 11
5 12
1 13
12 14
7 15
6 16
2 17
15 18
8 19
1 20
10 21
17 22
1 23
7 24
18 25
22 26
5 27
2 28
27 29
28 30
1 31
12 32
1 33
11 34
1 35
32 36
32 37
33 38
11 39
17 40
16 41
16 42
27 43
8 44
22 45
7 46
29 47
19 48
40 49
16 50
9 51
23 52
19 53
47 54
7 55
35 56
30 57
17 58
9 59
8 60
29 61
48 62
26 63
20 64
36 65
47 66
48 67
18 68
15 69
15 70
32 71
55 72
55 73
3 74
58 75
51 76
25 77
71 78
68 79
29 80
47 81
22 82
45 83
25 84
66 85
85 86
58 87
34 88
73 89
60 90
75 91
22 92
19 93
36 94
64 95
38 96
83 97
79 98
64 99
57 100
13 101
1 102
93 103
48 104
85 105
28 106
66 107
40 108
65 109
76 110
94 111
84 112
41 113
92 114
112 115
11 116
80 117
85 118
53 119
8 120
2 121
104 122
88 123
46 124
16 125
119 126
32 127
102 128
128 129
4 130
63 131
31 132
30 133
114 134
25 135
131 136
15 137
2 138
27 139
63 140
101 141
107 142
20 143
81 144
19 145
100 146
105 147
137 148
51 149
78 150
108 151
138 152
66 153
110 154
102 155
110 156
44 157
109 158
6 159
45 160
56 161
18 162
117 163
98 164
34 165
33 166
132 167
70 168
85 169
108 170
139 171
61 172
144 173
66 174
60 175
166 176
20 177
113 178
151 179
111 180
18 181
50 182
143 183
32 184
39 185
53 186
89 187
90 188
1 189
80 190
29 191
95 192
67 193
179 194
142 195
28 196
151 197
133 198
195 199
177 200
147 201
115 202
88 203
149 204
61 205
114 206
70 207
153 208
184 209
173 210
19 211
49 212
100 213
63 214
48 215
175 216
112 217
171 218
124 219
113 220
136 221
66 222
200 223
193 224
34 225
224 226
137 227
85 228
33 229
19 230
187 231
57 232
94 233
117 234
104 235
2 236
185 237
103 238
197 239
206 240
225 241
123 242
174 243
18 244
214 245
75 246
48 247
21 248
237 249
222 250
140 251
187 252
20 253
200 254
126 255
138 256
103 257
125 258
11 259
120 260
91 261
208 262
253 263
161 264
15 265
204 266
129 267
157 268
210 269
269 270
199 271
88 272
239 273
34 274
227 275
99 276
107 277
124 278
63 279
200 280
272 281
103 282
275 283
168 284
246 285
282 286
38 287
119 288
36 289
133 290
47 291
270 292
116 293
255 294
109 295
240 296
220 297
199 298
148 299
138 300
208 301
117 302
35 303
293 304
169 305
193 306
295 307
27 308
155 309
130 310
84 311
92 312
216 313
281 314
228 315
31 316
7 317
105 318
261 319
69 320
292 321
233 322
111 323
181 324
57 325
248 326
159 327
323 328
190 329
31 330
47 331
114 332
42 333
98 334
174 335
281 336
320 337
235 338
113 339
293 340
16 341
325 342
77 343
314 344
213 345
2 346
285 347
314 348
346 349
161 350
194 351
270 352
335 353
206 354
254 355
167 356
4 357
355 358
222 359
171 360
251 361
173 362
66 363
242 364
14 365
164 366
143 367
363 368
121 369
336 370
68 371
247 372
12 373
11 374
350 375
355 376
185 377
76 378
313 379
318 380
107 381
54 382
77 383
6 384
172 385
376 386
32 387
61 388
280 389
213 390
180 391
281 392
351 393
17 394
60 395
82 396
257 397
126 398
384 399
85 400
229 401
238 402
143 403
147 404
215 405
382 406
404 407
222 408
26 409
126 410
211 411
214 412
187 413
173 414
314 415
14 416
5 417
155 418
44 419
298 420
170 421
36 422
89 423
182 424
28 425
151 426
67 427
221 428
225 429
60 430
179 431
4 432
53 433
211 434
147 435
165 436
94 437
154 438
218 439
29 440
294 441
26 442
358 443
164 444
166 445
346 446
417 447
389 448
444 449
270 450
280 451
284 452
127 453
101 454
164 455
103 456
322 457
297 458
406 459
137 460
28 461
222 462
440 463
224 464
187 465
397 466
131 467
467 468
289 469
402 470
398 471
3 472
407 473
212 474
110 475
294 476
187 477
166 478
173 479
228 480
116 481
13 482
373 483
192 484
390 485
85 486
87 487
203 488
46 489
206 490
359 491
11 492
430 493
171 494
449 495
7 496
339 497
2 498
306 499
493 500
466 501
433 502
477 503
464 504
266 505
183 506
229 507
294 508
129 509
192 510
422 511
149 512
338 513
252 514
495 515
10 516
133 517
488 518
379 519
497 520
187 521
166 522
361 523
372 524
11 525
200 526
168 527
477 528
437 529
129 530
456 531
507 532
124 533
275 534
84 535
362 536
322 537
477 538
24 539
59 540
523 541
366 542
94 543
524 544
250 545
502 546
343 547
530 548
30 549
46 550
89 551
515 552
452 553
38 554
149 555
87 556
223 557
507 558
397 559
138 560
260 561
94 562
374 563
136 564
227 565
521 566
186 567
467 568
88 569
278 570
270 571
27 572
389 573
532 574
65 575
486 576
545 577
187 578
102 579
48 580
506 581
517 582
298 583
166 584
400 585
103 586
386 587
482 588
280 589
497 590
498 591
247 592
268 593
164 594
478 595
393 596
520 597
542 598
538 599
545 600
514 601
556 602
588 603
36 604
156 605
510 606
253 607
186 608
154 609
7 610
448 611
587 612
146 613
10 614
13 615
589 616
546 617
337 618
511 619
105 620
314 621
260 622
429 623
615 624
272 625
239 626
601 627
349 628
336 629
535 630
444 631
481 632
197 633
300 634
610 635
511 636
555 637
569 638
628 639
212 640
341 641
7 642
417 643
562 644
126 645
495 646
93 647
386 648
640 649
131 650
22 651
420 652
249 653
306 654
351 655
427 656
441 657
18 658
208 659
24 660
655 661
83 662
500 663
275 664
340 665
503 666
527 667
442 668
82 669
81 670
106 671
495 672
176 673
96 674
513 675
486 676
396 677
284 678
18 679
205 680
335 681
254 682
491 683
497 684
526 685
328 686
515 687
544 688
443 689
518 690
372 691
294 692
250 693
395 694
375 695
618 696
602 697
664 698
11 699
31 700
205 701
597 702
276 703
452 704
524 705
82 706
93 707
630 708
26 709
337 710
269 711
42 712
494 713
377 714
477 715
543 716
584 717
478 718
388 719
197 720
124 721
320 722
196 723
692 724
201 725
279 726
31 727
415 728
234 729
94 730
86 731
519 732
417 733
363 734
495 735
225 736
148 737
551 738
200 739
565 740
413 741
40 742
388 743
538 744
444 745
291 746
465 747
250 748
23 749
471 750
519 751
64 752
67 753
298 754
171 755
506 756
529 757
666 758
723 759
423 760
404 761
737 762
536 763
32 764
678 765
664 766
535 767
20 768
599 769
353 770
590 771
132 772
612 773
252 774
19 775
498 776
641 777
482 778
543 779
660 780
224 781
59 782
710 783
488 784
760 785
380 786
770 787
756 788
374 789
234 790
355 791
317 792
269 793
154 794
646 795
440 796
352 797
43 798
430 799
558 800
541 801
585 802
617 803
495 804
601 805
106 806
141 807
265 808
234 809
372 810
574 811
589 812
504 813
244 814
731 815
450 816
418 817
706 818
737 819
287 820
489 821
740 822
813 823
19 824
229 825
638 826
278 827
411 828
265 829
272 830
387 831
447 832
259 833
61 834
87 835
583 836
314 837
445 838
64 839
488 840
633 841
307 842
433 843
148 844
104 845
118 846
210 847
765 848
818 849
497 850
328 851
695 852
215 853
732 854
349 855
454 856
548 857
247 858
529 859
326 860
257 861
574 862
785 863
89 864
647 865
19 866
637 867
467 868
512 869
734 870
113 871
155 872
506 873
201 874
29 875
352 876
820 877
388 878
81 879
561 880
577 881
685 882
372 883
810 884
327 885
640 886
142 887
768 888
332 889
72 890
440 891
132 892
115 893
79 894
191 895
837 2
180 3
299 3
177 9
569 3
392 7
246 7
468 4
261 2
790 336
380 9
28 4
780 7
222 2
360 5
222 7
623 3
765 5
88 6
30 675
623 6
272 3
593 5
124 1
698 8
262 1
251 4
733 1
180 4
317 14
846 2
685 5
385 7
416 3
350 1
367 7
283 10
763 8
373 10
286 494
300 9
377 1
102 8
172 9
809 7
333 8
656 9
739 7
645 5
399 314
815 5
248 2
694 6
152 2
806 4
703 7
614 4
659 2
433 4
109 554
664 2
144 2
300 1
482 10
156 4
575 9
676 5
665 5
511 7
556 123
292 2
841 1
593 10
685 8
463 7
188 4
608 10
233 1
660 3
727 599
437 1
540 3
699 6
237 1
857 4
323 7
32 5
245 9
244 6
254 809
878 8
519 9
567 7
573 8
253 1
201 3
744 10
615 4
697 3
479 26
378 4
560 6
672 4
70 7
862 6
794 9
238 10
531 9
707 7
704 628
648 1
530 10
806 7
209 9
325 10
838 5
677 6
708 3
358 10
172 336
251 3
842 7
619 9
397 8
867 6
489 7
423 8
121 3
820 4
429 544
330 4
461 7
533 1
420 2
804 4
159 7
565 7
48 3
319 9
701 695
49 10
343 5
753 7
410 8
220 8
794 7
155 2
792 6
311 9
222 720
219 6
195 3
833 4
342 8
288 3
341 8
442 7
349 2
122 1
510 388
518 5
605 6
138 8
217 10
280 5
5 4
383 2
730 8
235 1
661 162
208 2
663 2
558 7
129 5
191 9
229 5
863 4
434 7
504 9
505 487
452 10
481 1
229 1
767 1
88 6
529 6
125 6
402 2
760 5
838 13
697 5
616 9
800 5
468 6
751 8
564 3
176 3
330 3
172 3
24 465
380 8
769 3
198 10
790 7
409 1
314 7
29 4
350 7
857 2
518 686
890 9
390 5
420 8
450 7
226 2
834 6
659 8
237 7
459 6
754 448
263 10
414 4
360 7
348 4
118 2
346 7
172 10
693 6
621 10
784 265
365 5
865 8
537 2
628 1
819 1
327 6
137 10
229 4
757 7
28 219
828 10
779 10
754 6
279 1
625 7
884 7
642 10
440 2
651 2
594 225
154 10
67 10
425 4
192 9
851 5
736 2
75 4
420 8
475 7
820 535
25 9
524 6
736 3
343 4
10 7
600 8
593 6
705 4
197 4
345 842
732 6
409 4
482 1
646 4
289 5
228 9
450 8
317 1
621 10
307 498
868 9
192 3
803 3
605 4
101 9
213 1
211 5
759 7
658 8
71 365
693 4
321 9
499 4
397 7
223 8
876 5
475 2
56 3
316 3
802 483
762 10
159 3
771 8
700 2
303 10
638 1
499 2
17 3
381 4
661 564
865 5
122 6
300 9
813 5
278 5
660 8
547 2
356 10
845 6
596 333
650 5
366 5
790 10
458 3
228 1
869 6
677 10
456 1
124 3
127 510
752 2
713 5
156 9
610 4
246 8
16 4
106 10
40 3
786 10
156 83
504 3
516 6
223 1
575 2
637 3
756 6
858 2
769 8
701 9
47 730
231 7
680 5
735 5
163 7
11 9
368 8
445 7
567 1
523 8
636 739
682 3
369 10
434 7
305 10
464 7
208 3
357 2
692 1
330 8
737 517
579 2
412 8
270 3
840 8
623 10
245 1
887 10
174 1
670 8
6 412
566 7
443 7
572 3
847 9
96 10
46 8
585 9
827 5
827 4
802 293
210 2
233 10
76 2
26 7
244 10
734 3
239 6
531 7
12 9
760 45
807 8
613 7
121 5
157 1
695 3
786 3
245 5
847 4
545 6
20 204
546 6
173 5
248 9
624 2
849 3
468 10
140 10
887 6
639 6
115 153
405 1
77 7
791 6
414 8
838 4
423 4
474 9
132 8
808 2
254 469
96 5
247 6
737 3
18 7
139 2
528 8
239 3
113 10
767 1
305 328
693 3
104 2
837 2
327 4
818 7
827 6
336 3
807 5
871 5
255 499
551 8
369 4
888 1
737 5
828 10
408 8
803 2
87 3
86 4
746 581
207 2
506 4
119 2
887 7
470 3
841 1
408 3
290 3
691 3
546 312
86 10
381 10
851 1
367 9
47 3
889 5
635 5
805 7
337 9
67 811
486 10
476 2
733 1
17 1
574 1
181 1
329 4
621 2
212 5
102 265
228 5
526 3
322 3
820 10
263 7
185 9
613 9
158 8
367 2
868 713
636 10
77 5
778 9
12 1
850 1
398 2
713 2
436 5
757 1
588 566
586 4
36 8
332 2
348 9
22 3
41 7
343 5
121 3
194 3
419 518
372 2
402 8
301 7
881 5
673 10
337 8
739 9
111 6
378 10
50 675
596 5
309 10
107 3
147 6
378 5
81 9
265 8
566 10
467 9
76 259
785 4
791 1
617 4
18 8
117 6
191 6
158 2
36 4
506 2
776 587
534 6
373 7
817 4
73 4
295 4
452 10
39 8
768 9
681 4
83 612
405 4
241 5
634 1
303 8
493 7
103 8
893 7
652 6
95 9
494 858
121 9
688 8
840 8
372 9
337 5
338 3
879 8
764 5
526 5
695 457
228 6
748 5
860 8
255 10
794 7
516 7
661 3
801 9
43 10
489 708
93 2
106 1
321 1
789 8
798 5
149 7
279 8
643 6
417 7
762 442
224 7
287 10
114 6
366 8
806 9
351 8
615 7
742 6
728 4
876 565
208 10
348 2
259 4
396 3
602 2
461 3
704 7
853 4
802 6
748 596
894 1
647 6
54 8
7 1
265 1
60 9
829 4
34 6
583 2
631 511
458 10
847 7
39 3
93 10
785 5
427 1
421 1
881 7
189 2
481 186
546 8
699 7
382 5
446 3
502 6
796 10
514 7
215 5
887 6
493 857
366 9
386 2
334 7
250 3
668 5
859 8
594 8
304 8
832 9
420 332
288 9
594 1
30 2
45 6
662 9
583 4
528 1
60 9
625 8
828 92
31 4
507 10
857 5
389 2
559 2
449 2
803 9
680 2
315 1
547 159
668 10
810 6
316 2
124 2
73 8
856 9
534 6
156 1
179 9
591 609
307 1
157 3
679 7
306 1
118 2
326 3
207 10
740 10
103 5
881 667
19 6
195 10
659 8
249 3
477 1
480 8
242 8
724 2
117 8
726 222
98 2
51 5
771 1
452 9
262 3
712 9
830 3
372 10
542 3
481 63
299 3
269 1
734 4
102 10
80 4
517 4
372 4
242 5
487 8
726 417
793 10
586 3
577 1
817 8
446 1
858 1
499 3
48 1
243 10
639 598
539 9
140 7
128 3
173 5
623 7
191 8
185 5
75 7
503 5
880 251
484 1
398 7
619 10
268 7
818 1
451 5
808 7
799 8
681 9
131 782
877 9
412 9
614 4
367 9
818 6
502 3
326 3
129 2
67 2
780 103
832 2
861 4
388 3
813 2
406 4
45 6
349 2
758 10
351 10
291 711
879 5
536 5
444 10
8 5
748 10
606 1
491 5
417 7
234 9
91 45
401 2
753 6
653 2
799 4
830 7
492 8
534 3
836 2
583 7
782 98
815 8
219 8
607 1
871 9
542 6
139 7
877 6
83 8
89 6
130 814
662 4
510 8
39 1
774 4
282 3
144 9
248 5
262 9
371 6
236 561
631 1
877 7
510 1
611 3
823 9
302 3
789 1
398 1
470 5
594 330
864 7
126 5
500 2
91 5
344 5
796 10
409 5
38 8
573 2
562 884
705 10
14 10
209 3
724 7
870 2
187 10
895 4
87 8
722 6
820 177
475 2
710 3
193 3
72 5
607 6
72 5
695 5
121 7
690 9
773 27
332 1
748 7
201 7
422 7
270 1
81 1
65 9
602 4
855 8
175 803
628 2
585 3
274 10
559 3
364 1
54 5
317 7
787 6
60 7
383 197
356 2
611 9
825 6
759 6
363 9
272 10
388 3
172 5
277 6
330 600
775 2
197 9
427 5
558 9
743 10
209 10
890 10
775 5
99 1
801 701
498 10
765 3
476 4
375 6
387 3
53 3
466 2
787 1
319 10
271 712
620 3
152 6
694 6
316 10
262 3
596 3
708 9
722 6
422 3
518 642
868 6
503 1
563 3
882 10
502 4
393 3
356 3
95 1
742 4
340 497
494 2
509 3
695 1
249 7
158 7
239 2
499 2
177 8
219 5
546 309
296 1
821 10
590 3
125 3
21 3
754 1
251 7
383 5
338 4
304 284
655 4
840 4
123 8
786 3
285 1
435 1
740 3
818 5
676 10
142 700
545 1
456 3
476 8
522 3
428 9
54 6
838 3
483 5
554 6
765 98
306 10
758 3
281 9
582 3
634 4
270 8
441 7
571 9
118 2
524 889
776 5
370 2
891 3
49 10
631 6
623 7
578 6
40 2
581 3
771 704
743 2
748 4
249 9
418 3
20 10
94 2
322 9
378 10
304 4
336 849
