349 1000
1 2
2 3
3 4
4 5
1 6
2 7
1 8
7 9
2 10
6 11
10 12
9 13
8 14
9 15
14 16
12 17
14 18
3 19
15 20
18 21
7 22
11 23
15 24
14 25
20 26
18 27
17 28
3 29
23 30
11 31
18 32
6 33
27 34
8 35
27 36
6 37
8 38
20 39
29 40
17 41
8 42
27 43
1 44
14 45
1 46
42 47
47 48
5 49
18 50
31 51
29 52
3 53
45 54
42 55
19 56
52 57
38 58
28 59
14 60
17 61
49 62
39 63
56 64
9 65
21 66
1 67
43 68
42 69
31 70
52 71
57 72
37 73
53 74
68 75
46 76
35 77
3 78
8 79
40 80
4 81
47 82
75 83
81 84
45 85
83 86
35 87
25 88
76 89
8 90
2 91
69 92
34 93
72 94
87 95
81 96
46 97
68 98
60 99
32 100
94 101
13 102
32 103
35 104
12 105
92 106
19 107
31 108
75 109
86 110
53 111
27 112
27 113
71 114
17 115
112 116
67 117
30 118
16 119
66 120
49 121
45 122
17 123
62 124
65 125
65 126
23 127
30 128
50 129
62 130
79 131
88 132
94 133
4 134
80 135
29 136
86 137
67 138
63 139
16 140
36 141
71 142
99 143
84 144
86 145
38 146
99 147
18 148
17 149
108 150
110 151
116 152
59 153
102 154
85 155
14 156
150 157
144 158
118 159
84 160
149 161
28 162
4 163
104 164
64 165
25 166
136 167
72 168
139 169
169 170
162 171
100 172
150 173
120 174
8 175
146 176
115 177
30 178
149 179
14 180
170 181
99 182
123 183
169 184
133 185
95 186
167 187
162 188
58 189
102 190
27 191
84 192
108 193
120 194
43 195
145 196
83 197
98 198
109 199
90 200
86 201
88 202
89 203
111 204
10 205
45 206
19 207
115 208
8 209
164 210
46 211
132 212
109 213
103 214
128 215
168 216
54 217
71 218
18 219
42 220
106 221
158 222
27 223
45 224
102 225
161 226
160 227
88 228
136 229
117 230
81 231
68 232
84 233
218 234
161 235
164 236
45 237
6 238
214 239
230 240
62 241
178 242
94 243
17 244
76 245
41 246
47 247
13 248
47 249
61 250
114 251
214 252
247 253
57 254
50 255
182 256
57 257
226 258
1 259
220 260
36 261
48 262
38 263
202 264
212 265
248 266
164 267
120 268
81 269
75 270
225 271
193 272
187 273
150 274
18 275
120 276
166 277
255 278
181 279
197 280
145 281
44 282
108 283
148 284
254 285
67 286
232 287
163 288
133 289
178 290
196 291
67 292
43 293
167 294
282 295
167 296
165 297
255 298
282 299
257 300
139 301
295 302
210 303
281 304
176 305
36 306
73 307
306 308
82 309
122 310
53 311
115 312
18 313
234 314
228 315
29 316
112 317
133 318
299 319
120 320
253 321
158 322
8 323
57 324
171 325
57 326
4 327
282 328
247 329
217 330
146 331
231 332
165 333
194 334
37 335
124 336
241 337
111 338
213 339
45 340
99 341
29 342
54 343
109 344
126 345
248 346
206 347
238 348
76 349
41 3
90 7
335 4
323 8
314 2
219 2
289 4
276 4
205 6
94 278
217 3
79 7
13 9
248 1
270 3
59 3
274 10
232 10
336 10
112 24
324 6
348 5
101 2
111 8
258 4
203 8
337 4
86 9
260 3
144 114
131 3
291 3
103 9
9 3
4 9
292 5
339 10
17 6
121 2
54 276
23 1
81 2
73 10
57 3
275 1
117 8
270 5
54 5
248 3
147 299
336 3
278 4
253 3
347 4
4 9
324 6
149 4
20 6
51 2
102 264
16 10
329 3
90 3
346 6
146 3
16 5
15 7
314 4
309 7
172 11
291 8
341 2
205 8
195 8
237 9
270 7
283 4
140 8
199 5
91 231
221 4
137 10
225 3
54 9
57 6
42 2
25 5
277 7
184 2
80 337
289 7
310 6
221 2
111 1
46 1
312 8
338 9
329 6
74 7
66 339
100 8
76 5
192 5
100 1
28 6
108 6
11 3
101 4
348 7
20 78
331 5
95 9
231 1
192 6
100 1
344 5
304 2
236 1
95 1
237 319
174 6
105 8
74 3
214 8
346 7
308 4
118 5
339 10
101 7
4 201
311 9
327 2
54 7
170 3
231 2
314 8
244 6
137 7
151 1
62 58
298 8
105 7
314 1
304 10
78 4
154 3
36 5
101 5
241 5
330 125
12 5
109 5
239 9
127 5
239 6
88 5
336 7
202 2
142 1
83 272
181 4
197 3
96 8
248 4
270 7
346 1
348 7
5 10
87 7
5 130
235 3
76 4
24 7
184 2
279 5
184 2
174 10
140 10
277 1
94 307
206 7
152 4
153 2
189 3
123 6
299 6
340 5
13 5
328 10
246 24
230 1
251 8
80 9
91 6
303 6
26 3
333 6
99 1
240 5
270 172
76 10
316 4
187 4
172 6
111 6
294 10
58 3
79 2
172 4
276 319
44 6
226 4
330 10
44 9
287 6
271 10
100 10
347 8
343 2
261 126
291 2
33 7
1 1
69 9
32 4
50 1
169 4
316 5
57 9
135 273
252 5
230 1
71 6
89 5
101 8
159 6
2 9
282 5
75 3
175 323
255 4
214 1
297 8
299 2
310 7
74 7
298 1
11 10
199 2
235 31
232 3
167 4
272 4
116 4
91 4
46 5
258 2
222 9
78 8
14 40
293 10
117 10
349 1
294 8
325 10
344 1
101 9
275 3
13 2
31 269
46 10
187 5
120 1
241 3
212 3
336 9
57 6
79 9
236 5
19 265
222 10
261 5
106 6
146 7
48 8
229 10
224 4
196 3
127 9
19 63
191 1
76 1
325 7
199 5
55 2
78 4
77 9
293 5
195 10
184 210
267 6
188 9
318 8
130 10
334 7
152 8
38 9
160 3
299 1
302 210
316 5
103 9
326 8
184 5
335 10
30 8
1 2
302 9
37 6
219 40
263 4
153 6
148 5
216 1
26 6
179 5
80 2
92 1
316 9
250 83
135 3
279 8
127 1
148 10
346 9
160 10
120 8
44 5
72 5
219 253
340 8
61 6
160 5
16 5
217 8
161 10
128 9
93 1
84 10
189 128
177 10
192 2
166 10
233 9
55 9
74 2
293 1
27 6
245 4
129 194
127 8
343 8
136 8
113 7
25 10
221 8
243 8
243 3
290 1
59 119
39 2
163 1
340 5
268 4
241 6
20 6
139 10
125 5
347 7
185 194
112 10
101 9
259 5
90 6
123 10
217 1
122 4
131 10
16 4
341 296
290 5
175 2
283 2
304 3
303 8
213 4
290 10
22 5
298 4
343 161
347 8
257 1
208 3
44 7
98 3
257 8
29 8
312 9
231 10
272 207
219 5
275 4
120 6
304 9
172 9
134 8
275 1
153 1
172 7
275 20
274 7
110 4
58 10
142 8
329 3
121 6
300 9
219 3
205 3
260 128
76 10
113 10
16 2
269 8
280 2
285 8
281 4
189 2
138 10
166 66
167 7
179 3
74 3
214 10
116 4
86 6
133 1
62 2
125 2
48 29
86 8
74 6
243 1
201 4
316 3
21 10
188 2
34 7
311 6
32 182
147 8
41 1
102 5
43 5
257 3
262 5
156 1
163 3
259 10
82 164
259 7
259 8
40 1
238 6
47 9
21 10
258 9
303 1
11 2
225 251
258 4
298 5
145 5
87 10
4 6
116 8
131 6
14 7
108 2
186 180
302 8
7 2
204 6
276 2
63 4
1 9
100 5
242 8
1 7
223 28
255 5
249 7
81 9
241 4
98 1
148 3
25 7
38 2
139 4
117 170
96 5
345 1
159 8
29 7
270 8
331 1
303 8
176 3
312 2
181 120
255 7
60 7
57 6
164 4
90 6
155 8
134 10
314 7
314 4
146 217
131 9
123 5
347 3
334 9
74 10
34 5
348 2
14 2
42 3
1 275
237 7
190 1
42 2
222 1
267 4
42 4
19 2
19 7
346 5
134 25
12 7
231 8
299 8
244 1
3 10
296 4
331 6
238 1
80 1
93 277
201 7
302 10
172 2
117 7
199 8
25 6
170 6
244 5
340 9
100 288
228 1
61 1
128 8
276 5
306 2
258 6
319 1
47 8
28 7
22 99
197 10
268 1
183 10
117 1
97 8
314 9
166 9
116 4
273 8
324 143
141 6
316 1
29 4
40 8
108 6
268 6
182 10
71 8
74 5
199 343
321 6
151 10
203 2
281 2
108 8
195 2
184 4
143 2
324 9
144 171
223 7
345 5
333 5
336 2
285 9
318 3
169 2
240 2
131 8
305 200
75 9
312 8
95 6
171 2
34 4
220 7
240 10
252 10
285 1
68 137
223 7
172 8
338 6
125 8
321 9
205 6
161 9
66 6
303 4
73 289
78 6
219 7
52 1
49 8
198 6
295 6
253 8
334 5
132 7
144 292
270 5
118 9
15 2
31 2
193 8
270 10
341 5
146 3
277 9
91 339
212 7
192 1
312 9
181 6
232 9
322 8
211 2
121 2
40 2
241 135
44 2
24 1
116 9
321 3
287 5
132 4
211 8
272 2
169 8
8 211
21 7
135 7
316 4
265 1
182 6
311 1
287 10
110 4
7 3
194 283
234 6
14 6
57 1
337 2
132 6
219 5
190 4
116 6
192 7
330 137
143 10
82 5
94 5
207 5
237 2
216 7
246 4
39 2
277 4
160 62
282 1
267 9
58 9
316 7
254 8
221 3
69 7
134 4
143 8
206 301
239 9
337 5
304 5
292 10
19 7
9 1
231 6
252 10
275 1
10 286
109 9
90 1
196 7
125 6
326 5
278 3
259 5
211 2
210 8
229 84
53 5
325 2
187 3
89 10
5 10
49 5
309 4
129 7
159 2
72 199
96 9
257 4
5 5
287 2
23 3
130 5
203 7
38 1
19 10
58 247
35 5
290 2
289 2
145 2
43 1
278 10
39 8
29 1
62 2
231 69
61 9
125 7
230 5
314 7
100 5
203 1
166 7
28 1
237 9
132 218
291 5
345 10
141 5
156 1
95 8
101 3
117 4
245 8
130 5
209 283
231 7
291 8
332 3
194 3
58 4
279 2
239 5
149 4
279 5
185 330
281 8
262 4
174 6
76 2
103 6
61 8
239 7
303 8
244 8
253 64
160 10
218 2
234 3
162 10
339 5
243 8
99 6
298 10
133 5
295 73
243 2
245 4
148 5
71 7
135 6
7 4
215 5
210 8
248 1
25 272
16 1
298 10
120 4
195 7
185 4
242 7
187 7
17 10
267 5
94 72
336 7
246 5
4 3
186 1
23 8
104 10
118 5
183 10
270 4
83 244
245 2
162 5
89 1
156 5
194 5
191 1
188 7
82 10
57 7
98 198
263 5
9 5
289 8
115 4
35 6
308 10
194 10
240 9
80 10
312 171
162 7
221 4
156 10
162 2
285 2
286 10
146 9
213 5
30 9
299 130
348 6
237 10
294 7
102 1
14 2
283 3
185 6
320 10
324 8
40 181
59 6
162 3
63 7
319 7
253 9
187 1
309 2
185 6
145 6
217 260
95 7
238 6
298 10
274 6
301 10
84 4
163 10
97 2
144 4
299 206
331 5
161 6
118 6
305 10
61 7
28 1
127 6
4 2
188 4
72 128
218 5
137 7
98 5
308 9
75 5
302 5
307 3
165 3
315 9
278 138
85 8
166 3
321 7
293 3
233 8
163 1
266 7
253 7
119 6
304 83
113 7
72 2
131 5
139 5
92 7
147 7
331 3
332 1
94 5
153 89
227 2
105 6
222 1
68 6
21 9
21 10
326 9
219 8
188 3
347 186
339 1
15 1
30 9
186 9
31 9
236 1
235 6
88 7
298 4
319 150
332 6
113 1
34 5
288 7
39 3
114 10
59 3
167 10
56 7
151 142
162 10
23 2
336 7
148 1
176 10
65 9
184 10
31 6
322 4
258 176
128 8
258 2
219 4
278 3
17 5
140 3
12 2
195 9
163 4
157 214
