787 1000
1 2
1 3
3 4
3 5
1 6
5 7
2 8
7 9
6 10
6 11
9 12
4 13
11 14
12 15
3 16
7 17
8 18
10 19
4 20
2 21
5 22
8 23
11 24
10 25
24 26
7 27
15 28
9 29
2 30
27 31
16 32
30 33
33 34
12 35
30 36
11 37
5 38
36 39
15 40
14 41
33 42
21 43
36 44
20 45
10 46
28 47
43 48
26 49
25 50
39 51
37 52
12 53
48 54
54 55
10 56
52 57
30 58
21 59
32 60
8 61
61 62
24 63
2 64
60 65
22 66
49 67
27 68
29 69
52 70
60 71
24 72
68 73
33 74
5 75
22 76
31 77
6 78
25 79
7 80
44 81
76 82
11 83
41 84
3 85
24 86
28 87
1 88
39 89
10 90
70 91
69 92
56 93
82 94
48 95
27 96
60 97
76 98
13 99
73 100
66 101
69 102
4 103
18 104
47 105
55 106
38 107
89 108
56 109
91 110
15 111
96 112
95 113
41 114
77 115
42 116
39 117
26 118
113 119
102 120
67 121
86 122
100 123
22 124
94 125
39 126
41 127
99 128
59 129
28 130
104 131
2 132
119 133
99 134
22 135
107 136
45 137
65 138
76 139
79 140
65 141
69 142
10 143
49 144
134 145
9 146
138 147
57 148
45 149
14 150
145 151
87 152
39 153
93 154
83 155
69 156
105 157
26 158
40 159
98 160
30 161
38 162
154 163
111 164
88 165
20 166
135 167
90 168
120 169
77 170
17 171
93 172
34 173
69 174
161 175
116 176
128 177
145 178
141 179
60 180
118 181
125 182
46 183
42 184
36 185
119 186
68 187
86 188
65 189
131 190
70 191
47 192
20 193
73 194
45 195
20 196
28 197
96 198
23 199
8 200
45 201
35 202
5 203
159 204
53 205
32 206
198 207
182 208
114 209
108 210
99 211
139 212
143 213
47 214
49 215
185 216
25 217
134 218
105 219
130 220
72 221
126 222
175 223
159 224
97 225
95 226
112 227
189 228
67 229
129 230
12 231
6 232
153 233
205 234
23 235
72 236
209 237
207 238
85 239
41 240
17 241
22 242
57 243
169 244
20 245
242 246
127 247
207 248
70 249
119 250
164 251
11 252
166 253
66 254
29 255
109 256
231 257
89 258
44 259
193 260
207 261
168 262
131 263
134 264
158 265
248 266
154 267
259 268
257 269
72 270
111 271
108 272
110 273
5 274
160 275
17 276
201 277
221 278
92 279
124 280
100 281
236 282
282 283
14 284
201 285
156 286
210 287
16 288
214 289
196 290
73 291
236 292
213 293
179 294
292 295
239 296
95 297
201 298
157 299
28 300
70 301
294 302
137 303
16 304
187 305
100 306
92 307
43 308
288 309
303 310
56 311
96 312
178 313
50 314
256 315
296 316
2 317
309 318
7 319
158 320
266 321
59 322
134 323
135 324
120 325
42 326
284 327
195 328
232 329
74 330
234 331
124 332
247 333
135 334
250 335
63 336
104 337
267 338
331 339
158 340
109 341
269 342
342 343
222 344
77 345
236 346
176 347
39 348
315 349
159 350
155 351
221 352
181 353
336 354
12 355
2 356
195 357
233 358
204 359
55 360
254 361
120 362
337 363
7 364
304 365
91 366
232 367
10 368
256 369
72 370
10 371
155 372
175 373
305 374
285 375
336 376
320 377
206 378
236 379
143 380
161 381
21 382
275 383
234 384
8 385
314 386
150 387
176 388
232 389
208 390
118 391
390 392
358 393
212 394
144 395
323 396
108 397
15 398
3 399
394 400
262 401
338 402
70 403
86 404
255 405
127 406
238 407
319 408
171 409
34 410
20 411
96 412
387 413
172 414
216 415
270 416
355 417
242 418
184 419
112 420
233 421
19 422
117 423
412 424
134 425
250 426
122 427
367 428
207 429
287 430
352 431
133 432
23 433
139 434
298 435
118 436
181 437
336 438
55 439
32 440
126 441
288 442
393 443
117 444
187 445
85 446
30 447
186 448
404 449
86 450
158 451
357 452
257 453
41 454
165 455
379 456
353 457
421 458
206 459
8 460
226 461
188 462
29 463
245 464
22 465
400 466
132 467
440 468
46 469
364 470
357 471
52 472
390 473
464 474
32 475
5 476
118 477
77 478
65 479
479 480
44 481
78 482
415 483
86 484
408 485
408 486
95 487
424 488
282 489
103 490
13 491
307 492
178 493
144 494
310 495
308 496
481 497
329 498
382 499
39 500
326 501
296 502
383 503
164 504
440 505
352 506
5 507
102 508
320 509
275 510
311 511
126 512
438 513
396 514
281 515
489 516
197 517
499 518
477 519
486 520
163 521
194 522
366 523
198 524
98 525
327 526
278 527
193 528
460 529
146 530
137 531
273 532
90 533
277 534
422 535
313 536
470 537
412 538
329 539
46 540
259 541
267 542
410 543
475 544
65 545
520 546
395 547
277 548
116 549
296 550
330 551
40 552
177 553
545 554
503 555
176 556
210 557
347 558
147 559
172 560
513 561
378 562
506 563
244 564
97 565
191 566
366 567
48 568
88 569
248 570
376 571
221 572
332 573
240 574
273 575
349 576
341 577
506 578
42 579
234 580
454 581
402 582
371 583
139 584
293 585
156 586
170 587
467 588
462 589
486 590
213 591
49 592
182 593
197 594
79 595
155 596
113 597
339 598
524 599
115 600
464 601
572 602
378 603
363 604
496 605
251 606
594 607
323 608
6 609
148 610
610 611
220 612
13 613
268 614
438 615
10 616
46 617
227 618
416 619
223 620
95 621
597 622
171 623
538 624
389 625
40 626
31 627
86 628
576 629
225 630
473 631
28 632
462 633
191 634
33 635
422 636
64 637
491 638
4 639
487 640
132 641
579 642
209 643
271 644
135 645
521 646
487 647
476 648
629 649
19 650
350 651
241 652
265 653
422 654
242 655
447 656
589 657
518 658
637 659
138 660
4 661
580 662
289 663
433 664
164 665
313 666
418 667
359 668
289 669
637 670
574 671
276 672
648 673
425 674
205 675
367 676
136 677
300 678
397 679
422 680
420 681
8 682
632 683
235 684
407 685
1 686
638 687
519 688
185 689
270 690
216 691
464 692
223 693
665 694
282 695
201 696
609 697
182 698
84 699
410 700
165 701
667 702
176 703
544 704
538 705
315 706
323 707
169 708
7 709
708 710
191 711
457 712
495 713
279 714
620 715
224 716
23 717
109 718
111 719
484 720
354 721
164 722
507 723
23 724
502 725
415 726
397 727
476 728
443 729
696 730
63 731
385 732
131 733
586 734
654 735
324 736
220 737
660 738
664 739
141 740
151 741
519 742
25 743
295 744
683 745
275 746
88 747
314 748
510 749
536 750
336 751
325 752
438 753
144 754
501 755
572 756
492 757
179 758
2 759
699 760
364 761
440 762
80 763
357 764
161 765
194 766
338 767
381 768
621 769
603 770
84 771
649 772
161 773
26 774
125 775
407 776
545 777
289 778
682 779
168 780
440 781
363 782
441 783
484 784
419 785
443 786
704 787
324 3
317 9
219 2
306 5
391 3
589 8
33 10
221 3
39 9
697 212
319 7
159 2
332 10
604 4
315 8
413 5
150 4
716 6
334 4
68 479
75 10
78 5
743 4
452 10
150 7
759 4
342 2
739 10
270 9
744 569
417 1
131 10
448 4
235 7
291 4
497 10
239 5
263 6
394 9
205 523
615 4
677 9
765 5
173 5
618 8
776 1
483 1
253 6
715 4
149 759
755 9
392 3
413 4
102 7
266 2
770 3
194 1
393 8
605 2
493 599
69 3
777 10
637 5
441 5
582 6
159 7
104 8
627 5
498 8
552 655
273 9
654 3
37 8
127 9
284 10
215 4
466 2
494 10
302 5
266 59
507 8
70 2
360 5
255 7
191 9
184 8
243 2
737 4
653 8
709 122
780 3
126 5
575 10
230 1
103 6
117 1
348 3
388 6
479 7
765 677
262 8
520 5
639 8
655 4
183 5
721 2
442 8
176 8
754 10
763 69
532 5
503 5
282 7
433 3
171 10
720 9
276 2
35 5
525 2
614 80
430 4
679 4
6 8
708 7
378 4
538 3
16 4
637 2
114 2
156 279
173 9
546 7
610 7
693 10
647 9
637 8
733 10
149 3
605 8
284 673
30 10
484 4
117 4
531 9
429 3
62 6
104 5
41 3
599 7
261 307
209 2
775 4
448 7
555 7
178 3
52 7
64 5
250 5
299 9
409 617
129 9
525 5
335 9
185 10
110 7
392 10
224 6
777 7
119 4
39 658
231 10
553 7
766 5
285 4
383 1
417 5
301 9
352 7
227 8
96 436
210 3
467 6
169 7
429 6
138 9
102 7
465 4
527 5
646 1
42 93
355 3
519 8
37 10
616 4
140 5
524 4
268 9
662 3
252 9
103 579
314 3
169 6
527 9
325 3
752 10
721 8
97 9
785 9
749 7
487 287
721 8
620 6
538 1
785 5
594 9
339 10
714 6
577 8
345 3
77 588
464 5
778 8
48 8
392 8
705 10
691 8
108 9
161 7
402 3
603 570
694 1
498 5
560 5
354 1
786 2
503 9
244 1
528 3
355 3
293 488
12 9
757 1
422 5
764 2
391 9
557 2
571 6
416 2
91 2
334 167
140 8
272 7
393 3
540 1
756 5
493 3
203 10
728 6
45 9
581 231
255 8
617 7
622 4
656 8
112 9
731 1
370 2
442 10
502 6
525 127
291 7
354 7
270 3
686 4
288 4
230 2
255 5
133 5
253 10
137 184
649 8
175 1
492 1
331 4
678 5
453 9
110 4
338 4
430 1
385 310
277 6
390 3
174 2
521 8
30 6
504 5
657 8
307 9
281 4
377 22
145 8
198 3
334 4
492 9
73 5
130 1
197 6
754 5
333 1
381 334
253 5
282 1
383 6
774 7
412 6
739 7
159 4
251 9
118 6
545 782
231 2
309 9
46 4
661 10
67 3
216 1
603 8
530 8
662 1
421 572
654 8
712 4
629 4
312 9
226 5
668 10
319 9
33 10
146 8
675 370
391 3
320 5
68 8
16 8
683 1
589 10
149 10
233 6
626 8
348 553
337 7
401 2
27 3
3 2
286 4
411 8
529 10
654 10
228 5
339 762
382 4
705 10
66 6
348 9
603 5
222 5
145 10
350 2
278 8
103 505
217 2
235 6
300 2
184 7
342 8
252 5
621 2
239 8
252 7
56 37
520 7
676 4
189 6
655 3
293 10
333 4
25 2
614 1
697 10
264 41
477 9
305 1
681 9
391 9
79 3
199 8
390 5
102 8
578 9
450 702
718 9
32 6
649 6
78 10
31 10
245 5
304 1
431 4
550 7
589 399
495 3
760 7
757 8
527 10
112 6
456 2
134 8
714 8
492 5
313 437
342 6
494 6
757 7
503 4
506 7
715 4
476 10
25 4
376 7
3 114
548 2
189 8
20 6
100 5
431 6
714 4
540 8
89 10
270 5
281 524
663 3
764 4
502 3
675 1
253 5
470 4
721 2
335 10
464 8
687 528
508 9
619 6
557 6
647 2
7 9
117 10
340 8
436 10
614 1
427 144
230 3
589 4
637 6
480 5
661 3
181 10
20 7
488 1
653 4
608 641
233 5
271 10
731 9
415 5
131 2
57 6
92 1
441 8
390 7
222 456
578 3
67 1
786 4
418 10
757 2
173 8
274 6
409 8
2 9
654 254
592 3
291 10
361 10
111 5
292 8
305 7
283 3
307 9
262 6
179 614
170 10
658 6
423 6
323 2
689 4
768 6
496 1
377 8
665 8
218 259
108 9
291 8
718 6
35 5
275 7
487 10
701 7
415 7
587 10
283 87
175 8
63 5
564 2
224 5
744 1
297 9
525 7
425 7
48 8
255 82
356 7
36 2
44 2
389 2
254 4
639 4
345 2
353 3
534 10
541 315
172 1
738 9
244 5
506 10
172 2
385 8
388 4
100 6
425 2
4 101
521 2
237 6
483 10
299 9
357 2
589 4
703 2
338 10
308 9
299 16
185 7
212 6
127 9
136 8
343 7
294 2
377 2
111 4
8 5
731 53
757 2
543 4
610 6
640 9
615 2
701 8
503 8
670 8
67 1
735 227
483 8
74 2
610 1
761 8
162 1
473 3
153 4
152 6
624 5
442 691
513 4
466 5
506 7
92 1
561 8
460 10
578 10
646 3
620 2
60 212
655 10
600 4
503 7
445 4
439 6
655 4
610 1
161 6
262 4
418 732
484 10
156 6
366 9
677 10
243 3
6 7
685 9
73 9
736 1
181 414
469 2
240 1
693 6
361 3
179 7
91 10
696 4
76 4
740 8
172 666
378 3
186 6
471 3
479 3
604 9
86 5
711 8
367 8
210 4
438 177
762 7
476 1
666 10
302 2
352 1
403 3
244 5
289 3
273 6
341 587
104 2
591 4
273 6
696 9
542 1
157 6
533 7
69 4
209 9
206 416
614 6
192 4
159 5
467 1
712 4
130 1
260 7
248 5
586 6
437 713
276 7
359 9
438 3
93 6
45 3
324 3
268 3
597 1
74 9
142 483
63 2
485 4
133 6
742 10
120 7
407 8
232 8
633 3
336 8
781 445
433 5
675 8
160 1
92 1
423 10
687 2
452 7
174 9
236 10
268 137
199 2
520 10
389 7
578 4
268 4
683 9
229 5
452 1
215 6
70 692
156 7
244 6
600 7
189 10
401 8
783 8
609 8
416 6
166 4
479 175
722 10
435 5
376 6
668 4
687 1
693 1
680 9
121 7
517 2
424 413
101 5
109 8
112 8
435 2
631 10
113 10
571 4
87 3
305 6
261 163
260 6
145 2
124 8
399 1
573 5
295 2
33 10
293 1
2 8
352 296
148 3
511 9
424 10
172 5
562 4
348 9
599 9
440 4
660 8
709 599
345 6
566 7
497 10
436 4
95 10
509 7
246 4
670 10
128 1
681 591
589 2
448 6
721 7
55 7
392 1
16 1
298 3
515 2
667 4
219 290
667 1
75 10
580 10
312 8
136 4
444 9
110 7
138 10
654 7
354 449
155 3
13 6
530 7
520 9
414 1
298 4
192 5
768 1
294 4
500 565
37 9
674 10
329 6
471 7
641 4
270 7
32 5
744 1
612 4
319 728
477 7
579 9
728 2
275 1
350 1
207 4
622 8
709 2
577 7
171 717
295 10
503 5
579 3
653 5
48 6
370 10
783 6
250 7
640 2
109 537
192 5
30 2
12 5
603 5
555 3
369 10
335 3
618 9
562 4
564 494
659 9
76 1
17 8
47 1
596 10
380 6
743 3
295 3
724 2
112 281
704 2
538 4
598 1
208 9
397 9
298 7
467 2
384 1
671 8
12 300
616 3
723 10
643 4
649 3
733 10
467 9
150 7
319 3
594 6
743 568
404 3
548 9
578 9
670 10
46 1
738 6
242 5
169 7
769 10
753 631
384 8
344 3
142 1
453 9
253 6
277 2
536 9
743 10
536 5
250 517
163 8
261 2
14 9
600 8
540 3
541 6
521 3
46 2
538 10
492 319
278 4
637 2
254 4
432 2
90 3
516 1
751 2
80 9
754 7
289 456
626 8
462 3
389 7
627 3
778 1
679 7
722 6
69 7
609 6
571 547
450 5
71 6
155 4
292 4
183 8
575 2
477 4
298 6
654 3
592 268
343 8
4 2
255 5
510 3
95 7
676 10
175 10
660 2
407 8
40 481
399 10
434 9
280 2
586 7
75 8
401 10
756 1
497 5
759 1
490 199
159 2
646 1
184 4
231 8
445 5
346 1
752 10
220 9
192 6
421 170
362 8
113 3
650 1
149 10
180 7
563 1
329 5
314 3
71 10
109 511
355 8
735 2
428 3
718 5
769 10
585 1
176 5
243 2
582 7
630 726
503 1
326 2
268 9
770 4
461 3
506 1
468 6
572 6
489 1
321 683
448 7
71 3
503 9
705 8
294 9
379 3
539 5
439 3
309 6
611 338
