332 1000
1 2
2 3
3 4
2 5
3 6
2 7
5 8
6 9
5 10
3 11
5 12
5 13
2 14
13 15
2 16
5 17
8 18
7 19
6 20
20 21
2 22
20 23
15 24
13 25
19 26
7 27
26 28
26 29
2 30
28 31
11 32
15 33
23 34
31 35
18 36
30 37
7 38
3 39
11 40
4 41
13 42
12 43
20 44
11 45
36 46
22 47
42 48
9 49
15 50
9 51
15 52
41 53
1 54
23 55
7 56
21 57
34 58
50 59
10 60
46 61
30 62
33 63
53 64
23 65
3 66
22 67
58 68
31 69
14 70
40 71
42 72
49 73
5 74
16 75
73 76
58 77
51 78
2 79
43 80
78 81
53 82
42 83
26 84
71 85
41 86
23 87
77 88
22 89
21 90
26 91
36 92
84 93
41 94
39 95
67 96
8 97
86 98
77 99
35 100
86 101
64 102
73 103
30 104
8 105
3 106
33 107
47 108
64 109
75 110
10 111
24 112
85 113
25 114
4 115
65 116
40 117
48 118
87 119
55 120
105 121
45 122
87 123
45 124
93 125
94 126
43 127
79 128
101 129
18 130
111 131
105 132
4 133
84 134
84 135
56 136
99 137
129 138
75 139
21 140
9 141
117 142
93 143
106 144
11 145
46 146
131 147
147 148
108 149
81 150
91 151
9 152
138 153
140 154
35 155
110 156
139 157
124 158
128 159
155 160
65 161
59 162
122 163
114 164
85 165
95 166
106 167
144 168
33 169
21 170
31 171
51 172
159 173
112 174
59 175
159 176
50 177
135 178
11 179
106 180
143 181
51 182
96 183
54 184
69 185
139 186
25 187
90 188
145 189
118 190
64 191
138 192
27 193
7 194
103 195
41 196
173 197
47 198
42 199
199 200
142 201
111 202
188 203
107 204
191 205
179 206
78 207
181 208
78 209
171 210
132 211
97 212
182 213
39 214
194 215
53 216
36 217
162 218
174 219
53 220
36 221
211 222
112 223
187 224
92 225
66 226
116 227
198 228
213 229
26 230
97 231
81 232
137 233
109 234
72 235
53 236
49 237
47 238
174 239
41 240
73 241
203 242
166 243
122 244
81 245
227 246
22 247
211 248
22 249
136 250
234 251
147 252
4 253
182 254
35 255
35 256
147 257
165 258
30 259
147 260
225 261
89 262
170 263
231 264
86 265
60 266
234 267
95 268
29 269
8 270
223 271
206 272
206 273
59 274
75 275
76 276
269 277
270 278
191 279
10 280
253 281
247 282
56 283
4 284
171 285
175 286
196 287
161 288
266 289
142 290
253 291
86 292
36 293
230 294
63 295
147 296
234 297
102 298
34 299
28 300
123 301
277 302
70 303
261 304
277 305
61 306
202 307
109 308
218 309
38 310
138 311
29 312
74 313
151 314
280 315
284 316
27 317
253 318
192 319
146 320
132 321
136 322
235 323
136 324
188 325
284 326
139 327
31 328
263 329
160 330
294 331
187 332
195 1
52 6
199 3
39 2
245 5
156 2
180 1
289 4
111 9
214 65
166 5
258 8
182 8
93 8
108 5
151 9
90 7
121 9
30 2
141 171
103 9
240 4
293 10
289 2
85 2
51 10
37 8
290 1
280 8
127 213
309 4
86 1
69 10
154 1
98 4
22 2
184 1
131 6
303 1
2 220
304 4
146 6
240 1
50 9
38 2
16 7
124 10
96 4
22 2
91 145
131 1
293 7
289 8
121 9
12 3
58 3
41 4
302 4
78 6
274 206
18 5
319 9
52 5
15 3
296 2
131 7
233 5
217 2
12 3
99 92
93 9
235 3
142 4
309 10
269 2
102 6
48 3
171 4
13 9
191 88
47 5
265 1
198 1
34 4
283 3
93 6
226 3
296 7
13 7
312 277
98 1
318 7
239 3
324 6
318 2
191 6
111 9
28 10
175 3
3 226
91 1
254 2
274 3
311 1
156 8
222 7
26 9
300 7
189 6
192 27
37 9
168 1
92 7
76 7
67 9
76 3
212 10
174 9
48 5
39 263
310 3
291 4
331 2
19 6
83 7
4 6
49 8
225 7
304 1
272 181
28 6
243 6
255 4
324 6
161 5
84 4
193 7
229 6
177 4
7 49
143 6
198 2
300 2
221 10
272 9
172 7
8 3
287 9
130 1
197 189
320 7
75 7
87 10
42 6
82 1
66 3
136 9
8 8
123 8
171 10
186 3
312 10
329 9
56 2
91 5
279 3
215 8
80 4
200 2
331 123
174 8
121 1
325 1
270 4
122 9
219 3
332 3
138 6
323 6
221 186
275 5
79 5
122 1
98 9
64 2
112 8
272 1
125 8
210 2
8 216
204 7
26 7
325 7
216 9
249 1
223 6
133 4
229 4
210 10
22 77
80 9
152 7
158 9
58 10
56 9
99 4
270 3
167 7
94 8
55 265
187 7
65 9
247 3
162 6
31 2
7 7
180 2
48 9
218 3
258 93
327 10
136 7
114 2
288 10
164 2
290 8
183 7
49 9
78 6
13 318
94 3
63 5
320 9
94 2
3 10
293 9
233 9
170 1
85 9
315 31
183 3
6 3
301 9
85 5
235 4
300 4
28 9
267 1
324 1
108 149
108 9
308 4
202 10
253 6
198 2
166 1
303 7
230 7
268 6
186 255
129 7
186 10
14 6
228 2
234 7
258 7
248 3
179 10
247 3
230 92
33 2
326 3
208 1
55 3
284 3
17 3
220 3
225 7
177 3
132 330
143 8
205 9
252 9
171 3
242 10
282 6
157 4
143 9
172 1
160 323
277 9
57 3
28 8
274 9
300 3
113 10
288 2
210 10
1 3
282 203
172 1
266 8
326 9
245 6
16 5
244 6
155 9
86 4
224 3
228 106
313 4
103 3
40 4
156 9
106 6
252 1
8 9
40 6
37 1
1 314
137 10
301 5
228 3
219 3
132 5
132 8
202 3
193 10
247 2
185 177
20 2
62 2
165 4
66 3
122 3
321 6
60 8
15 5
318 9
332 170
200 1
129 3
275 6
65 10
79 5
78 4
66 9
214 10
241 6
286 234
95 3
78 7
50 10
180 7
242 1
138 10
185 1
15 5
300 2
98 90
113 8
319 9
300 3
153 7
31 5
61 5
276 10
63 7
256 5
310 130
161 3
123 9
144 10
244 9
191 3
255 8
153 3
63 9
37 3
290 235
91 7
83 10
157 2
17 7
117 6
295 7
311 9
299 2
138 10
144 62
241 9
249 2
250 8
71 2
165 10
66 2
187 9
158 3
318 10
108 103
180 9
184 8
257 3
64 10
45 1
322 10
125 3
296 4
66 4
178 312
80 1
186 8
191 5
143 6
208 4
276 7
228 3
217 9
195 3
147 223
299 9
28 1
259 8
299 3
24 4
202 10
245 4
18 8
209 5
294 324
150 9
253 3
257 4
150 8
157 9
87 3
152 5
23 5
150 3
66 70
294 7
108 1
107 10
21 4
119 3
324 6
225 3
184 1
65 8
141 305
281 4
89 6
127 8
122 9
263 7
122 7
5 6
59 4
56 7
33 20
30 1
271 5
49 4
108 1
254 9
320 10
19 1
67 10
332 3
42 63
188 2
47 5
126 10
3 6
162 10
56 6
122 8
217 7
235 8
158 23
91 7
111 3
76 9
248 6
176 5
52 7
204 10
101 7
267 8
292 198
18 4
325 3
262 8
98 3
308 6
327 3
169 1
94 10
306 3
88 105
256 1
245 2
232 1
199 7
311 1
164 1
181 8
174 7
99 7
270 127
311 1
49 1
93 10
232 5
273 3
314 3
137 6
113 9
280 10
88 271
40 10
85 3
223 6
184 8
88 2
73 7
258 5
316 8
166 1
281 68
79 7
146 10
26 3
14 6
223 2
5 4
174 1
105 5
239 9
24 201
46 6
154 8
218 1
114 7
169 2
114 9
57 1
246 5
3 3
151 329
191 6
42 3
267 9
110 3
204 9
175 2
251 6
39 9
11 3
1 133
214 10
107 6
257 2
135 6
86 4
232 8
244 10
99 5
228 9
312 155
322 2
90 8
168 10
299 1
172 9
45 4
223 3
266 1
180 1
79 19
150 9
86 8
142 3
239 9
129 4
52 6
203 3
45 7
209 4
182 310
222 4
77 5
249 9
198 7
242 6
278 7
181 8
149 2
325 10
260 222
126 1
3 9
193 8
13 7
78 5
62 3
309 7
222 3
330 6
181 45
1 8
72 3
68 10
260 10
71 10
111 8
37 7
256 7
278 7
180 216
26 10
191 7
141 5
117 2
110 10
30 4
50 10
44 8
171 6
70 172
259 9
136 1
11 3
112 10
234 10
46 4
136 3
298 1
158 4
310 300
221 6
134 10
4 9
199 3
139 6
153 3
15 1
301 1
252 5
208 274
296 3
309 2
90 2
5 5
153 7
45 9
256 2
77 8
122 7
192 184
20 2
82 4
17 4
295 4
222 2
229 4
8 1
181 5
16 1
149 89
290 9
280 5
171 5
214 7
91 8
14 2
293 4
209 9
7 5
320 164
68 6
242 10
202 3
189 7
272 8
136 4
183 7
57 2
177 6
303 133
201 5
160 5
111 9
284 2
251 3
113 2
206 1
279 5
228 3
42 148
142 2
263 5
236 9
137 2
143 1
99 1
155 9
229 1
50 6
255 203
221 5
146 6
154 3
298 7
183 1
175 6
249 6
309 8
72 4
115 261
107 6
156 10
82 6
321 5
277 1
156 2
131 10
7 6
307 8
175 105
261 1
222 10
37 10
290 4
108 10
103 1
284 1
85 1
297 6
176 193
42 8
261 3
303 5
254 4
313 5
75 8
313 1
114 5
157 10
223 95
297 3
34 10
57 3
214 2
64 7
201 1
181 6
283 7
202 8
215 137
64 1
173 1
199 4
219 3
111 3
105 5
155 6
36 3
153 6
172 166
102 7
55 10
193 4
75 8
274 3
130 2
57 7
34 8
260 4
82 325
35 2
181 6
123 7
243 7
85 3
299 10
21 7
244 10
264 9
216 310
325 8
66 7
282 9
295 7
245 7
325 8
152 4
70 6
15 8
95 296
97 4
25 7
148 2
43 4
166 4
243 3
68 6
193 6
140 2
320 284
325 8
299 1
133 5
277 8
80 6
169 10
33 1
218 7
56 6
166 268
8 9
171 3
85 9
60 9
178 7
59 6
99 2
252 3
205 10
82 261
34 7
317 2
306 4
139 6
116 6
233 7
49 8
126 5
201 7
15 113
276 6
160 6
187 7
270 10
56 8
311 8
178 10
147 9
267 10
329 111
42 1
293 2
206 5
30 6
250 1
216 10
64 6
260 6
208 10
17 169
217 8
12 10
122 5
173 9
193 9
135 5
175 7
178 9
207 1
271 119
186 5
209 10
78 10
314 4
152 4
234 4
50 9
177 5
159 6
229 139
253 7
58 1
220 4
292 9
92 7
271 10
85 5
168 4
275 1
144 147
261 10
283 1
330 6
25 9
17 5
121 7
325 4
70 2
181 10
4 263
270 10
22 2
69 3
327 4
210 1
231 1
297 8
5 1
104 3
179 331
275 6
286 7
271 8
320 9
165 6
298 4
124 8
289 5
91 2
231 244
209 7
211 10
203 6
96 9
171 10
246 8
70 4
31 7
250 6
244 230
189 6
50 5
171 6
212 10
178 3
244 7
104 6
49 1
313 8
164 124
69 10
74 3
294 9
14 6
68 1
52 10
279 3
30 9
204 3
266 90
97 1
269 2
220 3
249 2
273 4
281 5
41 7
258 5
25 5
105 272
219 2
35 7
76 2
97 2
245 1
3 9
251 10
2 1
163 3
29 36
284 6
14 10
111 1
41 8
112 3
60 4
99 3
97 7
94 8
52 157
170 10
147 2
62 8
114 6
14 4
63 6
270 3
116 9
77 7
210 296
222 2
31 4
283 4
92 8
36 9
282 2
295 9
289 2
208 7
49 254
