214 1000
1 2
1 3
3 4
4 5
2 6
6 7
7 8
5 9
8 10
10 11
11 12
3 13
3 14
14 15
15 16
3 17
13 18
2 19
1 20
11 21
21 22
1 23
13 24
1 25
8 26
25 27
18 28
23 29
21 30
7 31
28 32
26 33
25 34
9 35
10 36
35 37
14 38
8 39
18 40
13 41
32 42
13 43
13 44
43 45
1 46
16 47
17 48
23 49
29 50
32 51
37 52
14 53
53 54
33 55
33 56
36 57
47 58
47 59
8 60
60 61
5 62
24 63
58 64
57 65
41 66
36 67
33 68
30 69
9 70
1 71
64 72
58 73
62 74
3 75
20 76
1 77
65 78
37 79
37 80
25 81
39 82
4 83
74 84
44 85
4 86
77 87
87 88
53 89
76 90
60 91
54 92
1 93
60 94
88 95
29 96
14 97
83 98
12 99
91 100
6 101
92 102
81 103
12 104
67 105
3 106
30 107
35 108
95 109
103 110
61 111
111 112
107 113
18 114
21 115
94 116
61 117
42 118
83 119
12 120
43 121
13 122
66 123
37 124
121 125
123 126
100 127
52 128
80 129
6 130
54 131
82 132
40 133
9 134
41 135
9 136
29 137
50 138
60 139
100 140
111 141
67 142
111 143
32 144
107 145
6 146
68 147
2 148
41 149
105 150
10 151
105 152
16 153
58 154
59 155
53 156
152 157
114 158
34 159
19 160
39 161
135 162
34 163
71 164
101 165
112 166
104 167
36 168
137 169
42 170
45 171
131 172
112 173
166 174
168 175
105 176
95 177
169 178
169 179
81 180
108 181
6 182
177 183
117 184
69 185
90 186
118 187
137 188
60 189
42 190
140 191
89 192
135 193
12 194
116 195
53 196
181 197
167 198
88 199
125 200
132 201
28 202
103 203
186 204
135 205
67 206
17 207
86 208
128 209
155 210
42 211
89 212
205 213
2 214
88 8
79 1
30 4
144 1
45 7
66 10
109 10
202 1
143 6
23 91
179 10
96 8
204 1
1 10
34 2
34 4
20 7
171 6
121 7
115 103
188 8
85 8
56 7
85 10
5 2
121 3
161 5
208 10
38 6
118 100
209 7
107 6
116 3
33 3
44 9
73 3
191 2
68 7
173 2
28 28
2 6
53 9
53 8
62 5
125 3
115 9
30 3
65 1
172 5
57 143
120 5
85 3
112 3
111 2
146 3
149 10
15 8
211 7
212 9
57 46
13 6
159 1
131 9
11 4
181 9
118 7
198 7
177 5
160 1
200 26
203 4
65 10
87 4
199 4
106 5
20 10
123 5
194 8
189 1
175 203
74 2
142 9
72 4
61 4
2 7
131 5
163 1
187 4
201 5
61 98
59 8
36 7
114 4
45 3
129 4
10 4
129 5
17 1
170 6
136 100
161 1
214 3
45 5
198 2
81 6
107 2
27 5
170 3
134 4
93 213
34 7
212 1
124 4
99 10
145 1
50 4
211 5
83 3
138 10
129 32
92 9
159 3
47 6
128 6
205 10
29 5
192 7
20 10
14 7
125 210
114 2
190 1
162 1
198 2
165 2
187 2
24 4
55 5
105 8
17 163
209 7
4 5
99 1
209 7
81 1
156 6
101 4
24 8
9 3
34 148
190 5
38 10
63 1
82 4
95 1
149 4
73 8
30 7
115 7
196 104
104 7
146 5
139 5
186 3
2 9
147 9
148 2
66 2
42 9
34 66
89 9
3 5
178 1
182 8
99 7
105 5
43 9
132 5
50 6
12 95
31 4
195 8
184 5
104 7
159 3
210 2
161 4
54 6
45 2
19 28
8 5
141 2
31 6
211 10
55 1
34 2
81 10
120 4
102 7
68 166
120 5
36 1
196 4
34 9
68 3
56 8
49 1
107 10
17 10
187 180
69 2
90 4
111 9
146 6
201 2
184 3
20 1
156 1
206 5
66 170
119 10
125 4
57 3
174 2
188 10
165 10
40 4
111 10
109 1
91 126
62 9
144 10
157 8
110 7
108 10
48 1
172 9
31 9
171 1
130 92
97 5
71 6
81 4
198 2
122 2
78 3
48 2
194 5
28 4
200 166
179 1
179 7
201 8
36 8
122 5
121 10
55 1
212 5
104 8
15 118
34 4
14 4
128 1
15 8
184 1
134 1
164 9
203 5
178 7
188 169
129 6
20 5
158 10
27 9
19 8
150 1
103 5
62 6
163 6
98 151
153 10
126 8
187 6
20 7
114 5
169 10
53 8
103 6
180 6
88 201
73 3
187 2
105 3
7 2
118 7
208 5
70 2
144 4
39 3
107 57
172 10
209 9
100 1
200 1
63 3
81 10
140 3
151 10
172 9
65 160
83 6
122 5
124 9
103 1
168 2
162 1
22 2
37 10
123 10
120 183
85 3
94 8
126 2
139 3
29 2
52 5
128 1
16 8
135 2
206 81
42 3
177 1
24 2
62 8
171 3
202 2
40 8
151 7
69 10
3 143
49 8
170 2
6 6
206 2
163 8
114 2
131 10
28 6
146 1
139 143
43 9
1 6
72 2
115 3
62 9
115 6
42 4
205 2
124 9
84 33
114 9
32 5
102 7
150 2
67 6
87 1
45 2
66 6
207 7
213 166
140 3
118 7
126 9
203 2
44 8
27 2
99 3
56 10
32 7
58 64
109 4
136 9
142 10
51 8
208 9
103 9
102 2
111 4
133 6
179 20
4 3
90 3
211 10
174 8
19 9
23 4
87 6
101 8
147 5
162 78
170 1
77 9
139 1
96 7
147 7
199 6
77 9
136 10
80 2
177 66
22 2
38 2
35 6
37 3
182 10
129 5
42 3
166 6
159 1
199 74
8 8
147 7
119 5
9 7
145 2
120 6
130 5
63 10
88 7
37 117
166 5
133 4
115 9
50 7
134 5
96 4
63 2
103 6
156 6
31 93
37 1
102 3
204 4
99 8
214 7
165 6
61 1
77 8
42 6
133 44
201 2
64 4
183 10
180 2
88 1
150 5
25 9
212 4
163 7
71 72
176 7
12 1
214 1
3 2
31 9
199 7
212 5
77 3
170 2
79 135
150 1
40 5
96 7
16 1
193 7
90 8
45 9
204 8
145 9
86 214
182 6
24 6
138 4
40 3
29 2
140 5
61 8
153 1
74 3
9 62
8 10
159 4
6 4
86 2
76 9
30 5
179 10
90 1
214 9
177 44
26 8
74 4
64 1
108 5
30 4
123 9
207 8
207 3
190 9
209 130
21 6
115 9
79 4
181 9
47 10
47 8
15 5
78 6
135 9
12 86
130 4
196 3
59 4
37 6
139 10
189 4
155 4
166 5
39 9
15 189
11 1
88 4
200 4
135 8
163 6
143 9
62 1
151 7
27 10
187 169
159 2
192 1
123 1
97 10
89 10
111 6
62 9
116 3
6 7
114 182
24 2
13 6
48 1
186 5
167 5
39 10
211 6
79 3
41 5
57 192
77 5
115 4
123 4
99 4
46 6
136 5
133 7
21 2
203 6
57 54
85 2
173 8
61 7
119 4
85 10
145 5
170 5
187 6
55 2
53 125
24 7
112 8
71 6
103 5
23 10
52 8
13 10
98 4
25 3
131 169
171 6
99 3
136 6
117 8
184 9
106 8
135 8
53 1
115 2
38 199
150 3
134 10
195 2
206 3
93 9
63 4
210 5
137 3
121 9
61 146
24 8
26 6
156 2
136 5
147 6
154 5
7 4
195 8
133 10
202 136
167 5
74 6
97 9
139 8
108 4
29 2
122 5
38 2
62 10
139 40
127 4
159 3
35 4
18 7
136 4
73 1
151 9
48 8
173 6
152 30
73 8
48 5
62 10
27 7
128 6
141 10
183 1
92 9
72 8
33 52
74 7
101 8
4 3
5 1
85 1
10 10
101 2
130 8
211 4
127 188
195 7
185 7
28 9
152 3
52 1
11 4
164 9
176 2
149 5
191 23
164 7
121 4
174 2
192 1
176 8
173 1
99 1
41 10
166 3
127 32
194 6
119 1
119 1
203 9
134 10
142 10
134 1
21 1
106 4
96 73
7 2
197 9
174 7
100 8
145 6
96 6
123 8
65 2
138 2
161 209
3 4
104 5
98 10
108 6
15 3
117 3
206 7
207 8
55 8
14 132
34 10
200 7
62 3
53 2
49 7
194 9
124 6
198 7
67 9
23 49
94 7
118 5
97 3
133 4
52 10
111 1
62 7
88 1
193 3
50 120
155 9
24 3
110 5
132 1
15 4
24 8
15 9
97 9
142 4
95 104
132 10
34 6
199 6
70 6
175 6
25 6
110 7
19 7
40 10
124 68
85 1
94 1
99 9
80 5
124 2
151 5
181 4
120 10
74 1
46 48
108 10
146 6
132 3
172 5
187 4
144 1
50 1
39 7
199 2
142 122
106 4
136 7
166 10
199 7
181 7
90 8
71 5
173 2
90 2
205 60
66 9
35 9
165 3
13 1
138 8
86 2
78 3
193 1
109 3
213 111
127 10
134 10
37 3
171 5
159 1
181 3
33 9
64 2
181 2
28 100
158 9
98 4
168 7
121 2
122 10
30 9
163 1
183 10
141 4
173 157
190 6
210 6
11 4
154 10
101 5
92 1
198 9
151 3
148 6
211 11
184 3
171 3
50 8
45 6
114 4
35 10
214 6
98 7
19 8
156 99
150 8
179 10
77 3
142 10
184 4
153 8
192 4
15 9
36 4
7 119
4 3
59 10
156 3
2 4
23 2
176 2
145 9
128 5
167 3
127 146
141 3
82 3
155 1
27 4
78 9
97 2
89 6
23 6
68 6
19 37
107 7
100 10
59 6
194 6
11 7
40 5
92 2
7 9
148 1
65 10
58 2
37 3
59 4
98 7
72 5
142 5
8 5
114 4
48 10
118 137
124 9
41 3
179 4
97 6
150 3
103 6
93 4
126 3
153 9
184 193
153 2
59 1
114 7
201 5
75 6
130 5
88 4
99 9
72 7
10 44
100 9
185 6
25 10
203 9
43 6
6 3
190 2
44 9
11 7
15 52
58 9
77 4
23 1
126 1
173 4
163 9
166 10
103 1
88 6
107 165
55 10
104 4
127 7
205 10
48 9
62 7
206 9
22 1
213 5
15 127
140 1
19 7
138 1
69 3
45 8
37 2
169 10
83 9
96 4
23 160
96 1
115 1
80 9
128 10
152 7
30 4
90 6
118 6
196 8
123 65
177 9
70 8
85 3
72 9
181 4
128 4
36 7
190 1
181 1
144 213
39 3
202 7
67 8
34 10
121 6
124 2
7 8
4 7
189 2
213 39
54 8
61 7
11 7
25 10
72 3
128 10
210 10
8 5
174 8
131 77
119 5
121 1
34 3
82 10
204 3
158 3
80 1
199 5
48 8
169 122
93 10
19 7
66 6
144 4
81 2
182 3
164 10
71 8
139 4
120 177
