567 1000
1 2
2 3
1 4
1 5
2 6
1 7
3 8
5 9
9 10
5 11
10 12
5 13
4 14
10 15
5 16
8 17
1 18
15 19
4 20
20 21
11 22
18 23
15 24
3 25
4 26
11 27
7 28
17 29
9 30
21 31
27 32
21 33
9 34
1 35
32 36
31 37
7 38
18 39
10 40
5 41
22 42
11 43
34 44
30 45
4 46
6 47
29 48
38 49
4 50
7 51
34 52
39 53
51 54
38 55
3 56
56 57
6 58
43 59
49 60
46 61
13 62
18 63
62 64
16 65
1 66
28 67
25 68
38 69
44 70
18 71
47 72
56 73
73 74
72 75
11 76
29 77
16 78
61 79
17 80
7 81
53 82
53 83
61 84
53 85
62 86
46 87
40 88
57 89
83 90
57 91
40 92
53 93
72 94
74 95
66 96
37 97
65 98
81 99
18 100
3 101
96 102
91 103
97 104
9 105
53 106
96 107
24 108
3 109
19 110
83 111
101 112
9 113
87 114
7 115
8 116
110 117
60 118
17 119
89 120
55 121
114 122
111 123
54 124
14 125
95 126
125 127
86 128
51 129
97 130
15 131
40 132
12 133
125 134
15 135
96 136
107 137
72 138
39 139
127 140
120 141
42 142
14 143
138 144
92 145
23 146
98 147
73 148
60 149
49 150
52 151
125 152
104 153
116 154
122 155
76 156
60 157
155 158
117 159
130 160
23 161
84 162
116 163
93 164
80 165
160 166
82 167
160 168
30 169
109 170
168 171
101 172
91 173
53 174
77 175
92 176
92 177
154 178
157 179
109 180
94 181
7 182
89 183
120 184
41 185
119 186
136 187
122 188
16 189
51 190
141 191
128 192
159 193
24 194
129 195
146 196
132 197
100 198
194 199
26 200
170 201
105 202
19 203
148 204
125 205
138 206
185 207
128 208
88 209
91 210
174 211
128 212
79 213
109 214
59 215
31 216
102 217
114 218
192 219
83 220
183 221
6 222
207 223
212 224
118 225
197 226
146 227
190 228
47 229
38 230
2 231
217 232
20 233
195 234
138 235
138 236
10 237
118 238
162 239
83 240
59 241
216 242
240 243
9 244
118 245
20 246
136 247
3 248
212 249
99 250
6 251
156 252
161 253
92 254
192 255
135 256
133 257
133 258
139 259
225 260
120 261
130 262
79 263
250 264
192 265
138 266
163 267
258 268
19 269
181 270
191 271
35 272
7 273
167 274
29 275
227 276
90 277
129 278
55 279
258 280
116 281
14 282
82 283
53 284
137 285
235 286
102 287
151 288
185 289
49 290
172 291
102 292
253 293
136 294
98 295
9 296
206 297
106 298
105 299
244 300
149 301
96 302
273 303
62 304
273 305
132 306
161 307
219 308
255 309
6 310
171 311
146 312
145 313
193 314
167 315
229 316
21 317
100 318
281 319
27 320
190 321
151 322
164 323
202 324
142 325
57 326
141 327
213 328
139 329
1 330
320 331
101 332
305 333
208 334
131 335
229 336
304 337
226 338
234 339
333 340
142 341
314 342
175 343
242 344
88 345
325 346
214 347
337 348
88 349
217 350
36 351
303 352
59 353
33 354
235 355
352 356
66 357
288 358
194 359
60 360
21 361
100 362
182 363
270 364
236 365
190 366
5 367
116 368
97 369
266 370
77 371
242 372
370 373
334 374
98 375
337 376
117 377
100 378
170 379
144 380
98 381
324 382
217 383
180 384
300 385
233 386
100 387
37 388
66 389
278 390
244 391
264 392
304 393
147 394
348 395
128 396
248 397
206 398
141 399
102 400
93 401
11 402
393 403
13 404
64 405
200 406
92 407
32 408
56 409
363 410
156 411
96 412
288 413
66 414
238 415
142 416
193 417
273 418
319 419
341 420
255 421
81 422
329 423
377 424
217 425
93 426
255 427
270 428
179 429
81 430
363 431
145 432
399 433
63 434
39 435
270 436
422 437
383 438
100 439
308 440
27 441
276 442
430 443
404 444
151 445
393 446
194 447
208 448
160 449
377 450
446 451
6 452
436 453
151 454
406 455
369 456
110 457
149 458
110 459
192 460
226 461
14 462
304 463
40 464
167 465
225 466
447 467
214 468
366 469
354 470
292 471
271 472
290 473
103 474
378 475
139 476
378 477
144 478
160 479
120 480
244 481
469 482
13 483
417 484
165 485
168 486
77 487
216 488
410 489
175 490
100 491
138 492
40 493
386 494
356 495
346 496
79 497
359 498
198 499
466 500
47 501
461 502
129 503
239 504
362 505
308 506
318 507
69 508
97 509
468 510
44 511
161 512
306 513
465 514
228 515
334 516
281 517
106 518
484 519
243 520
429 521
228 522
113 523
53 524
339 525
453 526
363 527
378 528
74 529
468 530
302 531
519 532
217 533
190 534
437 535
434 536
32 537
121 538
325 539
167 540
119 541
68 542
222 543
10 544
401 545
207 546
14 547
2 548
358 549
22 550
506 551
79 552
536 553
175 554
16 555
23 556
70 557
386 558
516 559
175 560
256 561
561 562
56 563
315 564
231 565
380 566
345 567
36 3
330 9
148 5
276 8
521 6
103 4
179 4
433 1
308 7
223 295
76 6
497 5
123 10
108 9
76 3
263 6
405 1
241 9
284 8
144 156
92 3
72 1
394 6
4 2
226 7
169 4
557 10
434 6
530 4
200 262
157 7
432 2
382 7
451 4
158 4
197 5
539 1
83 5
463 9
180 140
115 4
210 4
428 6
297 10
272 4
342 1
525 9
544 6
23 7
489 353
330 5
4 6
483 6
90 3
527 5
525 7
340 7
545 2
162 8
41 177
392 10
393 1
368 1
350 1
462 1
189 10
66 6
76 4
75 3
151 297
301 10
276 10
250 8
407 10
515 7
143 5
153 9
562 3
37 8
466 199
115 1
501 4
261 4
479 5
508 5
219 5
477 4
250 6
25 7
234 115
55 3
309 4
249 9
389 3
127 4
466 6
83 5
553 3
378 7
42 304
82 9
274 10
470 2
51 9
405 5
162 9
275 3
216 7
125 3
512 228
395 8
408 6
217 10
397 6
473 5
140 6
376 1
87 1
311 5
47 329
104 3
566 4
28 9
44 3
106 10
200 4
358 3
51 6
59 3
15 245
558 5
158 2
255 2
272 5
525 8
241 10
14 2
41 4
491 3
171 400
504 10
197 2
87 9
139 2
306 1
104 9
286 4
406 1
385 7
445 360
113 7
340 5
459 4
366 8
160 4
353 1
283 4
419 1
20 9
206 115
549 10
109 4
489 5
487 6
415 7
486 10
510 2
170 6
399 6
455 130
4 8
170 6
244 2
526 5
191 4
483 8
435 3
189 9
194 6
200 280
496 2
55 10
34 3
345 9
452 9
86 2
78 5
487 4
364 10
338 301
545 9
326 10
405 1
358 1
306 10
349 6
358 6
425 7
210 2
137 103
210 3
360 5
122 9
337 6
515 5
293 1
437 7
225 3
381 5
494 91
565 1
296 1
72 7
301 2
304 5
59 6
475 6
166 8
314 1
394 94
273 2
459 9
226 1
350 7
563 8
19 8
360 2
342 2
176 2
232 183
80 6
393 5
388 8
25 8
16 6
40 3
195 2
200 9
355 2
562 165
537 8
315 4
268 3
233 9
239 1
37 6
522 1
27 5
554 4
206 132
81 10
501 9
241 3
46 4
516 6
222 10
173 8
286 6
19 5
378 428
154 2
90 8
99 2
176 8
135 3
174 3
277 10
455 5
141 2
496 219
246 10
32 6
64 10
336 4
129 4
104 2
430 2
312 5
196 9
449 156
414 5
113 9
269 1
146 10
462 3
306 4
40 7
453 4
171 2
207 319
556 1
228 6
85 6
52 5
432 2
201 10
375 9
27 2
337 7
16 271
289 6
189 8
336 8
231 8
509 4
525 10
140 9
472 2
132 6
200 396
446 6
143 7
175 5
15 10
504 6
553 4
109 9
51 7
270 5
495 507
319 6
364 4
386 4
509 1
44 2
529 9
251 1
235 6
298 9
331 554
57 5
148 7
66 5
170 2
562 6
114 10
124 10
144 5
55 10
40 354
112 7
110 4
307 5
348 1
192 4
411 2
212 9
546 10
455 2
457 506
204 2
110 9
303 9
509 5
101 2
364 9
270 8
414 6
357 7
287 373
224 6
316 4
443 3
148 2
203 5
4 4
287 7
491 9
363 10
552 308
155 3
39 7
487 2
532 7
178 2
257 10
183 9
74 8
7 2
541 516
517 8
46 4
231 10
69 8
216 3
463 3
351 5
192 6
191 6
258 113
364 7
529 8
222 2
149 9
477 4
31 9
372 8
26 5
402 7
16 263
185 6
406 2
49 4
510 5
506 2
456 8
514 1
269 7
127 3
7 138
518 5
440 3
159 5
443 7
199 9
405 7
77 5
158 4
259 10
80 138
28 2
154 3
504 9
90 2
216 9
308 4
7 4
378 7
524 2
89 452
407 10
294 1
426 4
182 6
476 8
542 1
218 5
20 6
483 3
462 545
183 8
507 7
337 5
311 4
537 7
262 3
541 1
126 6
488 8
82 541
398 7
89 10
340 4
205 6
166 2
351 5
29 10
437 8
92 9
221 150
484 5
222 10
489 4
515 1
395 5
470 1
279 1
207 10
234 6
35 184
549 6
439 4
419 7
539 5
375 1
64 7
3 2
374 2
239 9
377 203
73 3
511 8
556 5
190 6
564 10
347 5
365 9
497 1
474 6
528 193
27 2
10 3
359 3
440 4
111 9
547 2
303 2
491 1
470 8
384 155
2 4
554 3
1 10
33 6
179 10
307 7
437 2
231 9
147 6
179 62
384 1
46 3
136 4
99 10
445 3
437 10
375 4
52 1
501 9
513 84
67 5
223 8
501 10
67 9
400 3
448 6
193 10
401 4
412 7
191 433
326 3
148 8
464 3
28 6
406 3
305 6
317 2
434 9
546 1
557 32
146 10
437 1
477 9
233 2
288 3
191 10
341 10
122 4
515 6
261 194
459 9
543 8
564 4
412 8
512 5
393 10
375 9
337 4
426 4
409 411
365 8
28 9
510 4
308 6
50 4
129 10
71 9
451 5
139 8
416 410
501 8
187 4
68 6
346 4
266 8
137 1
170 9
307 1
541 9
408 338
162 4
140 3
148 9
546 6
525 8
356 8
26 9
88 6
416 10
296 374
381 2
189 2
562 9
207 10
49 6
176 5
520 8
414 8
85 5
528 549
491 5
166 4
82 2
142 10
275 3
126 1
438 1
340 5
217 8
283 257
6 7
127 9
403 9
159 4
124 9
59 4
111 4
448 4
421 7
458 85
327 7
14 3
419 2
322 5
122 9
452 8
466 3
334 2
119 1
136 193
368 10
260 9
246 10
38 1
520 4
409 10
196 10
486 3
92 6
209 265
352 10
171 3
213 7
476 4
427 2
146 5
204 6
373 9
386 7
543 141
252 5
519 3
274 3
319 6
535 4
1 10
374 10
494 4
412 3
130 265
117 8
237 4
237 10
59 1
327 8
251 1
73 6
418 3
44 5
122 73
498 2
544 7
174 3
275 6
240 3
341 2
200 4
245 1
465 4
342 35
229 9
43 7
136 6
500 2
78 9
151 5
137 10
39 8
282 1
427 158
517 3
417 7
132 8
187 9
36 6
242 2
466 5
63 5
139 5
229 268
128 2
1 6
269 7
71 5
71 4
490 7
172 3
224 1
539 2
69 497
76 3
298 10
453 8
297 7
322 7
233 9
41 2
127 7
339 9
505 104
483 7
378 7
100 4
17 3
516 2
141 9
542 5
104 10
28 7
202 549
315 5
437 3
111 2
40 10
301 4
385 9
118 6
217 3
457 5
161 545
516 5
358 6
492 8
142 7
567 8
186 6
395 5
24 7
312 5
434 441
528 5
99 7
461 5
4 7
504 2
563 10
64 1
477 6
460 3
459 205
468 6
362 10
24 8
262 5
162 5
490 1
521 1
144 6
125 3
55 72
100 5
475 3
442 3
478 10
99 8
76 3
251 9
328 2
434 9
228 284
530 1
558 8
119 7
245 6
103 1
504 2
122 10
34 6
351 7
366 346
207 1
168 3
546 7
232 4
458 6
138 2
325 3
169 3
302 8
526 357
338 1
168 10
383 4
510 10
524 5
149 3
316 9
423 4
397 8
186 532
469 3
397 8
517 2
506 8
491 4
297 7
178 8
44 3
319 5
300 556
189 6
300 7
127 1
283 7
252 5
348 3
165 9
513 2
534 2
546 168
208 9
409 9
485 4
33 5
106 5
165 6
526 1
158 4
113 8
101 308
107 7
559 4
510 9
73 6
32 3
147 3
422 5
92 5
134 4
436 306
277 9
180 1
286 1
566 3
199 3
354 1
314 2
440 1
138 6
136 263
523 6
264 8
90 3
157 8
367 5
521 6
128 8
319 5
254 8
22 132
287 6
222 10
252 3
390 8
500 8
367 2
188 8
294 6
427 5
511 543
232 3
310 8
89 6
73 3
208 7
233 8
335 1
221 9
195 5
24 223
229 4
396 5
277 10
158 10
69 8
460 10
103 9
310 1
9 5
124 567
197 8
121 7
160 7
260 5
67 1
506 3
223 1
183 1
321 10
503 511
12 2
207 8
509 4
174 4
498 6
359 5
120 4
524 7
432 4
154 317
384 1
313 4
320 2
235 3
108 4
567 3
448 9
394 1
340 8
120 325
164 7
125 5
323 4
182 10
374 7
174 8
208 6
506 9
329 5
163 468
93 4
546 10
81 4
439 7
476 6
505 7
141 10
454 2
23 7
84 428
301 6
337 7
117 6
504 5
146 9
477 3
362 6
306 8
140 6
326 316
263 9
321 6
431 3
533 6
224 6
12 8
509 9
345 2
3 4
513 54
472 4
19 6
76 3
457 9
268 7
177 8
496 10
88 3
442 2
155 347
310 2
314 7
123 3
121 3
538 4
532 9
311 8
353 5
357 1
78 296
121 6
309 2
223 8
192 9
153 1
274 2
437 2
427 10
156 9
83 214
