344 1000
1 2
2 3
1 4
1 5
3 6
5 7
6 8
8 9
9 10
3 11
10 12
6 13
12 14
6 15
10 16
14 17
10 18
6 19
3 20
20 21
11 22
14 23
13 24
2 25
1 26
26 27
16 28
16 29
3 30
21 31
31 32
4 33
1 34
4 35
17 36
5 37
7 38
6 39
3 40
40 41
23 42
7 43
29 44
2 45
5 46
2 47
16 48
24 49
10 50
21 51
41 52
2 53
48 54
54 55
40 56
11 57
10 58
52 59
15 60
40 61
12 62
21 63
54 64
21 65
64 66
61 67
49 68
4 69
4 70
7 71
49 72
21 73
44 74
37 75
38 76
66 77
67 78
19 79
1 80
62 81
31 82
66 83
39 84
10 85
64 86
55 87
40 88
83 89
4 90
59 91
31 92
73 93
92 94
43 95
75 96
89 97
42 98
68 99
89 100
19 101
62 102
11 103
41 104
22 105
52 106
12 107
30 108
17 109
13 110
38 111
52 112
94 113
67 114
38 115
103 116
51 117
74 118
99 119
118 120
109 121
95 122
91 123
40 124
77 125
50 126
120 127
36 128
33 129
107 130
91 131
51 132
5 133
20 134
46 135
133 136
85 137
12 138
73 139
17 140
26 141
54 142
97 143
16 144
28 145
141 146
21 147
133 148
9 149
138 150
30 151
110 152
108 153
6 154
145 155
59 156
34 157
28 158
56 159
146 160
27 161
62 162
22 163
134 164
44 165
154 166
54 167
60 168
82 169
164 170
142 171
51 172
142 173
143 174
76 175
104 176
49 177
57 178
99 179
153 180
20 181
105 182
73 183
54 184
135 185
167 186
179 187
113 188
133 189
124 190
140 191
155 192
120 193
121 194
166 195
56 196
127 197
42 198
35 199
158 200
113 201
4 202
77 203
62 204
105 205
15 206
105 207
96 208
188 209
50 210
53 211
167 212
56 213
201 214
93 215
122 216
134 217
191 218
192 219
54 220
77 221
35 222
2 223
197 224
129 225
224 226
3 227
152 228
177 229
110 230
207 231
13 232
68 233
156 234
71 235
106 236
175 237
119 238
151 239
85 240
138 241
221 242
123 243
227 244
127 245
207 246
160 247
82 248
116 249
219 250
203 251
71 252
147 253
37 254
93 255
216 256
202 257
96 258
47 259
161 260
244 261
235 262
39 263
179 264
105 265
206 266
85 267
95 268
158 269
138 270
64 271
20 272
161 273
152 274
247 275
240 276
182 277
206 278
131 279
267 280
119 281
194 282
159 283
192 284
163 285
64 286
123 287
26 288
28 289
107 290
203 291
49 292
137 293
195 294
56 295
130 296
138 297
260 298
253 299
127 300
8 301
79 302
147 303
112 304
101 305
9 306
195 307
119 308
48 309
109 310
17 311
292 312
206 313
135 314
231 315
231 316
85 317
36 318
120 319
135 320
39 321
219 322
182 323
120 324
260 325
187 326
21 327
301 328
35 329
11 330
311 331
16 332
115 333
258 334
110 335
172 336
93 337
104 338
334 339
51 340
25 341
83 342
140 343
30 344
209 8
263 4
76 7
317 3
49 9
59 1
50 10
50 10
188 2
344 76
209 10
293 4
299 1
57 1
288 3
222 7
48 1
36 10
66 6
48 249
250 6
266 5
304 7
94 2
116 5
171 7
66 7
187 1
149 7
13 195
116 10
301 7
84 10
297 5
16 10
27 2
70 9
95 2
67 3
102 342
116 10
21 10
34 2
153 8
286 4
38 8
170 2
294 3
22 7
43 340
294 3
210 4
168 9
192 5
197 1
24 4
338 10
242 10
320 6
64 45
134 7
47 7
303 10
3 10
340 6
190 8
342 10
252 8
240 8
226 310
105 5
341 7
178 5
234 7
206 5
246 5
316 7
27 3
97 9
291 70
45 8
50 2
243 4
96 1
333 10
75 5
262 7
103 8
335 4
6 236
126 5
179 1
80 5
95 10
168 2
264 2
81 2
78 2
135 4
157 49
78 3
17 1
97 9
335 5
98 7
135 5
111 8
201 5
146 3
42 198
212 8
82 9
158 4
35 7
166 4
201 8
114 10
270 8
91 10
81 231
262 2
324 3
113 1
293 4
238 6
232 6
43 4
188 1
200 10
329 204
289 2
308 9
245 2
299 3
195 3
155 1
32 8
39 4
109 2
126 24
210 3
43 3
306 6
251 3
173 7
191 8
132 4
44 10
229 1
329 17
268 1
52 8
86 2
82 10
17 10
318 10
294 8
308 8
210 2
319 320
118 5
282 3
296 3
216 7
42 3
271 10
247 5
35 8
187 3
217 81
62 10
223 7
25 8
273 10
174 1
180 4
146 6
121 3
226 3
127 162
85 1
122 7
324 6
173 8
230 10
68 9
230 3
271 1
164 6
308 149
218 10
83 1
337 1
96 9
214 4
337 3
326 4
178 9
189 10
159 195
224 6
301 10
266 10
303 6
68 9
108 7
150 8
104 9
191 2
309 330
261 8
208 2
323 7
112 7
229 8
11 8
219 2
316 2
297 4
42 214
337 4
200 3
175 3
6 10
200 4
204 9
49 3
204 6
282 8
8 306
339 5
277 4
243 7
233 2
341 8
311 6
91 3
304 5
125 9
13 155
254 7
293 8
50 9
135 5
97 10
218 10
190 6
243 8
170 4
136 233
22 5
18 9
41 9
75 10
18 9
148 8
268 2
312 2
103 6
174 94
101 7
107 7
92 7
262 7
287 1
44 5
282 3
173 5
16 4
207 320
115 8
80 9
226 3
207 5
277 6
190 4
231 1
24 9
23 3
313 143
231 9
136 9
213 10
285 10
206 3
174 2
69 2
159 5
136 5
184 217
311 10
227 1
32 8
107 6
88 5
221 2
156 7
271 10
244 6
301 67
145 1
262 1
162 2
222 8
268 9
260 4
333 4
313 7
314 4
260 235
102 3
154 9
11 10
91 1
129 8
273 6
254 6
336 2
272 4
193 250
134 8
24 5
294 2
190 7
140 10
34 3
27 4
100 8
253 6
23 171
232 1
327 7
153 9
341 6
230 3
50 2
159 10
329 2
14 4
250 67
277 10
84 2
322 8
17 2
258 9
29 3
108 7
231 8
48 2
251 122
166 9
277 6
189 4
191 7
218 3
91 1
336 2
158 1
147 1
36 81
155 5
93 3
188 2
156 9
258 4
73 9
312 6
50 5
84 9
90 340
195 7
65 3
91 1
170 6
143 9
29 8
176 10
184 3
259 9
231 177
25 8
36 10
297 3
324 9
328 8
217 10
234 7
196 9
342 2
279 238
272 10
265 5
120 10
132 1
283 4
62 4
180 4
193 5
96 4
217 150
57 8
337 8
235 1
14 8
245 6
326 1
216 5
61 2
44 7
123 110
159 8
94 6
193 6
86 1
138 3
180 5
113 7
344 5
228 7
47 185
272 10
309 7
14 7
132 9
23 3
105 3
60 8
87 10
44 1
186 17
155 10
48 4
60 1
54 1
8 10
211 9
207 7
100 10
30 9
238 234
312 8
137 2
201 8
319 2
222 7
231 7
97 3
133 4
106 10
271 16
238 8
322 10
213 8
322 10
257 2
80 2
44 5
238 9
4 3
116 333
261 1
55 8
332 10
45 6
9 4
284 1
70 1
16 8
263 8
263 128
26 8
80 4
311 5
72 3
118 3
285 2
197 3
309 2
115 6
75 166
156 2
114 6
13 6
124 3
64 4
67 10
49 5
309 9
86 8
177 113
211 4
274 4
290 7
292 4
240 7
56 1
290 8
211 4
15 1
241 77
15 8
101 10
312 4
135 3
261 4
277 4
73 7
306 2
208 10
272 85
10 9
59 7
131 10
84 1
236 9
152 4
255 8
329 8
187 9
16 291
221 10
224 1
331 9
197 4
222 9
258 4
189 1
173 3
46 1
105 146
111 10
227 6
48 3
32 1
160 10
99 6
253 4
168 10
186 10
120 183
154 3
59 1
40 5
83 7
239 1
9 3
51 9
216 8
162 5
302 33
115 8
92 1
172 1
156 7
100 6
257 8
48 7
244 5
299 7
279 210
24 3
123 8
110 9
247 3
17 3
77 2
212 3
195 9
277 7
198 129
328 3
197 8
94 4
36 9
81 2
199 4
175 6
114 1
308 2
80 122
137 9
114 8
42 5
84 5
4 10
310 9
18 3
60 3
285 2
51 290
295 3
62 2
303 9
161 8
41 8
278 3
251 4
187 7
234 9
78 179
155 9
50 10
292 6
77 2
286 3
173 1
231 1
339 7
122 10
147 81
76 7
303 5
166 2
231 2
31 1
35 5
103 2
176 4
178 1
299 103
189 2
68 8
176 5
69 6
87 8
181 10
67 10
251 6
66 2
265 216
79 5
87 7
51 6
74 6
240 1
208 10
325 4
167 3
188 7
314 294
143 2
117 2
267 3
326 6
276 1
88 1
79 9
154 4
314 3
210 101
120 6
131 3
130 6
145 5
321 6
309 1
118 7
278 1
177 8
115 94
196 6
174 7
102 7
198 8
317 3
332 8
48 5
318 7
329 10
258 279
172 6
158 7
189 3
218 9
65 1
68 3
20 4
242 8
74 2
235 165
46 7
69 6
197 8
155 10
190 10
9 10
234 5
203 9
274 6
14 309
193 4
82 3
132 6
269 7
98 6
43 9
212 3
282 10
72 6
141 165
57 6
129 5
264 6
37 7
228 6
15 1
122 1
222 3
70 7
118 176
151 6
109 6
262 3
107 8
136 9
140 1
315 10
343 8
34 4
170 204
134 9
20 9
77 5
340 7
317 6
307 9
23 8
230 1
211 7
278 212
305 2
254 9
86 6
89 8
89 2
115 8
112 6
43 2
132 2
236 329
231 8
30 1
259 6
36 5
61 9
195 7
311 2
276 1
260 1
250 294
133 5
8 1
47 8
340 8
15 8
237 9
337 7
34 3
102 7
150 213
271 6
240 1
59 1
52 4
306 10
71 10
278 10
94 3
170 2
328 72
101 10
136 5
159 6
240 6
8 5
271 10
283 5
264 1
81 2
160 190
12 2
212 2
25 1
109 6
233 3
163 6
333 8
285 5
250 5
248 109
240 2
262 6
95 1
218 7
53 2
113 3
203 3
72 10
210 5
177 185
233 10
204 6
269 5
50 8
211 4
77 10
197 10
76 7
222 8
329 314
177 7
257 4
341 4
94 1
47 7
211 10
130 9
26 4
107 9
307 335
251 7
130 4
103 3
129 6
127 9
281 3
73 10
292 1
167 9
309 272
49 9
197 8
285 5
54 2
237 4
272 1
135 6
113 1
146 1
1 111
196 3
155 7
79 9
285 9
118 3
154 7
290 10
227 8
200 4
119 314
6 10
258 1
238 4
16 4
71 1
139 8
82 6
45 8
180 6
147 221
337 9
115 8
43 6
6 10
297 4
154 1
124 9
163 3
237 8
257 83
217 6
221 3
45 5
184 4
144 5
174 6
191 2
123 1
193 9
173 277
22 3
114 2
152 10
255 2
325 6
271 1
130 9
204 6
229 10
243 108
239 1
189 2
218 10
50 5
156 7
293 2
179 5
236 4
171 3
270 286
223 3
294 6
341 2
272 6
183 6
305 9
344 5
163 2
200 4
16 204
109 4
178 4
284 1
248 9
177 4
256 3
194 5
222 3
220 1
329 196
21 3
48 6
230 10
42 8
299 2
330 9
53 8
76 3
75 6
87 153
45 7
48 2
171 2
242 7
86 1
191 1
186 5
33 7
125 1
201 238
40 8
131 9
37 10
186 2
242 6
240 9
305 10
121 7
66 6
178 99
192 5
317 2
323 6
213 8
88 7
26 1
235 6
95 7
119 1
256 43
340 6
214 9
268 7
46 9
342 2
111 6
272 2
85 6
303 5
23 221
140 10
130 1
65 10
148 8
114 3
61 2
39 2
126 3
113 2
292 85
201 10
175 5
173 3
40 3
267 6
150 2
63 6
327 10
267 6
193 178
262 3
2 2
278 7
249 3
330 6
320 6
255 8
86 5
291 8
45 40
