629 1000
1 2
2 3
1 4
1 5
5 6
1 7
2 8
4 9
4 10
7 11
6 12
4 13
9 14
14 15
11 16
9 17
1 18
9 19
5 20
4 21
20 22
16 23
4 24
18 25
3 26
25 27
10 28
21 29
5 30
17 31
12 32
1 33
19 34
24 35
8 36
3 37
28 38
7 39
32 40
34 41
28 42
20 43
37 44
28 45
18 46
10 47
19 48
26 49
14 50
35 51
17 52
18 53
7 54
53 55
22 56
1 57
30 58
27 59
57 60
33 61
26 62
23 63
55 64
35 65
49 66
2 67
30 68
53 69
30 70
16 71
20 72
66 73
41 74
54 75
17 76
42 77
1 78
27 79
4 80
43 81
22 82
81 83
48 84
36 85
85 86
34 87
35 88
21 89
77 90
90 91
36 92
55 93
22 94
9 95
85 96
60 97
45 98
4 99
91 100
23 101
67 102
99 103
36 104
8 105
50 106
61 107
40 108
22 109
101 110
5 111
37 112
107 113
6 114
99 115
111 116
38 117
111 118
28 119
112 120
110 121
41 122
118 123
53 124
121 125
87 126
78 127
125 128
11 129
64 130
2 131
78 132
2 133
85 134
8 135
86 136
2 137
54 138
120 139
30 140
66 141
118 142
140 143
22 144
98 145
9 146
61 147
26 148
25 149
64 150
6 151
80 152
77 153
148 154
36 155
35 156
110 157
89 158
21 159
66 160
129 161
155 162
55 163
59 164
30 165
49 166
149 167
111 168
59 169
140 170
142 171
57 172
135 173
83 174
174 175
158 176
137 177
95 178
5 179
31 180
127 181
90 182
36 183
80 184
62 185
83 186
136 187
145 188
131 189
86 190
34 191
93 192
115 193
45 194
145 195
160 196
164 197
97 198
129 199
166 200
88 201
181 202
201 203
32 204
108 205
93 206
13 207
186 208
188 209
113 210
5 211
133 212
132 213
123 214
44 215
113 216
108 217
21 218
217 219
71 220
195 221
98 222
157 223
70 224
200 225
75 226
78 227
13 228
201 229
103 230
122 231
39 232
185 233
56 234
107 235
121 236
11 237
25 238
161 239
26 240
26 241
223 242
206 243
240 244
194 245
208 246
203 247
28 248
185 249
107 250
178 251
107 252
239 253
30 254
166 255
213 256
35 257
214 258
111 259
173 260
188 261
122 262
59 263
37 264
69 265
258 266
159 267
229 268
135 269
83 270
143 271
246 272
78 273
7 274
202 275
213 276
44 277
215 278
133 279
30 280
88 281
111 282
281 283
232 284
245 285
181 286
25 287
183 288
227 289
73 290
62 291
124 292
56 293
16 294
131 295
161 296
249 297
59 298
254 299
278 300
287 301
292 302
163 303
211 304
160 305
10 306
91 307
4 308
232 309
242 310
30 311
8 312
170 313
49 314
289 315
177 316
55 317
264 318
119 319
244 320
138 321
191 322
25 323
218 324
103 325
306 326
273 327
169 328
2 329
162 330
240 331
31 332
260 333
47 334
66 335
288 336
223 337
131 338
153 339
331 340
217 341
258 342
245 343
37 344
238 345
69 346
115 347
298 348
162 349
20 350
325 351
349 352
289 353
111 354
188 355
5 356
70 357
225 358
313 359
73 360
204 361
270 362
309 363
3 364
337 365
234 366
199 367
303 368
159 369
241 370
253 371
225 372
211 373
13 374
256 375
216 376
83 377
372 378
157 379
162 380
356 381
81 382
81 383
243 384
174 385
98 386
127 387
147 388
183 389
171 390
316 391
127 392
66 393
348 394
29 395
25 396
129 397
233 398
101 399
369 400
175 401
81 402
16 403
30 404
226 405
289 406
37 407
314 408
381 409
169 410
407 411
278 412
45 413
281 414
108 415
272 416
360 417
349 418
143 419
212 420
48 421
265 422
361 423
376 424
350 425
174 426
232 427
107 428
62 429
291 430
425 431
314 432
374 433
353 434
202 435
315 436
388 437
63 438
209 439
182 440
252 441
405 442
229 443
260 444
14 445
81 446
298 447
385 448
234 449
340 450
367 451
416 452
150 453
106 454
309 455
131 456
303 457
261 458
79 459
287 460
357 461
32 462
170 463
432 464
326 465
451 466
396 467
402 468
403 469
389 470
120 471
176 472
445 473
251 474
277 475
171 476
467 477
139 478
272 479
115 480
421 481
350 482
184 483
382 484
96 485
141 486
259 487
96 488
300 489
65 490
252 491
338 492
301 493
350 494
301 495
479 496
334 497
407 498
416 499
340 500
31 501
252 502
135 503
80 504
337 505
182 506
424 507
70 508
403 509
135 510
92 511
493 512
46 513
270 514
513 515
184 516
57 517
57 518
345 519
448 520
196 521
406 522
206 523
32 524
137 525
182 526
427 527
307 528
126 529
355 530
413 531
335 532
252 533
306 534
419 535
338 536
21 537
83 538
348 539
4 540
111 541
253 542
364 543
90 544
160 545
388 546
396 547
184 548
381 549
368 550
20 551
324 552
220 553
496 554
19 555
165 556
445 557
324 558
163 559
526 560
424 561
381 562
236 563
390 564
554 565
101 566
92 567
19 568
262 569
191 570
510 571
83 572
180 573
291 574
128 575
551 576
99 577
491 578
220 579
530 580
88 581
381 582
114 583
35 584
580 585
344 586
418 587
183 588
548 589
555 590
273 591
188 592
287 593
133 594
437 595
269 596
541 597
41 598
83 599
482 600
435 601
588 602
436 603
473 604
371 605
426 606
164 607
457 608
593 609
515 610
237 611
395 612
477 613
140 614
587 615
457 616
206 617
211 618
292 619
516 620
293 621
194 622
567 623
133 624
479 625
40 626
49 627
426 628
153 629
501 9
539 2
484 5
346 4
575 5
584 5
548 2
530 3
436 2
219 402
82 7
210 8
239 8
609 6
225 6
359 6
128 3
532 5
570 10
555 33
316 2
509 1
354 9
441 7
344 10
180 10
190 5
185 7
529 10
55 261
459 4
447 5
625 2
380 1
49 8
474 8
14 10
47 4
310 9
592 202
329 9
213 1
129 10
471 10
522 7
39 2
52 8
261 9
96 7
65 626
505 4
464 5
272 2
4 5
587 1
565 6
138 4
499 9
612 9
577 376
81 6
308 4
280 7
438 4
590 2
487 5
561 2
4 10
422 10
91 209
97 7
396 10
533 5
377 7
625 8
562 1
294 5
527 1
428 3
194 82
403 10
246 8
450 6
284 8
4 5
425 7
259 5
623 6
399 8
341 458
523 4
90 2
476 8
588 4
115 9
410 4
235 3
321 9
116 6
426 361
490 5
585 2
528 10
545 9
136 5
498 10
504 8
407 7
131 7
329 74
107 5
612 5
620 7
613 1
7 4
9 3
477 4
240 2
598 1
588 368
33 1
478 10
27 2
460 7
245 1
430 7
608 6
245 5
460 1
310 535
412 5
90 9
318 2
568 8
514 7
622 8
524 3
172 10
371 9
12 319
384 1
87 7
385 8
38 9
160 7
242 4
357 4
20 5
329 1
575 199
431 1
278 1
242 1
208 1
428 4
193 4
347 7
331 4
382 9
495 52
325 5
321 10
539 8
147 6
107 5
592 3
528 6
540 10
353 9
456 554
563 1
551 6
480 6
301 10
284 1
559 8
511 6
252 8
283 6
138 410
557 7
284 4
364 5
168 1
47 8
585 2
73 3
312 4
121 4
432 53
273 2
233 4
98 6
27 5
178 6
265 10
387 4
2 7
53 3
216 91
223 5
265 8
210 3
120 8
20 3
611 10
212 2
613 6
390 9
306 430
251 6
550 4
171 8
314 3
255 6
511 10
615 10
482 6
195 6
29 310
148 1
261 4
245 3
382 4
115 5
400 9
303 8
249 4
160 4
402 60
55 6
3 1
507 7
220 9
23 6
8 2
248 6
566 3
591 7
93 63
581 6
524 2
574 5
598 7
380 4
536 1
410 6
347 8
624 9
27 114
35 2
164 6
420 2
426 4
87 8
500 10
542 2
74 5
121 10
621 469
256 9
26 6
279 3
239 9
537 8
79 8
248 5
405 6
561 4
304 146
525 3
160 2
625 3
22 8
130 8
113 7
258 5
180 9
620 2
259 140
469 1
507 4
436 4
480 2
75 6
406 6
255 1
581 10
434 4
341 198
391 7
496 10
104 10
539 5
259 5
336 2
557 6
291 9
296 5
204 265
540 10
477 8
417 10
25 3
27 10
605 5
114 9
205 8
619 5
574 308
60 2
183 1
382 1
358 10
283 1
175 6
112 9
495 4
280 5
544 218
239 10
546 9
222 1
323 6
561 7
436 10
255 6
443 7
186 10
548 547
106 4
196 2
381 6
280 3
23 9
32 4
17 7
117 5
611 9
163 406
124 6
458 8
181 8
30 6
26 3
517 6
286 3
30 2
291 5
284 625
498 8
15 9
604 7
70 10
221 4
482 5
253 7
25 2
301 9
18 230
354 10
371 1
614 8
535 1
482 3
282 1
506 9
88 1
415 9
146 70
457 7
441 10
381 5
537 9
59 10
128 2
7 10
453 10
401 6
316 68
483 2
202 4
406 8
211 7
86 9
95 5
151 4
379 1
271 9
309 372
561 10
13 10
428 7
206 6
394 6
372 9
542 3
17 8
568 9
112 539
18 6
488 7
361 4
206 8
196 10
200 6
622 5
363 9
615 6
626 257
268 8
78 9
69 4
8 4
105 6
345 1
303 1
367 6
1 3
6 168
265 2
71 7
158 6
122 1
157 10
488 7
195 4
103 7
154 8
81 351
354 10
11 1
231 4
253 6
84 5
68 10
137 9
192 9
323 1
218 468
275 5
30 3
434 1
575 1
290 6
142 3
593 1
397 2
476 7
328 336
252 3
294 9
523 10
325 7
45 10
269 1
8 3
7 5
330 6
611 252
540 3
150 9
54 10
535 6
441 2
626 3
468 3
247 7
594 3
453 99
131 9
377 9
105 3
40 2
427 2
532 5
306 7
71 9
537 5
245 126
244 9
304 2
622 6
123 10
147 6
502 10
370 1
401 3
473 8
558 539
452 1
514 1
314 8
95 10
60 1
598 5
618 10
331 7
230 10
534 368
592 3
439 10
9 7
604 10
496 6
5 5
520 8
538 6
34 3
548 120
355 3
415 10
377 3
106 4
458 10
565 4
245 7
152 10
262 5
503 299
622 2
259 10
549 1
43 6
30 4
603 9
626 10
102 2
102 3
98 292
329 3
379 4
376 7
473 5
577 5
89 10
11 8
628 6
317 10
339 533
309 4
321 2
392 2
189 10
182 6
289 10
428 3
76 1
399 10
88 579
456 9
322 7
347 3
345 2
109 4
253 1
151 7
442 5
382 8
81 282
389 9
283 8
153 2
119 3
309 5
17 7
326 8
15 1
323 10
22 10
379 1
65 3
559 7
306 9
79 7
149 5
186 8
214 5
547 4
291 392
57 9
257 2
220 6
624 7
364 4
249 10
123 1
576 6
386 4
554 19
453 4
384 10
159 7
338 5
100 10
480 3
610 7
608 2
456 9
550 190
549 5
224 2
501 2
435 2
2 5
476 10
362 5
53 3
387 9
76 599
502 6
17 5
12 8
153 7
7 2
581 9
403 8
236 1
275 4
429 468
75 8
287 4
259 3
148 5
522 4
260 7
464 4
317 3
596 4
216 621
195 2
441 3
157 5
392 3
132 8
290 2
158 7
456 8
197 10
6 384
275 6
408 5
224 1
406 10
177 7
8 1
76 4
269 5
429 3
360 128
400 3
497 3
5 7
242 7
417 8
455 10
342 8
420 8
485 3
421 240
144 6
188 8
367 10
318 5
260 9
371 2
75 10
379 1
49 5
320 176
249 4
203 2
209 9
206 5
381 7
169 4
561 10
257 5
268 5
442 264
134 1
527 2
15 3
252 8
215 2
385 5
40 7
512 2
364 2
82 476
404 10
395 2
401 6
22 6
605 7
533 4
602 9
558 3
445 7
591 197
482 2
468 2
1 7
66 2
46 7
326 2
480 6
396 2
402 7
231 33
553 1
62 5
131 9
127 10
464 10
378 10
275 5
117 10
59 1
369 180
557 4
109 3
85 7
477 4
464 6
240 6
492 4
243 4
154 9
54 293
194 3
161 6
260 9
216 2
549 7
49 4
377 9
181 2
379 9
313 27
445 5
322 2
300 2
413 9
111 5
491 7
613 6
116 3
417 4
74 232
215 6
432 3
319 3
229 1
267 2
156 4
527 7
456 8
623 4
599 323
561 2
333 8
628 9
429 8
213 7
86 6
243 8
185 6
224 8
155 514
511 1
491 9
70 4
586 7
521 5
77 8
179 5
49 3
101 10
240 69
125 7
53 9
192 6
220 7
611 10
421 7
386 5
331 5
308 8
294 156
551 4
348 5
204 5
523 6
156 1
388 9
512 1
37 2
133 10
264 454
44 6
34 4
500 1
552 8
517 10
242 6
169 8
55 10
554 9
407 158
292 1
386 1
81 4
617 6
568 3
463 3
81 10
71 4
280 1
19 144
598 9
611 1
194 1
99 5
31 10
453 10
434 8
310 1
534 5
208 337
486 6
90 9
189 1
587 7
89 7
196 10
12 9
243 9
293 6
233 66
345 10
551 2
356 10
608 5
329 9
234 10
386 4
195 6
561 3
544 94
99 9
240 4
82 3
615 5
625 5
272 9
409 7
297 6
352 6
91 476
498 6
392 6
446 9
257 2
259 7
423 7
151 2
205 8
34 10
496 569
292 7
567 8
559 7
531 3
85 9
282 6
403 8
155 10
187 2
221 47
181 7
590 8
381 7
46 8
226 4
304 1
318 8
557 10
139 10
25 82
376 6
470 8
136 7
259 9
559 10
476 10
507 4
359 8
15 8
498 523
137 5
274 4
53 9
21 5
440 8
450 10
307 10
25 2
477 7
113 55
35 2
486 5
563 10
5 2
507 10
88 3
514 4
547 9
97 9
562 534
296 8
416 9
75 10
513 4
178 7
466 6
54 4
493 1
373 8
278 482
495 7
531 9
603 4
511 6
524 5
557 3
126 6
56 9
136 9
359 526
585 2
532 1
349 3
140 5
436 7
12 2
548 10
547 2
17 1
335 300
477 7
274 9
487 5
613 8
28 1
511 2
543 3
296 2
130 8
454 207
72 5
488 5
598 5
618 10
467 6
6 1
398 1
291 9
323 10
562 397
509 9
622 7
18 2
331 8
451 2
104 10
93 3
11 5
331 1
345 404
583 8
301 4
258 9
147 4
362 3
169 9
360 10
373 5
409 4
134 355
246 8
208 10
523 4
330 6
322 8
610 7
250 3
398 2
417 5
313 25
