832 1000
1 2
2 3
3 4
4 5
1 6
6 7
7 8
8 9
4 10
3 11
9 12
4 13
8 14
6 15
7 16
11 17
1 18
5 19
19 20
5 21
21 22
21 23
22 24
18 25
15 26
8 27
24 28
5 29
24 30
1 31
29 32
8 33
19 34
30 35
17 36
32 37
34 38
13 39
16 40
9 41
38 42
38 43
6 44
15 45
5 46
10 47
8 48
47 49
32 50
22 51
48 52
32 53
23 54
6 55
33 56
27 57
2 58
55 59
34 60
7 61
43 62
61 63
19 64
21 65
33 66
35 67
1 68
16 69
60 70
48 71
69 72
7 73
6 74
26 75
27 76
74 77
31 78
50 79
21 80
56 81
62 82
35 83
79 84
73 85
19 86
57 87
82 88
54 89
75 90
56 91
28 92
22 93
46 94
19 95
11 96
11 97
28 98
22 99
81 100
63 101
9 102
49 103
14 104
33 105
20 106
95 107
68 108
12 109
38 110
86 111
53 112
11 113
113 114
82 115
67 116
85 117
81 118
105 119
40 120
30 121
80 122
118 123
48 124
17 125
19 126
18 127
4 128
103 129
128 130
38 131
3 132
73 133
38 134
102 135
86 136
38 137
30 138
118 139
108 140
107 141
59 142
77 143
32 144
38 145
83 146
44 147
55 148
141 149
28 150
130 151
73 152
51 153
107 154
3 155
7 156
125 157
118 158
146 159
72 160
114 161
43 162
56 163
143 164
158 165
165 166
144 167
63 168
162 169
51 170
96 171
12 172
115 173
62 174
110 175
19 176
125 177
101 178
171 179
143 180
25 181
43 182
93 183
43 184
90 185
81 186
184 187
140 188
130 189
75 190
111 191
148 192
170 193
103 194
187 195
158 196
125 197
132 198
127 199
53 200
141 201
103 202
121 203
129 204
154 205
137 206
138 207
118 208
191 209
5 210
170 211
174 212
61 213
75 214
31 215
8 216
189 217
43 218
166 219
92 220
119 221
44 222
69 223
47 224
138 225
196 226
129 227
177 228
28 229
70 230
206 231
29 232
65 233
165 234
5 235
144 236
221 237
208 238
3 239
191 240
213 241
209 242
134 243
59 244
39 245
150 246
73 247
191 248
124 249
98 250
225 251
43 252
37 253
71 254
24 255
140 256
142 257
60 258
126 259
207 260
17 261
258 262
117 263
247 264
70 265
110 266
171 267
88 268
112 269
81 270
198 271
234 272
224 273
67 274
129 275
23 276
158 277
221 278
123 279
83 280
236 281
10 282
146 283
190 284
272 285
114 286
265 287
149 288
4 289
280 290
286 291
241 292
232 293
7 294
188 295
45 296
147 297
96 298
273 299
19 300
219 301
149 302
228 303
218 304
233 305
39 306
43 307
26 308
265 309
53 310
222 311
243 312
171 313
22 314
92 315
264 316
217 317
105 318
55 319
149 320
91 321
6 322
179 323
321 324
274 325
39 326
258 327
277 328
190 329
53 330
283 331
189 332
169 333
279 334
26 335
195 336
169 337
29 338
142 339
320 340
170 341
168 342
154 343
185 344
299 345
214 346
269 347
39 348
258 349
152 350
85 351
180 352
205 353
111 354
221 355
269 356
97 357
111 358
329 359
172 360
282 361
347 362
239 363
222 364
30 365
301 366
257 367
343 368
191 369
134 370
191 371
355 372
225 373
135 374
303 375
309 376
335 377
188 378
71 379
32 380
120 381
294 382
186 383
54 384
28 385
218 386
311 387
157 388
170 389
181 390
308 391
213 392
238 393
215 394
349 395
238 396
264 397
299 398
12 399
214 400
192 401
363 402
353 403
236 404
200 405
92 406
326 407
47 408
131 409
117 410
249 411
177 412
280 413
162 414
284 415
211 416
372 417
206 418
279 419
174 420
159 421
188 422
169 423
3 424
332 425
229 426
77 427
66 428
17 429
110 430
358 431
340 432
313 433
56 434
194 435
272 436
428 437
422 438
8 439
178 440
415 441
262 442
304 443
262 444
242 445
289 446
131 447
409 448
342 449
164 450
183 451
391 452
420 453
142 454
126 455
393 456
179 457
333 458
408 459
298 460
304 461
17 462
233 463
441 464
56 465
301 466
196 467
92 468
293 469
421 470
409 471
409 472
238 473
155 474
103 475
409 476
192 477
449 478
345 479
352 480
366 481
165 482
175 483
244 484
339 485
397 486
245 487
64 488
251 489
108 490
113 491
131 492
122 493
176 494
409 495
459 496
274 497
283 498
308 499
156 500
314 501
98 502
46 503
458 504
308 505
1 506
223 507
463 508
104 509
400 510
10 511
172 512
318 513
424 514
209 515
151 516
308 517
179 518
181 519
94 520
408 521
29 522
415 523
246 524
386 525
259 526
143 527
363 528
311 529
184 530
80 531
479 532
481 533
273 534
249 535
335 536
116 537
412 538
263 539
222 540
108 541
110 542
447 543
500 544
527 545
110 546
88 547
497 548
76 549
461 550
473 551
419 552
137 553
114 554
171 555
319 556
72 557
532 558
554 559
471 560
99 561
487 562
504 563
487 564
294 565
209 566
476 567
243 568
43 569
30 570
17 571
167 572
549 573
99 574
127 575
27 576
350 577
137 578
332 579
200 580
186 581
301 582
500 583
195 584
224 585
93 586
361 587
514 588
234 589
420 590
267 591
106 592
215 593
79 594
535 595
412 596
295 597
372 598
147 599
212 600
290 601
234 602
206 603
216 604
465 605
410 606
576 607
38 608
314 609
334 610
146 611
582 612
347 613
257 614
143 615
295 616
426 617
333 618
246 619
487 620
61 621
242 622
508 623
185 624
82 625
351 626
43 627
163 628
577 629
385 630
483 631
236 632
359 633
26 634
616 635
9 636
52 637
532 638
141 639
488 640
179 641
574 642
528 643
405 644
175 645
168 646
18 647
614 648
43 649
373 650
150 651
230 652
228 653
225 654
59 655
351 656
277 657
617 658
647 659
3 660
13 661
195 662
557 663
270 664
176 665
625 666
63 667
230 668
15 669
452 670
214 671
64 672
510 673
495 674
96 675
249 676
624 677
190 678
321 679
399 680
550 681
358 682
675 683
306 684
314 685
514 686
296 687
354 688
173 689
553 690
386 691
648 692
370 693
114 694
17 695
597 696
618 697
306 698
46 699
223 700
568 701
63 702
302 703
189 704
430 705
179 706
281 707
118 708
624 709
616 710
406 711
55 712
679 713
465 714
468 715
672 716
341 717
532 718
301 719
173 720
524 721
598 722
471 723
38 724
221 725
448 726
334 727
509 728
140 729
554 730
382 731
341 732
247 733
600 734
337 735
631 736
524 737
480 738
96 739
378 740
331 741
44 742
146 743
69 744
643 745
636 746
636 747
255 748
321 749
48 750
218 751
369 752
71 753
519 754
523 755
573 756
174 757
707 758
533 759
628 760
175 761
226 762
388 763
110 764
316 765
322 766
403 767
355 768
209 769
482 770
258 771
505 772
58 773
689 774
645 775
346 776
58 777
750 778
68 779
549 780
652 781
6 782
544 783
505 784
622 785
655 786
669 787
145 788
549 789
529 790
694 791
228 792
209 793
7 794
65 795
384 796
310 797
614 798
245 799
414 800
778 801
102 802
328 803
68 804
247 805
550 806
636 807
385 808
712 809
417 810
314 811
752 812
632 813
573 814
782 815
21 816
652 817
119 818
196 819
160 820
630 821
767 822
783 823
414 824
536 825
526 826
666 827
5 828
416 829
494 830
703 831
814 832
177 9
480 4
170 8
527 9
609 9
729 10
87 2
11 10
296 2
360 275
311 2
768 7
26 10
687 5
467 6
124 7
111 6
816 8
551 9
16 529
353 5
5 5
352 3
820 10
304 5
559 9
87 8
198 9
349 8
37 809
134 7
560 2
236 7
708 4
484 2
53 5
702 7
819 10
499 3
701 434
17 6
619 7
134 10
228 8
336 7
453 3
30 10
598 2
542 8
80 545
237 4
671 9
809 8
172 5
368 9
694 2
18 2
300 4
222 7
471 740
371 3
203 10
237 4
625 8
247 1
310 9
82 7
277 4
461 1
624 660
541 5
380 5
118 4
216 8
672 8
627 3
715 1
328 8
61 9
162 593
441 10
652 7
380 8
168 2
113 3
617 10
305 5
446 2
265 2
114 18
304 2
15 8
78 5
734 4
65 6
491 10
179 10
295 8
773 5
528 215
295 6
172 6
154 5
480 9
832 9
603 5
808 9
268 10
563 1
321 723
9 8
699 8
424 5
474 10
16 5
145 10
38 9
306 3
42 5
671 617
211 5
575 5
325 10
604 10
398 8
587 7
303 6
287 9
145 9
374 574
321 10
344 8
774 1
427 3
779 2
747 8
134 4
663 4
775 9
69 123
604 4
692 1
781 9
748 3
245 3
806 7
120 9
754 2
682 9
116 573
497 7
501 3
383 3
687 4
775 4
43 1
708 1
148 4
181 2
733 669
435 5
314 8
162 2
758 3
814 6
758 4
536 9
668 5
145 2
370 552
21 10
570 1
459 1
301 4
665 5
54 9
51 3
188 2
534 6
341 11
144 5
223 1
613 8
731 8
11 9
317 10
203 2
575 10
453 7
676 796
67 4
51 4
156 5
368 4
732 2
30 1
448 1
608 6
435 7
602 67
109 7
102 2
390 5
599 8
155 1
204 9
797 10
322 4
261 7
122 174
71 8
739 3
427 7
84 2
500 3
288 3
91 3
150 6
82 9
322 358
544 5
452 6
437 6
647 10
152 6
748 7
320 9
154 4
405 8
108 102
646 5
738 7
322 9
370 3
473 9
495 10
303 1
222 8
585 5
759 713
524 4
144 1
187 3
241 3
377 1
185 10
53 5
685 6
625 6
491 466
724 5
629 2
776 4
782 7
316 7
301 7
54 1
828 6
44 10
185 797
214 7
690 2
423 8
766 10
761 4
105 6
753 2
652 6
88 6
743 221
442 1
327 8
366 8
686 9
345 1
255 3
211 8
815 10
734 4
67 512
638 9
796 7
209 2
402 6
323 3
17 8
686 10
406 5
765 1
358 269
233 1
753 3
761 8
513 2
493 9
616 8
318 4
419 8
630 5
804 482
72 4
520 6
820 8
340 5
45 7
257 3
52 2
320 2
120 3
610 310
470 6
285 8
172 9
330 7
702 2
410 2
769 5
299 10
104 3
233 613
369 4
218 10
296 4
194 2
658 2
767 8
122 6
537 4
12 7
382 493
813 4
239 1
243 2
580 6
712 5
509 3
215 9
603 4
737 6
572 551
224 4
238 4
710 5
99 3
777 5
319 9
609 4
342 9
628 2
377 371
761 2
232 8
29 2
110 10
537 7
592 10
480 9
726 4
757 2
603 732
496 2
637 8
224 7
541 1
291 7
641 5
640 5
684 3
753 1
21 379
103 7
336 3
64 5
72 9
496 7
433 10
475 2
582 10
192 10
699 228
811 8
604 5
716 7
587 2
757 9
310 8
72 7
283 4
186 8
63 553
744 1
269 2
542 1
591 1
45 6
582 4
762 6
495 2
725 3
826 555
728 2
297 3
435 10
597 2
615 8
748 7
440 6
434 5
44 10
642 310
533 1
563 9
318 4
784 8
359 9
84 8
795 1
638 6
763 10
830 529
615 5
131 2
46 1
823 3
230 7
716 1
482 9
810 8
267 6
275 358
277 8
342 7
764 8
672 10
519 9
689 7
750 6
317 5
37 1
825 415
70 5
162 2
534 8
111 3
250 10
516 6
360 6
537 1
542 10
650 255
31 6
7 2
340 6
627 10
221 7
436 7
128 10
396 1
590 5
585 198
609 6
496 8
350 2
79 9
760 6
707 7
256 7
610 6
753 1
423 11
221 10
763 4
3 10
361 2
481 8
297 8
603 4
701 9
453 7
801 824
623 4
69 4
811 3
696 4
376 3
488 6
4 9
2 7
349 1
489 646
358 3
575 4
21 7
421 3
490 7
651 8
9 9
606 2
633 9
402 156
449 3
707 1
41 9
142 4
518 9
811 2
519 5
260 5
408 5
285 773
699 7
696 3
435 9
793 10
532 6
95 8
355 2
156 7
423 9
806 815
50 8
79 7
715 10
708 4
510 4
29 1
189 5
769 10
680 4
547 295
8 2
718 8
543 7
273 5
262 6
595 2
218 8
450 7
499 6
497 197
549 6
41 2
508 4
826 2
728 7
695 8
822 1
211 10
819 8
612 590
59 9
809 4
25 9
611 3
497 4
674 1
373 3
223 2
700 10
200 519
456 10
608 6
657 9
478 10
275 9
18 6
183 4
761 8
68 1
192 525
591 7
433 4
33 4
575 10
171 1
66 7
370 4
697 1
186 10
515 429
191 5
422 8
270 5
504 7
418 3
419 3
406 7
711 8
225 10
42 251
338 1
576 4
157 5
698 10
210 1
809 5
220 7
68 2
437 10
643 641
695 5
724 8
617 4
221 3
393 5
178 6
326 1
713 1
551 2
103 435
732 7
255 1
417 3
670 10
236 7
766 1
89 7
636 5
745 6
385 255
286 1
275 4
400 9
496 4
125 2
455 9
640 2
125 10
636 1
232 232
320 7
497 10
507 2
615 9
631 3
533 6
827 1
727 9
714 1
1 145
610 9
713 5
16 7
368 6
389 3
535 9
580 6
358 7
645 4
118 671
561 5
209 1
354 4
796 4
626 8
356 8
74 4
162 8
479 8
552 769
589 9
404 2
403 7
36 2
352 4
264 7
129 5
187 6
557 2
80 814
281 5
730 3
661 7
401 5
622 4
376 7
340 10
705 5
521 7
475 87
543 7
248 9
714 3
626 1
557 6
716 4
531 7
175 6
646 4
248 372
423 5
280 5
376 9
135 2
741 2
524 1
165 2
671 1
148 7
730 328
32 6
675 6
477 7
720 2
243 8
64 9
531 8
500 9
699 3
611 119
347 8
338 6
332 5
713 7
354 4
184 7
122 5
218 3
532 7
182 61
44 6
483 7
805 10
193 5
775 1
229 6
342 10
817 10
271 8
147 727
125 6
46 10
428 2
33 2
639 1
293 2
223 8
132 1
171 9
569 324
509 10
288 3
623 3
792 2
311 1
544 3
162 8
8 2
644 4
509 767
255 5
509 1
704 2
217 1
280 8
92 1
566 7
646 10
38 5
130 102
583 10
494 8
420 3
692 2
522 10
230 4
376 7
437 10
408 4
337 289
167 4
614 10
304 9
53 10
182 10
437 1
404 2
96 10
550 1
497 749
393 1
84 2
592 5
808 10
719 2
541 2
781 6
106 3
832 9
264 111
175 3
106 3
608 5
67 2
141 8
779 2
305 8
421 3
10 5
476 444
209 7
830 2
311 9
173 6
408 4
822 8
157 8
630 9
448 10
504 366
663 7
8 10
739 5
821 7
459 10
7 3
439 7
106 6
276 1
799 194
23 2
314 2
572 6
717 10
472 8
328 7
472 5
332 8
537 1
805 285
644 9
236 1
801 10
705 3
740 8
678 5
799 1
87 2
112 5
416 291
789 4
785 9
182 6
83 4
423 2
743 6
340 4
205 2
177 4
630 88
621 6
360 8
680 4
450 1
480 2
394 2
430 3
302 7
393 5
335 109
63 4
53 2
372 2
822 5
766 10
674 7
825 4
535 1
483 3
317 408
205 7
464 1
439 1
193 8
253 8
703 6
308 6
609 7
533 3
504 123
716 3
26 6
41 2
167 1
751 8
187 1
619 1
475 7
35 1
489 306
90 9
184 8
406 8
265 6
278 9
420 1
621 9
383 7
333 3
9 512
199 2
316 3
827 5
499 3
480 9
190 7
779 6
61 6
426 9
488 90
545 2
608 2
458 8
759 3
154 6
367 9
19 5
485 9
793 3
402 664
775 7
80 8
823 8
371 8
501 4
282 10
162 4
814 10
71 6
533 743
707 2
626 5
569 6
502 5
454 7
327 9
382 8
15 1
172 5
489 642
51 10
623 3
429 10
638 4
309 3
583 3
649 7
633 7
50 4
267 714
407 2
248 10
236 6
90 7
100 9
304 9
309 6
94 4
32 9
19 109
624 3
767 1
575 1
413 4
774 9
811 5
79 10
76 5
457 5
100 20
605 3
342 1
192 7
815 10
343 4
380 3
499 10
375 6
363 1
33 129
370 2
441 5
51 2
601 4
467 9
175 2
614 8
801 5
233 7
87 569
298 1
575 9
357 4
397 5
95 7
496 7
762 4
57 4
70 3
25 133
