352 1000
1 2
2 3
2 4
2 5
5 6
5 7
3 8
5 9
2 10
10 11
3 12
3 13
1 14
1 15
14 16
14 17
8 18
11 19
16 20
4 21
20 22
2 23
7 24
16 25
5 26
21 27
8 28
3 29
3 30
4 31
2 32
30 33
33 34
26 35
13 36
14 37
32 38
12 39
29 40
14 41
20 42
12 43
43 44
5 45
9 46
26 47
5 48
9 49
8 50
49 51
36 52
12 53
23 54
6 55
54 56
49 57
20 58
27 59
25 60
9 61
52 62
20 63
24 64
8 65
20 66
51 67
38 68
10 69
62 70
23 71
36 72
44 73
67 74
65 75
30 76
71 77
7 78
47 79
30 80
13 81
37 82
62 83
74 84
14 85
29 86
71 87
52 88
15 89
21 90
47 91
27 92
11 93
53 94
44 95
27 96
56 97
22 98
34 99
55 100
19 101
30 102
52 103
50 104
98 105
53 106
28 107
105 108
21 109
60 110
23 111
53 112
85 113
48 114
48 115
94 116
34 117
97 118
93 119
67 120
112 121
29 122
7 123
106 124
117 125
85 126
69 127
121 128
15 129
66 130
29 131
11 132
118 133
54 134
7 135
80 136
116 137
112 138
62 139
131 140
48 141
33 142
67 143
33 144
8 145
4 146
85 147
13 148
13 149
76 150
70 151
149 152
37 153
90 154
110 155
55 156
122 157
156 158
68 159
116 160
125 161
82 162
90 163
96 164
96 165
8 166
26 167
51 168
26 169
163 170
157 171
118 172
8 173
93 174
37 175
87 176
39 177
16 178
148 179
83 180
68 181
105 182
87 183
125 184
5 185
21 186
25 187
105 188
118 189
154 190
131 191
169 192
158 193
21 194
124 195
55 196
21 197
26 198
32 199
83 200
196 201
111 202
150 203
77 204
138 205
97 206
46 207
18 208
132 209
173 210
70 211
47 212
160 213
212 214
72 215
176 216
159 217
77 218
135 219
189 220
78 221
77 222
52 223
66 224
45 225
114 226
33 227
72 228
228 229
56 230
64 231
180 232
219 233
154 234
42 235
185 236
216 237
143 238
172 239
114 240
96 241
157 242
67 243
120 244
1 245
63 246
181 247
191 248
231 249
233 250
199 251
35 252
243 253
94 254
233 255
115 256
254 257
129 258
1 259
163 260
124 261
149 262
151 263
245 264
44 265
203 266
144 267
119 268
142 269
125 270
93 271
58 272
258 273
227 274
81 275
52 276
1 277
87 278
190 279
189 280
112 281
135 282
34 283
238 284
131 285
104 286
163 287
231 288
165 289
260 290
122 291
47 292
152 293
14 294
244 295
279 296
115 297
120 298
150 299
40 300
217 301
202 302
248 303
273 304
22 305
211 306
260 307
161 308
14 309
175 310
40 311
211 312
137 313
42 314
310 315
235 316
74 317
50 318
65 319
314 320
21 321
301 322
197 323
198 324
112 325
160 326
109 327
232 328
156 329
47 330
328 331
220 332
316 333
107 334
131 335
180 336
202 337
328 338
210 339
286 340
202 341
61 342
173 343
137 344
23 345
229 346
127 347
224 348
136 349
167 350
12 351
267 352
235 4
126 8
140 8
328 7
212 3
172 2
312 5
198 9
254 1
252 276
352 8
135 7
198 5
315 10
65 8
36 6
307 4
179 2
235 10
175 80
187 4
347 9
238 5
176 8
170 5
137 4
51 9
240 5
201 7
167 150
212 2
224 2
224 6
7 6
304 3
322 3
41 2
151 6
91 7
226 227
125 5
222 2
158 2
186 3
166 3
205 10
313 4
303 4
27 8
51 96
11 1
273 3
17 3
185 8
305 4
12 10
324 4
225 8
309 9
79 119
9 7
202 9
201 3
289 8
329 3
258 1
276 8
240 9
198 4
158 232
313 7
102 10
189 9
232 3
349 7
132 5
19 1
185 6
99 6
5 76
271 6
28 8
242 4
179 1
306 3
194 10
88 5
15 4
192 2
287 130
277 1
320 4
314 4
263 2
298 1
128 3
196 8
121 6
79 6
42 20
207 5
336 9
173 3
290 4
299 1
69 4
286 6
96 7
180 8
37 136
177 8
295 1
219 3
297 8
65 5
235 2
266 5
231 2
291 5
321 72
16 7
156 1
39 3
76 9
103 7
55 7
10 2
310 6
208 10
105 16
51 9
166 5
166 6
99 9
339 10
63 8
235 4
171 9
26 3
46 161
247 3
326 7
152 10
86 2
175 10
320 8
88 6
161 9
41 1
174 165
147 6
157 5
336 4
174 7
112 10
200 3
218 7
55 9
262 1
2 212
225 8
173 9
213 10
337 4
181 4
9 5
193 7
19 6
23 9
86 210
277 2
236 3
66 2
247 5
231 7
63 7
71 6
146 10
103 9
339 221
151 6
199 10
73 5
65 7
286 1
230 6
121 7
138 7
117 7
244 165
7 5
246 4
130 5
276 7
219 9
133 9
318 2
146 7
178 5
12 127
298 1
261 8
100 7
330 1
317 4
100 10
199 9
217 1
197 6
220 170
346 7
70 7
230 9
185 7
135 10
245 9
181 2
234 5
121 6
289 115
232 9
332 5
49 10
281 5
207 2
84 8
333 4
338 2
31 1
252 128
69 1
166 10
320 1
28 2
223 8
75 7
66 3
10 8
242 9
236 249
252 4
195 2
218 8
4 1
195 1
173 6
86 5
172 9
161 5
90 151
210 5
202 1
144 7
263 1
102 2
224 8
312 2
230 4
275 8
118 221
212 9
115 7
51 5
136 1
154 2
348 7
292 1
310 3
213 8
21 279
217 6
207 4
258 2
216 2
122 10
302 1
337 3
143 4
98 2
168 195
221 3
263 2
57 9
142 8
258 2
214 10
172 2
38 2
263 9
157 348
73 2
113 5
55 2
299 5
150 6
196 3
105 5
138 9
249 1
245 297
339 9
114 5
179 1
183 5
250 7
218 7
140 5
25 5
80 6
241 216
97 5
27 1
345 8
142 6
63 8
70 4
143 10
192 4
185 10
267 165
317 6
333 9
262 8
124 4
78 3
146 6
348 3
49 2
149 8
10 129
39 10
114 10
210 5
290 5
249 7
250 9
72 9
282 3
321 2
19 136
13 8
82 4
267 7
40 10
212 9
264 8
250 10
171 4
64 7
275 240
57 2
2 7
204 6
4 9
53 2
229 4
112 3
154 3
188 7
89 207
134 7
101 3
168 5
257 2
16 9
257 5
28 7
118 2
43 2
73 220
324 4
35 8
29 5
347 6
195 6
195 6
99 5
120 3
92 4
347 112
67 8
225 7
61 9
7 2
222 7
345 5
159 7
50 3
302 9
292 284
234 5
198 5
76 3
326 1
69 10
129 6
45 6
71 5
19 6
276 207
347 7
239 10
290 7
81 9
318 6
89 10
151 2
127 4
317 5
38 10
42 7
159 3
178 3
222 6
115 10
48 3
119 4
221 9
21 10
347 15
83 2
103 9
198 3
92 6
118 7
206 8
92 2
8 3
143 6
192 291
164 1
28 1
348 10
208 5
322 10
330 4
138 5
203 9
330 1
1 259
71 4
13 3
329 10
236 8
293 9
318 5
240 4
98 9
342 7
53 233
184 5
344 1
64 8
248 10
158 4
349 8
66 1
78 5
288 9
112 39
258 3
79 8
22 1
197 9
309 5
69 3
139 3
287 10
70 8
309 82
91 6
121 5
92 10
329 4
319 8
204 1
24 9
251 8
338 9
37 121
61 10
147 7
318 6
294 9
330 3
308 5
209 7
95 3
32 4
122 138
286 10
192 7
175 8
211 7
78 9
284 5
142 1
94 2
41 6
336 97
21 6
304 6
316 5
280 7
108 1
21 2
291 8
1 3
146 7
215 12
43 8
286 4
239 3
124 10
178 5
144 2
185 2
136 7
118 4
100 211
326 10
154 6
82 2
264 5
91 8
277 10
25 6
305 10
263 3
166 79
173 3
217 2
86 6
138 7
126 6
53 10
323 5
135 8
324 3
189 29
151 9
279 5
88 3
258 1
61 4
39 5
187 3
27 5
298 9
97 282
7 10
2 1
35 2
48 1
104 7
83 5
123 2
273 6
228 5
139 152
325 1
205 7
296 8
191 4
11 10
304 1
221 8
227 1
254 9
140 180
135 4
211 9
31 5
9 1
242 10
182 2
85 2
350 1
310 3
229 246
228 5
283 8
289 9
267 6
121 5
185 9
168 6
298 8
193 10
181 36
127 5
162 6
175 5
276 9
44 4
198 2
172 7
321 3
104 1
168 212
352 5
240 1
54 4
86 2
263 2
103 7
136 8
88 8
4 5
116 347
80 10
45 5
260 4
174 8
146 7
162 7
277 5
244 7
266 4
128 25
290 5
207 6
196 4
103 9
94 3
59 7
115 7
339 5
76 8
117 132
93 3
278 3
268 3
106 7
169 7
349 6
213 10
312 10
121 1
222 145
170 4
6 5
301 4
178 2
119 5
129 3
130 10
66 9
117 7
2 344
16 5
89 8
140 6
201 9
23 5
156 8
177 7
105 10
301 1
46 58
239 9
167 8
114 1
279 6
118 10
149 7
270 5
147 5
89 9
269 197
80 5
325 7
27 2
271 4
15 7
191 5
269 6
164 8
339 4
229 151
6 1
210 5
247 3
137 2
233 4
181 6
16 5
153 2
147 3
232 351
121 10
154 7
99 8
281 4
158 7
304 7
115 1
211 4
151 1
101 300
149 8
328 5
80 5
224 8
336 6
279 2
107 10
241 4
351 9
137 60
7 1
315 5
221 5
156 6
244 10
148 10
5 2
230 10
215 1
336 249
11 4
307 8
34 7
319 1
306 5
250 4
105 7
109 3
15 8
234 340
93 6
142 1
183 2
254 9
251 6
44 6
328 3
13 10
115 7
18 96
20 5
256 6
50 8
73 4
352 3
155 5
296 10
259 7
218 4
324 29
190 1
28 3
108 3
50 2
257 6
173 3
61 9
184 10
132 4
305 352
302 10
127 2
67 7
115 5
278 3
81 10
213 2
201 3
95 5
110 159
19 6
14 5
229 9
201 9
313 9
326 4
283 3
240 2
61 9
341 258
59 3
295 9
175 9
74 7
112 3
289 4
134 5
342 1
80 2
159 255
126 2
79 1
47 8
29 9
177 6
137 8
215 5
169 5
235 10
343 64
155 5
163 10
250 7
194 5
188 10
124 6
273 4
148 1
57 7
305 156
171 4
338 8
300 2
253 5
242 5
234 1
101 10
257 7
314 8
204 192
20 5
39 2
192 4
121 5
31 8
229 6
138 6
132 2
57 5
186 103
113 1
7 8
188 9
76 9
67 9
221 2
36 5
243 8
125 10
268 293
111 9
55 7
252 8
15 1
45 3
307 4
217 10
7 7
222 8
225 232
46 9
104 6
202 7
79 6
70 8
62 7
116 10
79 10
103 8
50 278
231 5
300 4
25 1
251 7
186 8
69 3
117 4
185 7
100 4
12 206
147 5
157 4
323 2
63 3
76 4
168 3
180 2
340 4
323 4
190 90
77 3
193 6
43 6
178 9
232 6
348 8
119 8
76 8
201 1
92 37
160 4
109 1
298 6
46 6
327 1
344 5
293 10
343 7
20 4
244 128
31 9
229 1
115 4
346 10
59 10
182 7
286 6
38 9
225 7
332 62
169 1
45 6
134 9
19 7
187 8
309 6
253 1
204 2
167 6
93 298
99 8
137 5
58 4
164 3
153 6
112 4
99 2
112 1
135 10
201 25
192 2
92 6
259 1
283 1
307 9
114 9
342 7
286 10
62 2
138 165
131 9
329 10
9 7
261 4
20 8
132 5
245 1
25 3
342 3
348 277
6 5
237 6
204 4
2 8
46 9
203 6
332 5
325 2
324 10
48 345
266 9
227 3
316 6
251 9
264 2
48 3
186 10
238 4
156 4
5 67
29 9
197 3
262 1
20 8
243 1
334 3
224 10
208 4
230 4
109 148
273 2
259 2
322 5
211 7
144 7
77 1
106 8
74 6
249 5
89 124
334 6
291 6
24 4
102 4
58 6
28 3
39 3
75 3
157 2
195 65
