885 1000
1 2
2 3
3 4
3 5
4 6
2 7
1 8
6 9
5 10
10 11
5 12
11 13
8 14
3 15
4 16
10 17
9 18
18 19
6 20
13 21
7 22
19 23
2 24
18 25
16 26
20 27
26 28
17 29
26 30
26 31
24 32
7 33
11 34
17 35
4 36
6 37
5 38
30 39
34 40
36 41
35 42
22 43
31 44
33 45
24 46
19 47
19 48
46 49
31 50
1 51
22 52
46 53
49 54
4 55
20 56
55 57
11 58
32 59
18 60
44 61
8 62
49 63
43 64
14 65
9 66
49 67
8 68
33 69
64 70
58 71
21 72
35 73
33 74
67 75
31 76
64 77
6 78
36 79
17 80
46 81
40 82
29 83
35 84
1 85
4 86
22 87
22 88
33 89
69 90
13 91
48 92
55 93
7 94
92 95
55 96
58 97
27 98
19 99
89 100
19 101
49 102
22 103
48 104
23 105
27 106
29 107
34 108
82 109
51 110
61 111
101 112
59 113
86 114
20 115
55 116
5 117
116 118
25 119
29 120
77 121
59 122
73 123
30 124
123 125
89 126
60 127
12 128
116 129
48 130
86 131
87 132
25 133
87 134
72 135
111 136
76 137
27 138
9 139
59 140
110 141
102 142
91 143
125 144
33 145
28 146
88 147
131 148
125 149
67 150
39 151
140 152
119 153
118 154
31 155
37 156
45 157
11 158
105 159
123 160
102 161
2 162
52 163
61 164
84 165
18 166
56 167
164 168
89 169
77 170
27 171
55 172
8 173
17 174
124 175
156 176
81 177
27 178
101 179
179 180
17 181
20 182
49 183
181 184
97 185
87 186
166 187
106 188
83 189
27 190
148 191
136 192
40 193
127 194
123 195
3 196
67 197
137 198
111 199
60 200
158 201
7 202
158 203
3 204
183 205
36 206
148 207
21 208
115 209
15 210
108 211
41 212
101 213
199 214
54 215
190 216
101 217
17 218
126 219
177 220
129 221
90 222
82 223
216 224
7 225
192 226
83 227
49 228
155 229
87 230
216 231
172 232
158 233
52 234
120 235
112 236
180 237
112 238
183 239
208 240
184 241
119 242
197 243
201 244
134 245
18 246
129 247
123 248
62 249
129 250
73 251
30 252
17 253
123 254
69 255
30 256
177 257
220 258
234 259
27 260
211 261
7 262
207 263
256 264
35 265
62 266
90 267
209 268
173 269
128 270
261 271
215 272
8 273
195 274
158 275
100 276
93 277
48 278
232 279
105 280
90 281
185 282
96 283
49 284
6 285
231 286
88 287
231 288
234 289
135 290
137 291
111 292
7 293
274 294
75 295
229 296
179 297
286 298
206 299
126 300
134 301
225 302
236 303
236 304
38 305
33 306
57 307
289 308
109 309
205 310
155 311
230 312
217 313
162 314
237 315
123 316
288 317
127 318
226 319
83 320
125 321
118 322
215 323
195 324
98 325
203 326
8 327
100 328
60 329
329 330
192 331
66 332
316 333
324 334
23 335
102 336
297 337
30 338
82 339
329 340
94 341
175 342
169 343
103 344
19 345
48 346
140 347
321 348
16 349
332 350
58 351
334 352
57 353
321 354
167 355
216 356
302 357
8 358
296 359
34 360
258 361
17 362
27 363
19 364
173 365
195 366
233 367
143 368
34 369
177 370
35 371
44 372
221 373
18 374
215 375
368 376
134 377
149 378
31 379
5 380
250 381
244 382
214 383
321 384
140 385
25 386
125 387
354 388
84 389
330 390
262 391
260 392
210 393
53 394
61 395
112 396
369 397
291 398
258 399
349 400
343 401
175 402
178 403
87 404
358 405
395 406
209 407
125 408
140 409
232 410
42 411
186 412
30 413
33 414
136 415
266 416
353 417
96 418
336 419
76 420
419 421
307 422
343 423
16 424
341 425
366 426
196 427
7 428
287 429
83 430
184 431
60 432
356 433
373 434
274 435
238 436
212 437
404 438
277 439
238 440
181 441
59 442
379 443
156 444
399 445
116 446
190 447
218 448
199 449
304 450
355 451
202 452
169 453
2 454
139 455
217 456
377 457
176 458
430 459
358 460
328 461
121 462
373 463
10 464
200 465
421 466
111 467
100 468
215 469
286 470
257 471
328 472
52 473
437 474
233 475
86 476
354 477
302 478
61 479
156 480
243 481
207 482
402 483
482 484
464 485
339 486
356 487
391 488
422 489
78 490
106 491
208 492
140 493
458 494
83 495
86 496
368 497
21 498
481 499
328 500
234 501
76 502
130 503
300 504
269 505
70 506
322 507
320 508
404 509
115 510
27 511
364 512
366 513
339 514
398 515
367 516
97 517
260 518
332 519
464 520
274 521
441 522
143 523
49 524
294 525
118 526
518 527
203 528
116 529
212 530
158 531
471 532
78 533
96 534
203 535
422 536
48 537
67 538
417 539
236 540
203 541
289 542
18 543
233 544
130 545
289 546
324 547
245 548
533 549
79 550
490 551
547 552
180 553
130 554
240 555
143 556
241 557
150 558
450 559
426 560
380 561
561 562
380 563
420 564
555 565
345 566
367 567
366 568
529 569
275 570
241 571
199 572
288 573
362 574
46 575
326 576
356 577
341 578
235 579
308 580
333 581
341 582
499 583
82 584
199 585
460 586
366 587
29 588
463 589
516 590
142 591
212 592
181 593
557 594
580 595
185 596
444 597
128 598
182 599
108 600
344 601
434 602
571 603
58 604
166 605
406 606
401 607
310 608
524 609
516 610
368 611
542 612
111 613
63 614
554 615
266 616
112 617
519 618
301 619
383 620
505 621
106 622
67 623
155 624
214 625
252 626
236 627
365 628
305 629
156 630
521 631
338 632
630 633
544 634
113 635
337 636
529 637
229 638
447 639
404 640
580 641
561 642
356 643
64 644
62 645
402 646
188 647
622 648
149 649
619 650
256 651
453 652
482 653
488 654
472 655
585 656
337 657
288 658
396 659
467 660
171 661
268 662
177 663
571 664
577 665
228 666
370 667
65 668
484 669
612 670
183 671
361 672
311 673
272 674
214 675
256 676
520 677
495 678
179 679
490 680
644 681
63 682
590 683
242 684
454 685
194 686
623 687
49 688
150 689
121 690
536 691
32 692
280 693
578 694
117 695
662 696
648 697
683 698
386 699
40 700
275 701
209 702
325 703
369 704
506 705
214 706
579 707
686 708
569 709
658 710
67 711
6 712
436 713
542 714
433 715
294 716
324 717
363 718
184 719
475 720
257 721
282 722
517 723
687 724
48 725
1 726
644 727
512 728
648 729
435 730
682 731
557 732
357 733
358 734
626 735
172 736
381 737
286 738
548 739
328 740
358 741
467 742
385 743
79 744
658 745
642 746
477 747
718 748
311 749
264 750
523 751
140 752
180 753
319 754
722 755
455 756
462 757
139 758
625 759
341 760
475 761
70 762
586 763
705 764
739 765
88 766
150 767
745 768
76 769
273 770
338 771
455 772
532 773
115 774
662 775
323 776
139 777
453 778
511 779
551 780
588 781
683 782
717 783
297 784
672 785
666 786
687 787
660 788
276 789
600 790
639 791
435 792
165 793
190 794
515 795
617 796
64 797
113 798
572 799
633 800
225 801
570 802
328 803
497 804
399 805
227 806
19 807
323 808
515 809
779 810
515 811
418 812
519 813
264 814
456 815
54 816
621 817
570 818
686 819
47 820
287 821
433 822
176 823
172 824
532 825
711 826
745 827
642 828
146 829
584 830
69 831
571 832
271 833
610 834
478 835
594 836
284 837
454 838
166 839
706 840
364 841
458 842
484 843
731 844
638 845
9 846
793 847
109 848
113 849
737 850
441 851
320 852
692 853
550 854
31 855
528 856
745 857
548 858
75 859
761 860
659 861
306 862
175 863
730 864
640 865
517 866
230 867
17 868
239 869
115 870
335 871
21 872
359 873
235 874
141 875
161 876
328 877
365 878
118 879
543 880
845 881
605 882
696 883
243 884
236 885
816 9
573 10
801 4
778 8
805 3
37 3
122 4
851 9
314 4
20 495
291 3
721 2
353 7
515 8
60 10
725 2
870 10
444 4
577 2
550 623
657 10
215 7
820 3
873 3
371 3
585 9
731 5
392 6
362 2
167 624
316 3
262 3
474 6
2 8
381 4
393 3
32 5
50 5
608 8
531 314
594 9
536 6
181 5
670 6
278 2
553 3
705 8
268 3
498 5
743 873
341 1
327 6
200 8
327 7
15 1
473 5
475 2
298 10
203 8
640 471
359 1
202 7
437 9
596 3
409 1
430 9
451 1
72 10
311 10
33 328
706 1
155 7
309 6
530 3
422 3
613 5
821 10
221 1
15 2
844 422
712 7
496 2
121 7
426 6
89 2
612 7
126 9
104 3
3 1
438 426
303 2
56 6
883 3
407 3
683 6
246 6
496 9
10 6
128 3
253 483
40 4
483 9
658 1
882 3
611 10
446 7
210 5
449 7
145 9
89 379
126 7
688 5
71 2
323 7
295 9
538 4
11 10
155 4
333 4
765 613
255 1
454 10
63 9
339 8
373 10
38 10
565 4
590 3
294 2
662 306
885 5
706 9
488 10
157 1
36 9
494 6
69 2
458 3
563 10
654 853
461 4
604 6
534 5
424 9
343 5
172 4
818 4
589 10
733 6
475 526
468 4
777 9
339 4
345 3
122 7
19 10
764 5
182 3
788 4
749 242
761 5
271 10
539 6
332 8
737 9
128 8
385 4
829 2
692 7
567 425
207 3
394 8
464 8
775 1
515 4
728 9
884 3
53 2
763 8
676 420
663 10
156 10
392 9
743 1
337 7
826 7
415 3
540 8
124 10
479 709
238 9
377 3
857 6
420 8
307 10
279 8
760 3
726 6
779 7
505 882
746 7
4 4
712 3
434 7
657 10
503 5
402 7
600 7
59 2
394 177
296 10
544 6
594 3
556 6
696 6
160 2
615 4
502 2
727 8
762 829
126 2
629 7
872 3
859 5
12 6
229 7
750 3
216 7
659 4
861 62
10 5
428 4
885 4
545 2
295 4
160 10
557 2
171 5
338 4
772 574
130 7
793 8
510 9
788 2
794 4
336 8
346 6
404 2
234 5
534 642
254 8
402 10
8 10
36 1
75 3
451 7
702 5
78 8
599 9
727 391
33 10
60 3
479 4
361 4
340 8
293 2
526 4
792 10
747 8
496 280
525 1
254 1
817 7
790 7
219 9
228 4
310 2
181 5
681 6
91 775
147 3
828 9
437 1
236 10
416 7
700 10
92 3
497 8
459 5
450 180
647 10
103 1
483 9
312 7
357 2
241 2
67 4
461 6
174 9
260 789
280 9
380 8
54 10
61 1
124 10
183 5
164 7
273 7
777 3
485 561
241 9
600 1
386 2
275 6
856 7
171 10
131 3
115 2
873 2
885 257
323 5
689 9
653 8
765 4
518 9
738 7
337 6
550 9
717 3
659 864
596 6
127 3
534 6
149 9
284 8
691 7
697 2
56 8
205 5
716 229
22 10
361 7
839 2
108 2
649 1
143 9
708 10
847 2
574 8
620 835
503 10
772 9
395 5
859 7
531 2
637 5
751 6
620 8
497 6
121 791
874 7
839 3
477 6
447 3
874 2
727 1
181 9
830 2
362 9
118 148
673 7
550 6
153 10
81 3
668 9
630 4
492 3
304 2
217 1
687 333
296 10
339 1
816 6
61 10
72 10
823 5
127 3
434 5
882 10
331 382
12 5
558 10
600 6
17 1
612 7
826 7
57 6
243 4
93 10
750 546
739 4
22 1
810 2
293 6
696 10
137 3
334 5
788 2
198 4
519 343
807 5
379 3
84 5
597 9
849 4
246 3
195 5
315 6
174 8
699 241
693 3
63 7
6 7
4 1
456 8
671 1
602 7
663 2
25 6
721 717
541 8
170 4
284 10
75 8
684 2
187 2
259 3
359 2
736 2
699 534
169 7
433 10
225 5
856 9
225 4
28 6
148 8
628 1
668 7
632 216
43 6
307 5
193 7
216 7
738 10
485 6
833 2
649 3
751 10
773 641
586 1
369 5
70 4
113 6
347 1
601 10
376 3
638 8
555 9
432 293
39 4
801 8
306 2
501 10
587 1
659 9
105 4
234 2
280 4
549 380
543 3
449 3
364 6
802 2
675 1
551 9
265 6
648 6
449 5
520 155
114 2
75 9
129 7
202 10
370 1
636 8
226 2
214 6
534 3
64 50
23 7
541 7
736 8
185 10
228 1
233 8
90 7
486 1
362 8
671 799
771 8
588 2
881 2
575 4
38 3
254 1
488 6
642 7
549 7
112 820
159 2
368 4
448 2
17 6
867 6
811 10
209 3
853 5
415 7
246 642
835 6
52 7
79 1
132 9
636 6
216 1
342 2
695 9
678 1
771 255
821 7
353 5
708 9
690 1
453 6
67 4
381 3
548 8
834 3
169 183
208 4
77 1
532 10
209 8
552 4
278 10
875 6
521 2
646 5
744 469
54 5
483 2
699 7
654 2
404 3
787 3
385 5
560 2
612 10
381 165
143 8
661 5
603 3
308 6
770 8
162 8
190 1
408 6
735 4
134 385
35 1
858 2
30 6
331 3
181 8
857 10
23 6
300 5
653 10
757 307
698 7
345 4
674 5
12 6
428 10
833 2
204 2
735 3
636 6
696 457
853 6
248 4
794 1
555 7
519 10
269 8
390 5
552 4
588 5
606 744
794 9
204 4
596 6
324 3
634 1
358 9
613 4
399 3
169 6
221 146
13 5
70 2
2 9
649 2
461 8
483 9
662 7
299 3
363 6
17 758
491 5
146 1
879 4
843 5
718 3
858 6
783 3
563 8
1 5
602 174
228 7
725 2
517 10
184 1
630 4
655 2
750 10
527 9
143 6
694 336
272 9
140 7
130 1
337 10
614 7
351 2
846 7
471 5
627 1
619 92
458 3
828 8
577 8
293 4
47 4
578 9
235 3
507 2
125 9
181 856
389 3
73 10
431 4
681 2
561 5
1 5
251 1
796 10
218 3
248 384
519 8
821 10
558 6
630 10
244 10
89 2
434 8
249 2
602 5
701 463
260 9
318 8
517 7
761 10
424 10
673 7
232 5
711 5
687 9
486 839
189 6
440 4
91 7
54 2
398 10
564 4
177 5
659 5
160 9
143 705
421 5
662 10
38 8
336 1
558 9
792 3
37 6
111 2
268 1
204 159
522 1
183 2
796 10
556 7
366 3
215 5
65 4
330 6
743 2
291 749
609 7
492 10
134 9
804 5
679 8
714 5
878 2
231 10
135 4
499 520
855 5
541 7
376 4
434 9
876 8
512 7
439 4
108 2
489 6
399 126
649 7
335 6
59 9
73 2
93 5
464 1
627 5
241 6
287 3
408 869
119 2
133 8
396 1
579 2
366 8
882 5
242 4
24 4
189 2
476 627
143 4
770 8
218 8
497 4
117 5
91 3
601 1
759 3
859 6
246 781
581 8
23 10
355 9
251 9
298 6
225 2
561 5
142 7
724 8
543 532
223 4
243 4
452 10
473 2
399 1
572 8
779 2
595 10
329 2
630 187
208 10
211 10
594 10
169 10
616 5
174 2
189 10
83 6
433 3
752 800
249 3
278 4
797 1
274 4
345 10
479 10
59 6
12 8
38 10
732 118
751 3
145 5
14 4
654 1
289 8
76 4
309 10
501 10
843 9
5 408
731 6
451 10
425 2
227 9
872 5
445 9
117 10
251 5
599 8
346 656
284 1
167 5
398 3
444 1
550 9
46 10
213 2
307 4
494 10
625 198
188 9
329 6
318 10
409 7
510 8
490 1
721 4
834 8
202 5
707 306
229 2
439 3
459 10
682 7
467 4
395 5
190 1
785 1
191 5
803 570
682 7
402 7
846 10
142 9
268 7
553 9
648 3
804 4
64 3
536 522
793 10
820 6
48 4
667 3
802 4
213 7
380 4
69 7
662 6
234 445
60 1
282 4
733 8
841 8
395 1
514 4
855 10
310 6
712 4
625 543
883 10
746 10
299 2
647 5
36 6
531 8
535 5
824 4
432 8
603 102
334 1
234 10
242 2
495 7
285 4
185 1
616 4
198 1
392 9
475 450
376 9
32 3
629 5
632 1
718 5
601 9
371 3
778 9
142 2
278 20
457 6
747 2
543 1
294 4
128 3
232 6
564 10
17 3
402 10
695 786
745 8
737 8
549 3
283 10
488 7
580 1
662 4
707 3
111 5
222 113
719 10
791 2
60 8
268 3
535 6
624 8
572 3
39 1
739 9
298 421
113 1
176 10
132 4
423 10
523 7
579 8
463 5
124 4
746 1
164 169
804 9
394 8
468 5
54 6
112 8
709 3
246 5
48 9
662 2
60 556
119 10
561 8
209 2
779 4
504 7
744 8
239 8
745 8
196 4
712 259
136 3
321 9
449 7
802 10
56 4
572 2
676 5
722 8
65 5
226 414
