79 1000
1 2
2 3
3 4
2 5
2 6
2 7
4 8
6 9
5 10
2 11
4 12
5 13
13 14
3 15
12 16
12 17
12 18
4 19
7 20
10 21
5 22
13 23
17 24
14 25
12 26
17 27
24 28
11 29
8 30
18 31
6 32
30 33
16 34
11 35
29 36
19 37
31 38
32 39
15 40
9 41
32 42
12 43
25 44
19 45
44 46
16 47
4 48
26 49
6 50
41 51
46 52
16 53
24 54
33 55
28 56
6 57
24 58
2 59
9 60
17 61
23 62
49 63
22 64
17 65
22 66
40 67
15 68
53 69
49 70
18 71
53 72
50 73
43 74
26 75
74 76
53 77
32 78
29 79
38 1
76 9
33 10
45 9
27 6
46 7
35 1
28 3
14 9
56 27
74 8
30 9
35 8
63 6
75 7
42 4
62 9
20 10
47 9
56 34
40 7
13 3
24 10
21 4
69 4
25 7
11 9
75 5
70 6
66 33
52 1
32 9
71 9
61 7
78 1
10 6
55 5
62 3
23 1
76 79
74 3
16 4
5 1
70 9
9 3
45 5
1 4
37 5
3 5
54 69
34 1
9 7
51 10
45 1
56 9
37 1
67 10
78 3
31 6
77 46
46 6
35 4
14 1
15 7
56 10
15 5
53 3
67 6
55 4
72 11
36 6
50 8
19 9
16 5
46 4
59 10
54 9
53 6
68 9
62 11
79 4
75 5
54 9
13 1
3 2
26 8
42 4
68 3
58 5
32 67
76 1
15 4
53 8
75 7
13 4
31 3
15 2
23 10
2 6
7 51
1 1
39 1
72 8
30 1
37 10
1 8
23 2
27 6
72 10
62 67
23 6
53 3
59 8
27 10
14 8
48 1
20 2
73 4
13 2
5 25
69 3
51 6
78 9
78 7
63 4
49 10
58 8
43 4
12 2
23 16
12 9
60 3
15 10
48 1
30 7
3 4
75 4
61 7
75 3
64 53
2 6
42 9
71 3
47 1
29 8
62 9
70 2
13 9
24 3
69 68
21 3
19 4
79 4
64 7
8 6
64 5
12 6
74 1
14 2
21 49
67 6
11 2
27 2
56 1
6 1
30 8
61 2
54 9
58 3
61 10
55 1
70 7
24 2
48 4
72 6
23 6
8 2
79 8
24 9
75 72
30 2
57 2
5 9
77 7
69 10
38 10
22 9
13 3
43 8
9 41
70 4
16 6
45 3
28 1
38 6
2 2
69 10
4 2
71 3
59 62
14 1
79 2
15 6
37 8
17 6
25 10
54 2
63 9
15 4
52 63
52 7
16 6
70 4
67 3
18 6
4 6
16 1
55 10
14 10
46 72
11 10
46 4
79 1
43 10
40 1
31 4
74 3
35 7
63 8
5 21
7 5
32 3
65 8
29 10
31 6
29 7
9 1
31 5
55 10
30 43
56 6
21 2
36 2
46 2
66 5
27 5
32 10
17 10
79 7
42 45
44 8
28 9
1 7
64 5
46 1
46 10
30 3
13 5
51 9
18 51
32 7
74 3
22 10
53 4
58 7
48 9
9 5
9 4
57 2
31 79
6 5
57 9
8 3
24 1
67 8
72 6
4 7
2 2
39 5
30 46
65 3
47 1
30 6
40 5
29 4
51 1
24 3
75 10
11 1
20 40
54 2
6 2
12 7
44 4
25 1
26 9
35 5
20 10
34 9
34 22
57 6
39 7
42 5
66 3
65 6
46 8
20 4
70 6
43 3
40 37
75 7
53 3
35 3
76 4
52 7
7 8
55 3
59 7
2 2
22 50
11 8
48 4
26 8
10 9
78 6
49 6
74 5
16 10
2 1
53 34
15 9
35 1
5 10
68 8
30 2
79 8
41 7
53 9
13 10
13 79
42 2
18 1
15 2
71 8
18 3
2 4
26 3
60 4
35 2
61 50
8 5
10 9
16 2
59 9
47 1
62 9
5 7
24 6
69 7
17 27
8 4
11 9
41 4
73 1
62 4
74 3
55 6
73 6
31 1
15 51
3 4
14 1
24 5
4 2
12 6
54 10
75 7
42 6
61 9
47 69
53 6
34 2
24 1
23 9
69 7
37 6
3 4
11 7
50 3
13 51
57 2
63 1
19 9
6 8
24 5
60 6
47 4
10 6
78 1
18 75
75 8
54 4
4 9
32 8
36 8
3 5
26 8
67 1
74 2
2 38
40 8
7 9
70 7
22 1
6 5
73 10
79 3
64 3
65 1
54 37
59 5
18 3
75 7
59 1
49 4
78 6
3 5
19 7
66 7
78 31
12 1
35 4
31 7
61 5
26 8
63 1
66 8
60 1
67 6
40 15
79 4
63 8
43 10
43 9
21 2
21 4
30 1
17 5
17 4
56 25
75 1
17 9
1 3
29 3
53 9
41 5
3 3
64 4
67 4
43 70
21 2
75 7
31 4
44 3
64 2
57 5
11 9
1 4
65 2
20 21
76 3
28 5
50 3
12 6
29 9
22 9
45 1
49 7
17 3
38 17
60 3
4 1
76 1
25 3
2 1
70 2
68 2
73 9
5 1
44 23
66 1
48 3
58 8
37 7
26 4
46 5
59 3
68 7
69 10
3 31
37 1
41 5
78 1
11 3
23 8
79 6
58 6
30 1
66 3
30 69
51 7
73 9
63 1
15 8
37 2
26 6
8 9
35 10
77 10
69 64
6 3
71 8
43 5
77 5
50 5
51 5
74 3
69 7
32 4
21 73
58 4
2 4
2 3
51 1
19 5
41 8
52 7
1 2
76 8
14 54
46 9
26 5
71 4
14 1
55 5
44 1
57 8
10 2
39 7
74 42
37 10
75 5
7 3
15 7
40 8
27 6
44 5
38 2
33 5
13 29
69 4
44 9
43 6
69 7
43 1
32 5
12 5
58 3
50 9
33 19
70 6
20 3
28 1
46 6
35 8
37 6
36 3
69 4
68 5
78 55
14 4
3 3
48 3
2 7
68 8
53 9
76 5
77 4
66 3
6 76
50 9
58 6
42 3
45 1
52 8
67 8
34 7
48 1
17 1
52 79
18 10
4 5
27 4
1 3
5 7
48 10
17 6
52 2
31 9
73 19
26 8
71 8
69 5
35 7
77 8
23 1
26 5
1 6
54 6
61 37
56 10
18 4
27 6
1 7
44 6
33 5
56 4
10 3
19 10
48 21
37 8
48 6
30 8
41 5
60 3
29 1
47 6
22 6
28 6
60 78
56 7
66 9
12 3
20 9
63 9
28 6
71 3
28 8
77 1
17 74
43 6
76 10
68 7
36 8
77 6
13 6
21 9
30 8
19 7
50 71
47 4
68 9
40 8
18 4
34 5
46 2
70 7
73 9
33 1
64 43
73 2
70 10
39 5
52 10
28 9
45 1
47 7
2 2
18 3
35 23
31 6
24 1
20 6
29 3
70 3
57 5
14 5
28 1
46 2
10 38
46 7
58 4
75 3
24 2
78 3
23 2
70 4
59 9
79 7
66 27
38 5
70 5
45 9
13 5
73 6
45 9
63 4
65 4
31 8
34 43
68 6
36 3
62 1
64 4
73 6
5 4
73 9
39 6
12 7
48 56
11 7
15 10
21 1
74 2
3 7
67 3
50 1
48 4
25 2
60 20
75 10
72 1
47 2
69 10
1 3
63 3
29 10
71 8
11 10
18 42
56 3
58 10
70 1
55 5
52 10
27 1
63 4
30 1
10 6
17 17
17 3
36 4
65 3
39 5
40 7
18 2
26 10
39 2
21 10
73 10
41 10
65 4
30 9
73 7
20 5
41 8
56 5
42 2
25 8
70 11
3 4
68 3
22 9
29 5
22 3
16 3
10 9
10 5
61 3
70 68
22 1
78 3
76 1
30 5
29 6
19 3
74 7
23 8
61 5
22 25
14 6
20 8
69 9
12 10
29 4
42 7
67 4
37 9
52 6
50 70
1 6
23 6
46 8
37 8
14 6
67 2
20 4
70 2
75 6
14 29
9 1
6 1
64 10
74 8
16 7
48 7
17 5
32 5
61 2
34 29
9 7
6 8
1 8
6 3
57 9
6 4
49 7
30 5
14 5
77 69
35 8
37 4
55 9
65 4
44 4
77 10
23 8
51 10
31 2
41 50
22 6
35 7
65 10
55 7
71 9
25 6
8 9
32 9
77 2
17 76
50 10
58 5
28 10
44 2
30 1
24 8
45 7
22 4
62 6
4 79
45 1
7 5
31 2
8 2
31 2
23 4
56 1
78 1
35 10
43 37
61 4
26 4
13 9
21 7
10 2
57 1
22 2
38 1
18 2
71 58
46 10
13 1
48 3
44 10
70 9
8 9
17 4
75 1
50 4
66 73
9 1
30 8
12 2
19 9
21 6
75 8
19 5
10 7
8 9
42 44
71 3
73 7
57 3
26 2
64 6
4 1
57 8
20 3
1 1
71 51
74 7
2 10
70 5
20 2
72 1
2 1
30 5
17 1
68 1
61 34
7 9
76 7
7 1
11 7
24 5
27 4
36 6
72 10
57 1
49 49
42 8
41 5
60 2
54 5
50 9
22 9
22 8
67 9
23 7
26 13
47 2
38 8
19 6
75 8
5 10
56 1
6 7
21 7
47 5
3 60
34 5
66 9
54 5
79 10
59 6
22 1
61 10
16 4
40 7
20 77
21 5
78 1
72 3
6 6
46 4
39 7
10 3
31 6
47 2
50 70
42 2
20 2
40 2
72 9
67 9
65 1
36 5
79 6
46 10
41 11
21 10
7 4
8 3
12 8
79 2
32 1
18 4
69 7
55 3
35 11
63 9
78 10
17 10
7 6
79 9
60 1
79 1
53 8
38 3
29 73
