396 1000
1 2
1 3
2 4
3 5
1 6
6 7
3 8
7 9
8 10
1 11
1 12
5 13
5 14
13 15
13 16
7 17
9 18
5 19
11 20
14 21
15 22
21 23
23 24
23 25
17 26
15 27
9 28
17 29
20 30
6 31
13 32
20 33
6 34
17 35
1 36
2 37
34 38
2 39
29 40
4 41
5 42
4 43
29 44
37 45
2 46
10 47
16 48
4 49
6 50
24 51
29 52
19 53
18 54
22 55
1 56
6 57
7 58
53 59
56 60
27 61
3 62
21 63
2 64
25 65
1 66
60 67
36 68
54 69
29 70
61 71
60 72
60 73
54 74
52 75
59 76
50 77
8 78
26 79
11 80
39 81
51 82
53 83
55 84
37 85
31 86
75 87
49 88
23 89
43 90
51 91
3 92
5 93
20 94
92 95
38 96
92 97
24 98
72 99
59 100
31 101
42 102
57 103
98 104
79 105
58 106
71 107
48 108
67 109
47 110
6 111
100 112
85 113
113 114
89 115
11 116
111 117
60 118
18 119
82 120
15 121
16 122
34 123
76 124
53 125
114 126
72 127
38 128
75 129
23 130
1 131
79 132
39 133
112 134
75 135
54 136
45 137
19 138
117 139
95 140
38 141
55 142
111 143
5 144
55 145
57 146
73 147
40 148
59 149
95 150
1 151
130 152
18 153
39 154
76 155
65 156
135 157
110 158
68 159
62 160
14 161
108 162
162 163
37 164
138 165
119 166
16 167
62 168
117 169
85 170
169 171
49 172
150 173
21 174
99 175
125 176
117 177
173 178
146 179
61 180
70 181
92 182
3 183
180 184
6 185
159 186
31 187
128 188
103 189
165 190
85 191
151 192
151 193
103 194
98 195
174 196
87 197
11 198
96 199
142 200
18 201
160 202
4 203
66 204
78 205
63 206
36 207
87 208
59 209
72 210
82 211
208 212
18 213
128 214
6 215
32 216
48 217
27 218
56 219
75 220
98 221
115 222
52 223
125 224
213 225
111 226
24 227
34 228
104 229
208 230
138 231
20 232
110 233
196 234
160 235
100 236
51 237
164 238
161 239
97 240
173 241
137 242
2 243
141 244
144 245
234 246
81 247
147 248
38 249
192 250
224 251
18 252
64 253
1 254
78 255
73 256
182 257
14 258
8 259
143 260
154 261
6 262
176 263
28 264
204 265
38 266
253 267
233 268
203 269
66 270
230 271
254 272
5 273
14 274
67 275
79 276
78 277
175 278
242 279
84 280
28 281
80 282
48 283
100 284
134 285
191 286
44 287
119 288
130 289
66 290
143 291
192 292
126 293
3 294
266 295
167 296
105 297
28 298
138 299
113 300
69 301
245 302
220 303
235 304
95 305
11 306
301 307
180 308
202 309
69 310
136 311
217 312
14 313
117 314
93 315
277 316
273 317
112 318
3 319
126 320
221 321
312 322
262 323
311 324
52 325
149 326
224 327
172 328
296 329
102 330
256 331
21 332
156 333
164 334
203 335
279 336
264 337
190 338
259 339
273 340
249 341
46 342
280 343
160 344
137 345
109 346
69 347
79 348
129 349
144 350
185 351
318 352
18 353
107 354
108 355
165 356
119 357
29 358
256 359
193 360
271 361
145 362
299 363
278 364
17 365
29 366
123 367
126 368
65 369
337 370
312 371
102 372
260 373
363 374
284 375
362 376
199 377
369 378
86 379
256 380
249 381
119 382
69 383
144 384
172 385
139 386
190 387
169 388
205 389
362 390
162 391
212 392
185 393
364 394
313 395
69 396
294 8
131 8
255 3
53 4
121 6
373 3
188 6
212 3
320 1
198 329
3 5
232 7
53 2
242 4
35 7
297 4
372 8
358 9
270 8
386 192
267 1
362 1
324 7
55 1
324 1
63 2
257 2
332 5
201 9
94 230
341 7
5 10
191 9
225 5
202 4
290 5
342 2
105 7
361 3
248 290
315 4
306 4
249 4
337 7
103 9
20 7
328 6
275 4
260 7
336 299
216 9
347 5
71 2
82 6
223 6
51 9
155 9
224 3
109 1
246 317
240 10
336 8
266 3
209 6
267 5
141 5
356 2
65 2
110 6
136 116
372 6
346 3
258 10
356 5
394 8
154 2
24 6
189 5
131 9
321 317
130 8
281 7
379 9
140 9
100 10
21 4
219 2
183 4
219 10
144 299
299 4
107 2
179 8
131 1
308 3
33 2
163 10
205 7
22 10
81 356
175 3
251 10
86 4
158 6
111 10
37 4
195 2
52 7
281 7
310 250
199 10
207 4
237 9
41 3
51 9
364 7
329 3
210 8
245 10
358 245
167 4
291 3
252 9
265 5
149 4
110 10
128 5
130 1
236 7
326 18
213 1
354 1
303 8
263 10
53 9
377 1
205 5
358 2
175 3
203 179
246 4
90 7
213 2
324 1
63 8
386 2
301 6
44 5
267 3
144 350
176 10
315 7
350 1
364 9
371 8
98 2
18 10
62 10
365 3
137 124
232 7
360 5
70 5
28 5
25 4
371 7
236 4
149 10
312 8
141 388
53 2
178 8
19 9
227 6
36 6
120 6
202 10
85 3
380 2
162 93
139 8
234 3
387 7
320 5
186 9
107 4
357 5
5 4
135 9
149 250
302 9
323 2
327 5
346 7
66 10
375 7
8 7
149 2
243 6
21 212
2 3
120 6
319 10
14 7
183 6
69 3
250 8
173 9
7 3
193 366
199 6
154 3
189 6
57 5
124 5
77 3
293 6
132 8
362 3
287 177
321 7
212 3
267 2
116 1
39 3
211 10
20 6
117 8
136 10
356 202
174 1
125 7
247 8
131 7
295 8
348 1
112 4
179 6
47 2
187 256
386 8
258 3
250 9
261 5
350 1
92 9
191 6
358 4
336 3
232 330
295 1
174 2
302 2
90 10
340 1
304 1
388 6
192 9
345 8
301 33
96 9
222 3
45 2
17 3
237 6
9 5
256 5
246 1
296 1
220 353
284 8
327 7
333 5
48 1
383 3
372 3
168 7
129 4
54 8
258 296
127 8
249 4
22 7
269 10
31 8
158 8
392 6
252 10
376 3
385 216
387 9
26 10
240 4
28 4
40 10
327 3
65 6
235 4
260 4
80 265
334 4
212 7
208 8
97 4
278 8
378 4
269 7
245 3
151 5
364 216
90 5
258 7
144 10
105 9
204 4
244 6
137 6
201 1
161 2
29 255
296 1
349 8
144 8
190 4
143 2
105 10
15 9
370 10
88 3
156 145
83 8
203 7
71 2
334 8
167 3
389 8
192 1
277 9
6 1
148 91
365 4
184 7
356 6
40 3
146 1
345 5
389 4
297 7
203 8
108 127
145 2
35 2
388 10
127 7
349 4
256 7
79 2
314 9
177 5
291 367
140 10
8 5
247 8
62 8
390 1
306 10
157 8
106 4
245 8
378 125
101 8
97 7
106 10
152 1
327 5
362 4
389 1
176 4
143 5
357 160
20 1
16 2
283 3
238 3
283 5
371 1
326 8
388 1
113 9
259 73
276 3
393 8
375 6
83 2
130 9
153 1
226 10
174 4
212 7
20 35
270 5
307 7
220 7
341 10
31 1
263 4
109 4
110 1
57 6
137 171
371 6
386 3
292 6
178 10
318 6
113 2
126 6
23 10
180 1
236 39
149 1
366 3
26 1
54 4
333 10
288 3
369 1
324 9
103 8
372 109
284 5
3 10
188 5
240 7
187 9
179 2
3 5
320 2
242 10
293 227
276 4
47 2
143 9
368 1
376 7
158 2
98 3
184 2
197 6
171 342
370 10
212 9
289 6
384 1
312 3
204 8
225 7
34 5
14 2
252 188
325 5
163 3
338 8
9 1
218 2
243 6
194 9
143 2
78 6
204 365
290 8
345 5
390 5
51 4
242 1
122 6
59 2
260 2
36 3
50 42
39 4
240 5
130 7
284 5
122 4
190 8
296 10
39 2
77 8
96 15
76 3
284 7
312 5
321 1
229 3
339 5
216 10
214 9
169 5
86 161
278 6
325 5
135 6
277 9
75 8
281 8
394 5
204 9
25 7
308 232
16 9
205 9
65 9
105 2
48 6
341 7
392 8
57 3
211 1
2 79
295 4
83 10
138 9
65 2
380 5
45 9
84 9
206 8
142 1
86 270
380 8
288 6
329 6
279 8
296 10
73 8
207 9
375 1
231 10
73 378
334 8
201 5
288 6
173 1
346 1
170 8
127 2
320 2
326 5
393 88
5 1
171 7
259 6
148 2
81 1
316 10
79 10
1 4
157 5
116 270
77 10
2 10
1 7
185 5
94 9
123 4
50 9
388 3
55 2
275 260
3 1
388 5
209 5
374 3
214 1
158 8
238 3
302 6
2 5
2 164
141 1
273 6
6 8
68 9
240 1
238 2
92 1
311 10
192 5
231 129
152 1
55 5
123 7
36 6
292 7
8 2
270 7
232 3
51 3
244 277
63 7
110 8
326 3
221 6
14 6
282 5
86 3
261 6
188 2
194 61
385 1
163 6
387 1
381 9
178 5
119 4
389 9
6 2
393 3
366 207
185 1
205 9
42 10
229 2
238 8
278 1
225 10
299 1
267 8
309 35
354 7
167 7
104 1
356 6
4 10
25 3
229 10
367 3
240 1
181 47
388 2
378 4
358 1
384 9
17 1
308 2
269 8
155 3
287 6
108 194
272 6
101 5
64 4
198 10
207 1
376 3
40 2
210 10
131 6
75 351
161 3
100 1
26 8
128 9
246 4
42 8
210 7
303 3
134 6
215 313
153 3
339 3
280 8
238 9
299 3
215 3
280 7
342 6
320 9
197 250
21 3
102 7
42 6
137 9
79 9
374 7
201 1
118 5
59 7
317 37
65 2
203 6
238 7
382 4
331 1
49 4
36 1
259 8
111 8
227 45
376 2
79 2
69 1
165 4
327 3
290 2
289 6
39 1
189 9
252 276
147 8
152 9
113 9
55 3
58 9
345 6
164 2
380 7
252 8
245 349
32 7
171 8
371 10
54 7
235 9
30 1
376 5
271 1
341 7
97 384
282 10
318 1
192 8
269 2
265 4
16 3
138 1
102 5
383 10
37 384
252 2
196 6
273 10
191 6
208 5
268 9
303 2
46 7
248 6
358 137
186 1
183 9
338 7
325 4
200 8
333 4
154 10
387 7
266 4
19 10
191 5
203 8
109 5
140 4
162 5
281 2
153 6
42 5
248 9
71 305
260 4
44 10
111 5
270 9
261 5
308 10
158 9
153 10
124 1
64 170
216 10
270 4
209 1
147 7
287 5
318 9
378 3
211 6
225 5
42 48
99 5
110 5
242 10
282 8
45 9
361 4
274 1
172 10
112 8
71 186
280 4
34 9
252 3
5 8
101 10
94 8
372 5
106 7
127 10
309 279
295 7
337 3
168 3
289 4
139 2
126 5
209 3
263 8
269 3
353 10
389 1
150 8
280 6
91 6
199 7
26 9
345 4
332 8
387 9
189 365
99 5
287 5
304 8
200 2
147 1
117 1
54 5
232 6
179 9
361 291
289 2
349 5
316 9
99 2
307 2
357 7
164 3
183 5
382 1
155 119
283 6
212 5
213 2
91 6
170 10
387 3
335 2
246 2
77 2
357 223
309 9
367 7
243 6
48 7
267 10
146 6
307 7
337 6
156 8
370 221
139 4
68 3
238 5
235 2
113 1
103 10
320 9
162 6
360 10
230 70
158 1
115 5
201 6
302 4
333 10
360 10
52 9
45 2
12 5
186 126
189 2
378 6
122 1
23 4
153 10
336 3
264 4
106 8
120 7
44 210
121 5
267 2
285 7
142 1
121 10
95 7
221 6
20 3
387 2
226 182
54 8
229 8
320 9
72 7
114 2
191 5
281 2
107 10
250 8
256 277
352 8
259 4
314 7
230 3
85 1
395 9
32 9
348 2
51 6
284 31
273 2
273 2
39 8
180 8
55 10
364 9
57 1
311 7
381 6
129 292
149 7
32 1
161 2
212 10
257 10
194 8
94 10
336 10
247 8
25 372
75 1
194 10
283 1
309 2
326 5
360 2
228 5
310 8
213 3
331 222
61 6
145 7
269 1
3 4
280 3
170 7
220 9
392 8
361 4
129 218
181 6
374 2
200 5
104 3
322 9
74 1
8 7
168 10
81 5
60 189
137 3
376 4
187 6
310 4
372 4
27 10
75 3
390 4
316 4
119 196
227 3
199 4
267 8
237 8
120 3
369 3
97 7
342 9
237 5
233 61
