964 1000
1 2
1 3
1 4
4 5
4 6
3 7
6 8
7 9
5 10
6 11
5 12
8 13
10 14
5 15
4 16
4 17
3 18
4 19
1 20
4 21
18 22
8 23
22 24
20 25
24 26
9 27
3 28
27 29
8 30
21 31
25 32
8 33
23 34
19 35
28 36
4 37
37 38
32 39
12 40
5 41
4 42
22 43
25 44
20 45
19 46
2 47
43 48
1 49
3 50
25 51
46 52
1 53
46 54
5 55
20 56
34 57
52 58
24 59
54 60
24 61
49 62
43 63
20 64
42 65
11 66
47 67
47 68
53 69
53 70
56 71
49 72
33 73
39 74
35 75
24 76
56 77
25 78
7 79
76 80
7 81
55 82
50 83
62 84
68 85
26 86
2 87
9 88
69 89
36 90
61 91
8 92
81 93
57 94
57 95
80 96
72 97
31 98
22 99
62 100
69 101
86 102
56 103
46 104
8 105
73 106
11 107
19 108
54 109
27 110
85 111
71 112
104 113
91 114
61 115
92 116
73 117
40 118
94 119
20 120
72 121
77 122
1 123
50 124
111 125
8 126
53 127
54 128
78 129
64 130
125 131
26 132
62 133
54 134
6 135
27 136
130 137
39 138
79 139
101 140
39 141
85 142
9 143
122 144
126 145
6 146
23 147
106 148
144 149
91 150
90 151
56 152
120 153
79 154
1 155
122 156
77 157
32 158
5 159
154 160
70 161
112 162
124 163
79 164
21 165
147 166
6 167
18 168
97 169
12 170
150 171
156 172
130 173
149 174
157 175
33 176
141 177
71 178
96 179
106 180
49 181
160 182
14 183
83 184
184 185
43 186
143 187
35 188
70 189
112 190
45 191
143 192
47 193
131 194
193 195
148 196
91 197
67 198
127 199
145 200
127 201
149 202
25 203
140 204
195 205
77 206
3 207
58 208
95 209
36 210
72 211
120 212
5 213
159 214
131 215
107 216
121 217
53 218
62 219
133 220
161 221
17 222
106 223
49 224
27 225
134 226
204 227
56 228
138 229
215 230
131 231
124 232
203 233
207 234
106 235
20 236
138 237
226 238
31 239
37 240
192 241
159 242
151 243
181 244
155 245
166 246
51 247
212 248
35 249
37 250
32 251
211 252
176 253
240 254
61 255
159 256
50 257
3 258
215 259
85 260
201 261
94 262
25 263
39 264
31 265
63 266
66 267
76 268
6 269
195 270
216 271
265 272
32 273
265 274
74 275
147 276
76 277
29 278
186 279
232 280
112 281
14 282
117 283
158 284
68 285
131 286
163 287
200 288
95 289
211 290
201 291
278 292
61 293
215 294
255 295
178 296
10 297
15 298
1 299
20 300
235 301
296 302
266 303
164 304
177 305
193 306
225 307
32 308
148 309
141 310
292 311
198 312
286 313
234 314
171 315
312 316
194 317
214 318
13 319
4 320
255 321
199 322
288 323
323 324
112 325
229 326
168 327
73 328
83 329
210 330
86 331
304 332
308 333
14 334
246 335
6 336
220 337
43 338
54 339
67 340
108 341
60 342
140 343
238 344
342 345
41 346
94 347
246 348
102 349
33 350
51 351
288 352
178 353
151 354
131 355
12 356
338 357
30 358
144 359
113 360
81 361
238 362
289 363
348 364
327 365
73 366
97 367
348 368
261 369
276 370
3 371
83 372
319 373
61 374
334 375
82 376
179 377
205 378
376 379
373 380
185 381
163 382
122 383
368 384
86 385
253 386
329 387
350 388
352 389
293 390
269 391
108 392
54 393
44 394
85 395
279 396
335 397
332 398
172 399
331 400
384 401
109 402
64 403
376 404
341 405
200 406
183 407
291 408
249 409
127 410
139 411
146 412
296 413
109 414
201 415
394 416
164 417
270 418
205 419
21 420
361 421
111 422
228 423
183 424
415 425
144 426
10 427
1 428
295 429
141 430
60 431
170 432
126 433
354 434
407 435
287 436
94 437
38 438
258 439
222 440
245 441
54 442
73 443
222 444
137 445
172 446
123 447
311 448
182 449
104 450
307 451
225 452
37 453
217 454
422 455
435 456
188 457
12 458
345 459
447 460
209 461
392 462
421 463
452 464
104 465
7 466
258 467
25 468
150 469
297 470
260 471
198 472
50 473
233 474
286 475
276 476
442 477
133 478
84 479
22 480
188 481
178 482
431 483
120 484
290 485
277 486
105 487
19 488
217 489
181 490
232 491
274 492
421 493
404 494
35 495
235 496
258 497
268 498
315 499
46 500
171 501
16 502
270 503
59 504
386 505
402 506
9 507
329 508
144 509
185 510
451 511
302 512
217 513
183 514
320 515
348 516
218 517
273 518
91 519
72 520
199 521
296 522
412 523
345 524
350 525
293 526
128 527
316 528
509 529
255 530
169 531
498 532
116 533
266 534
533 535
179 536
183 537
413 538
519 539
202 540
165 541
231 542
324 543
451 544
14 545
385 546
398 547
187 548
63 549
380 550
106 551
93 552
327 553
514 554
458 555
306 556
425 557
545 558
236 559
75 560
125 561
261 562
554 563
163 564
258 565
384 566
448 567
410 568
58 569
286 570
68 571
470 572
546 573
107 574
42 575
136 576
435 577
61 578
397 579
353 580
488 581
575 582
114 583
102 584
393 585
350 586
211 587
110 588
169 589
304 590
116 591
181 592
524 593
218 594
449 595
110 596
549 597
187 598
50 599
118 600
349 601
91 602
41 603
121 604
337 605
345 606
390 607
589 608
387 609
80 610
26 611
528 612
314 613
461 614
614 615
506 616
31 617
383 618
496 619
518 620
404 621
267 622
206 623
261 624
54 625
474 626
410 627
43 628
495 629
132 630
542 631
262 632
558 633
530 634
551 635
513 636
70 637
21 638
497 639
480 640
243 641
199 642
24 643
439 644
627 645
336 646
415 647
536 648
148 649
462 650
191 651
214 652
505 653
527 654
93 655
103 656
421 657
643 658
215 659
298 660
298 661
252 662
121 663
144 664
348 665
410 666
403 667
607 668
90 669
530 670
620 671
424 672
605 673
151 674
2 675
636 676
549 677
202 678
405 679
369 680
343 681
109 682
567 683
11 684
574 685
600 686
241 687
192 688
86 689
174 690
199 691
338 692
230 693
357 694
502 695
459 696
127 697
198 698
291 699
527 700
600 701
556 702
28 703
3 704
141 705
57 706
4 707
379 708
138 709
560 710
435 711
473 712
299 713
253 714
15 715
1 716
261 717
277 718
492 719
307 720
330 721
40 722
508 723
426 724
234 725
190 726
706 727
242 728
697 729
38 730
686 731
489 732
661 733
578 734
641 735
474 736
376 737
431 738
35 739
290 740
26 741
91 742
550 743
583 744
728 745
216 746
212 747
59 748
406 749
253 750
410 751
315 752
443 753
302 754
637 755
101 756
158 757
462 758
612 759
221 760
601 761
455 762
510 763
742 764
619 765
625 766
59 767
234 768
659 769
148 770
714 771
642 772
639 773
351 774
736 775
714 776
281 777
706 778
257 779
350 780
153 781
426 782
159 783
56 784
12 785
85 786
470 787
80 788
307 789
17 790
545 791
685 792
458 793
149 794
7 795
605 796
181 797
628 798
638 799
360 800
595 801
64 802
509 803
727 804
511 805
244 806
421 807
313 808
207 809
750 810
355 811
426 812
482 813
238 814
80 815
61 816
529 817
273 818
22 819
136 820
662 821
768 822
817 823
287 824
234 825
597 826
264 827
93 828
463 829
244 830
772 831
762 832
791 833
599 834
823 835
373 836
214 837
673 838
344 839
236 840
525 841
432 842
531 843
817 844
175 845
490 846
69 847
255 848
692 849
799 850
599 851
437 852
524 853
166 854
742 855
148 856
218 857
41 858
700 859
827 860
203 861
792 862
331 863
342 864
370 865
381 866
424 867
491 868
317 869
53 870
581 871
719 872
315 873
776 874
97 875
40 876
485 877
448 878
257 879
505 880
529 881
9 882
766 883
477 884
113 885
237 886
809 887
189 888
666 889
310 890
877 891
89 892
313 893
859 894
408 895
416 896
166 897
411 898
219 899
595 900
94 901
475 902
555 903
729 904
173 905
142 906
776 907
830 908
591 909
419 910
98 911
830 912
229 913
16 914
603 915
875 916
799 917
88 918
84 919
701 920
28 921
765 922
414 923
877 924
254 925
648 926
198 927
911 928
24 929
414 930
576 931
47 932
530 933
341 934
540 935
268 936
750 937
781 938
66 939
345 940
54 941
674 942
637 943
114 944
756 945
472 946
76 947
639 948
834 949
711 950
73 951
427 952
309 953
594 954
752 955
508 956
603 957
337 958
672 959
594 960
616 961
712 962
799 963
751 964
795 1
623 6
520 2
231 9
188 3
934 2
43 9
57 7
393 2
383 434
946 6
168 1
868 2
358 5
328 10
728 2
943 1
760 9
450 10
53 373
414 8
935 10
374 5
306 7
400 2
907 4
956 7
650 1
810 5
491 190
556 3
632 2
131 10
703 1
100 5
836 4
342 6
58 4
674 2
534 43
85 2
353 4
286 9
781 2
417 4
735 2
218 3
575 10
44 4
717 23
194 9
571 3
122 7
46 10
830 4
692 8
342 7
239 9
459 1
59 48
234 7
110 2
701 7
54 4
364 7
728 2
855 8
462 4
326 8
271 113
803 6
432 6
292 6
45 7
12 9
599 3
186 7
59 1
676 2
205 726
774 7
836 10
468 3
775 6
434 9
48 10
762 2
565 3
204 5
498 385
684 5
834 5
891 9
329 6
198 5
457 2
515 6
852 3
324 5
311 869
51 4
358 1
179 2
440 10
114 10
586 6
218 3
454 5
479 8
285 839
935 2
270 4
776 2
730 4
348 1
909 8
558 8
803 6
223 3
3 40
57 8
79 6
434 8
719 6
835 8
701 9
374 8
444 1
173 4
857 170
856 10
393 7
479 4
439 7
819 10
853 4
879 8
790 8
241 1
35 510
707 7
569 6
115 3
137 5
783 9
839 3
16 3
885 3
399 10
39 904
432 3
782 1
386 10
549 10
879 3
336 8
883 8
724 5
140 4
276 315
450 8
571 1
919 7
293 9
359 6
473 6
188 8
250 5
401 7
850 79
479 8
958 7
91 1
632 8
944 7
169 10
253 4
156 4
750 4
923 409
90 4
235 6
711 6
267 7
223 4
344 4
323 10
786 5
496 9
580 70
848 2
38 2
822 4
408 5
221 3
416 5
111 2
239 3
235 8
941 885
940 9
275 5
815 1
584 4
71 8
543 1
404 3
84 5
566 6
372 476
574 5
913 3
150 7
666 8
600 3
448 2
452 3
448 1
153 1
526 316
460 9
34 3
913 2
639 8
105 7
244 4
749 8
450 5
870 5
747 903
231 1
696 1
528 4
445 1
252 1
60 5
143 10
566 10
182 7
393 787
124 10
730 9
793 5
462 10
116 1
242 7
937 3
686 1
909 4
829 839
230 7
491 8
235 5
956 6
140 9
550 8
480 3
508 1
603 3
840 901
586 8
290 6
494 5
756 10
418 2
718 1
860 9
308 2
198 9
183 242
577 7
378 6
106 7
614 7
159 3
155 5
470 3
529 9
851 8
678 542
209 3
928 6
274 4
775 2
763 1
303 8
533 6
319 9
61 4
895 378
302 6
959 2
533 1
566 2
433 3
107 2
570 5
397 3
85 10
619 374
784 2
729 3
505 10
834 8
303 4
846 7
322 9
98 4
436 2
59 230
553 1
111 4
534 3
155 2
406 9
346 7
96 6
936 3
470 4
774 199
208 3
760 7
483 1
764 7
347 8
321 5
18 7
438 6
796 6
848 44
742 2
878 2
42 2
75 4
737 10
343 9
237 1
54 6
233 1
185 579
278 6
780 6
352 2
634 6
52 7
701 1
186 7
121 1
284 2
397 87
342 6
228 1
752 5
830 1
118 2
388 4
952 5
98 9
788 7
480 91
768 5
547 2
442 7
688 10
820 7
271 10
89 10
422 6
91 1
761 15
601 5
162 5
114 3
201 1
163 10
291 1
191 9
897 4
773 10
358 949
907 8
206 2
132 3
871 9
260 5
246 7
144 6
926 1
86 5
958 444
198 10
474 3
865 5
353 9
738 5
659 8
801 6
293 5
873 3
667 634
250 4
31 10
372 8
543 4
160 5
218 9
134 5
963 10
682 3
304 145
312 2
961 10
656 5
819 7
461 8
918 3
406 3
855 3
137 4
736 281
653 1
876 5
425 9
521 5
479 6
863 10
666 9
21 6
600 4
887 398
757 9
799 8
923 9
422 9
894 3
604 10
406 10
587 6
789 6
957 689
768 7
879 8
840 5
488 8
623 8
376 8
494 5
191 9
537 2
78 452
362 2
704 8
594 9
659 8
465 8
704 2
32 5
723 6
611 7
896 624
395 9
749 7
662 4
665 6
945 7
167 8
326 10
901 2
413 5
541 667
140 2
302 9
738 10
250 2
541 2
798 6
192 2
878 2
478 6
579 924
603 7
683 4
382 8
74 1
273 2
609 10
600 5
587 5
634 3
816 937
432 6
702 9
346 4
46 5
305 3
769 3
84 7
37 1
336 2
434 714
377 7
74 6
356 1
924 6
189 4
456 8
650 3
577 9
542 3
32 773
724 7
241 5
793 4
752 1
227 4
508 10
291 9
700 8
471 3
277 445
250 6
203 2
234 10
387 1
699 8
919 2
692 3
521 5
380 10
25 67
605 1
178 3
161 7
373 8
284 10
449 9
802 2
696 8
457 3
52 83
440 4
265 10
942 8
801 8
230 3
803 7
828 7
345 6
876 4
175 340
264 2
12 5
835 1
253 6
231 2
660 2
931 7
889 5
953 7
367 847
739 9
357 7
134 9
420 8
691 7
954 6
359 7
13 8
170 1
688 461
127 6
845 4
360 3
134 7
751 3
708 4
196 3
297 1
446 10
62 312
392 4
738 8
20 9
587 9
684 8
519 4
886 3
82 1
668 8
718 754
614 4
519 6
539 6
545 2
198 1
945 1
726 9
85 7
222 5
64 47
142 7
510 3
730 2
646 5
567 3
751 3
749 7
844 9
230 7
585 605
65 7
186 7
552 9
713 3
180 4
582 8
747 7
344 3
666 5
566 709
569 10
550 8
681 9
153 1
302 8
443 9
401 6
214 10
944 9
278 350
550 10
265 1
865 7
247 3
411 2
302 10
573 5
611 6
735 7
570 344
348 1
449 10
458 5
937 8
614 4
162 9
660 10
457 7
956 4
470 383
849 4
279 9
352 10
470 7
104 10
634 8
122 6
310 6
842 4
570 858
125 5
963 4
762 6
429 6
35 9
490 3
686 7
327 8
398 3
797 316
592 2
695 1
699 4
259 4
467 3
724 6
331 6
895 7
694 8
522 759
708 4
950 2
465 5
4 5
789 2
620 2
839 5
335 4
737 5
279 75
160 2
648 10
192 9
101 8
235 6
217 6
186 1
745 9
230 7
891 959
569 6
962 1
963 9
957 5
101 7
333 5
187 1
683 2
327 5
847 547
125 10
689 9
97 3
432 4
753 8
608 7
867 2
349 10
21 1
564 381
399 4
670 5
389 9
685 8
468 3
760 9
822 4
747 1
550 1
407 534
72 6
964 10
835 6
47 2
250 2
340 6
439 4
936 6
12 4
166 640
145 5
506 1
820 8
116 4
906 6
306 4
574 4
928 2
768 7
262 465
725 9
63 3
709 8
823 3
840 7
296 2
23 7
422 2
676 3
689 261
949 8
871 9
106 1
179 3
132 5
225 3
532 10
144 6
669 2
506 904
345 5
484 5
319 6
506 3
568 5
236 5
155 2
198 5
696 1
486 139
341 7
521 3
69 8
144 2
852 10
463 4
630 6
577 3
451 4
545 476
239 3
384 10
572 9
567 2
250 9
477 5
420 6
323 6
459 4
109 154
757 9
199 10
62 3
844 8
456 10
648 6
867 8
920 3
67 7
488 768
557 2
602 1
808 4
756 5
153 9
116 9
591 4
834 8
288 3
787 561
10 6
315 2
767 3
950 1
283 2
388 7
322 7
450 8
819 7
55 421
16 10
331 6
331 3
184 4
730 8
46 6
644 4
553 10
168 8
255 548
480 2
338 7
789 7
555 6
148 8
178 7
789 5
778 8
734 2
290 560
871 9
637 4
400 3
814 6
786 8
650 5
242 9
644 2
621 1
730 295
460 1
585 2
138 8
155 2
279 9
169 4
849 8
499 1
440 3
660 417
571 9
259 6
44 1
336 6
390 7
489 4
298 5
953 9
266 8
631 700
101 2
784 1
634 3
59 6
64 3
732 7
551 1
155 4
612 6
770 81
111 5
92 1
430 2
640 3
317 7
783 1
865 8
222 7
872 10
42 103
297 2
859 3
197 3
875 9
447 6
270 4
722 10
910 5
216 2
648 283
101 8
634 7
557 6
115 3
789 10
865 6
501 7
963 5
377 4
557 221
311 7
591 2
267 9
896 1
438 2
359 10
506 2
436 2
860 2
727 500
327 5
346 6
102 5
408 4
245 10
387 8
572 10
378 10
611 2
446 260
157 3
185 9
72 1
43 6
249 2
538 6
104 7
306 6
223 10
795 699
962 1
557 5
100 3
597 2
611 1
926 5
261 10
162 7
675 7
867 362
587 7
509 8
745 6
587 9
474 10
587 5
116 4
269 8
750 9
2 79
690 9
703 7
134 10
72 4
216 5
735 10
399 5
146 4
616 8
618 259
297 1
75 2
659 6
326 8
949 6
445 8
911 4
605 3
380 5
405 502
732 4
710 6
529 5
183 1
316 3
730 6
623 4
686 6
85 10
422 857
