105 1000
1 2
1 3
3 4
4 5
4 6
3 7
2 8
7 9
7 10
3 11
8 12
3 13
12 14
13 15
10 16
9 17
3 18
15 19
12 20
18 21
9 22
10 23
21 24
23 25
22 26
2 27
1 28
13 29
21 30
9 31
25 32
11 33
23 34
4 35
13 36
28 37
10 38
19 39
37 40
21 41
9 42
14 43
31 44
21 45
19 46
4 47
5 48
18 49
32 50
16 51
45 52
47 53
53 54
9 55
40 56
48 57
9 58
37 59
42 60
27 61
35 62
4 63
43 64
54 65
47 66
33 67
46 68
42 69
47 70
61 71
55 72
1 73
16 74
32 75
63 76
59 77
42 78
55 79
39 80
34 81
7 82
69 83
67 84
47 85
63 86
66 87
67 88
15 89
86 90
31 91
86 92
69 93
13 94
80 95
56 96
62 97
2 98
25 99
67 100
19 101
48 102
86 103
17 104
62 105
17 6
102 5
7 8
7 4
53 5
59 6
22 7
22 4
69 1
67 82
61 1
38 3
14 8
29 4
86 4
101 9
97 1
28 1
104 10
84 83
47 2
74 5
94 3
79 9
94 3
95 3
63 7
54 3
64 4
105 68
67 5
87 4
10 3
19 2
73 7
69 8
20 8
102 1
105 4
45 23
1 4
85 9
76 1
17 5
71 1
84 6
37 8
26 5
28 6
17 23
4 1
57 9
82 9
59 4
26 5
86 9
59 7
100 8
62 7
93 101
31 4
16 4
84 5
55 5
14 8
48 10
10 8
12 2
36 10
36 90
8 8
44 6
24 5
13 6
46 10
42 6
19 8
62 9
35 1
43 35
62 8
73 9
22 8
96 4
14 7
59 5
50 2
60 5
16 1
1 101
104 6
89 1
20 1
47 10
82 4
61 10
64 5
48 9
57 4
63 79
64 7
103 3
22 6
88 7
12 5
92 1
64 4
95 9
29 2
4 48
60 7
66 6
78 6
57 2
90 9
21 10
95 5
19 10
29 8
81 101
85 9
78 1
26 4
55 10
57 8
71 7
1 8
45 8
4 7
90 92
69 2
56 4
4 1
81 8
91 3
68 7
104 2
69 2
6 8
45 102
45 8
100 10
32 3
90 2
32 1
68 2
24 5
80 3
91 9
29 73
76 7
17 5
37 8
63 4
50 9
89 10
83 10
6 5
91 10
41 13
81 10
58 3
102 1
93 10
93 4
67 9
89 2
31 9
103 5
26 74
16 8
87 2
59 1
67 4
8 6
85 1
11 8
38 4
88 2
57 12
57 6
99 3
41 7
17 10
77 10
51 8
66 5
38 1
28 5
58 105
33 3
76 7
9 3
4 7
76 4
9 8
1 6
18 4
24 8
34 26
10 8
56 1
6 6
23 5
80 8
43 1
58 4
96 6
77 10
99 104
19 8
51 1
66 9
78 7
69 6
66 10
96 9
68 7
98 2
89 12
3 7
6 5
37 8
23 6
105 5
84 1
59 7
75 5
98 8
61 55
4 4
3 4
44 5
88 8
57 2
53 6
105 10
13 9
22 10
1 88
89 7
16 10
92 10
59 9
46 9
29 10
25 3
31 5
79 8
79 35
20 10
4 7
26 3
95 1
6 5
46 5
2 10
29 7
10 2
84 44
49 5
73 5
102 8
77 10
97 8
32 3
51 6
105 7
11 8
29 99
30 6
20 4
103 10
69 4
20 8
12 8
41 3
8 1
65 4
23 77
91 7
37 8
63 1
75 7
46 9
53 4
72 7
6 8
69 10
2 58
97 10
36 2
68 10
53 7
80 2
49 6
9 6
72 1
6 2
64 16
11 5
102 3
6 3
33 10
68 7
49 9
92 8
4 1
45 8
80 54
61 1
31 1
43 8
2 10
101 4
36 4
97 5
3 7
99 1
92 22
42 9
80 5
3 9
62 6
52 7
80 7
67 1
61 4
55 1
36 97
69 6
42 8
82 4
59 8
1 2
104 9
96 10
65 6
9 3
26 42
85 1
5 9
92 10
51 10
38 9
92 8
1 7
90 5
105 9
86 76
93 1
61 9
15 3
105 2
26 5
17 4
22 3
92 3
61 2
36 45
18 3
15 1
6 7
43 2
64 9
94 1
80 6
65 5
84 8
101 93
38 6
3 9
97 10
35 1
36 9
80 2
11 5
23 1
96 1
73 49
101 1
15 8
9 8
33 3
52 2
14 8
84 4
98 10
32 9
22 25
19 5
16 2
39 4
78 4
36 3
31 1
33 4
17 9
103 9
54 49
38 7
62 8
50 2
62 3
86 1
43 5
12 1
93 1
73 10
53 38
71 7
91 6
70 5
75 3
35 9
51 9
88 4
90 4
15 6
93 81
49 6
104 10
34 10
6 3
42 7
48 3
50 4
65 5
84 8
59 12
104 8
2 2
91 5
81 10
95 1
24 6
72 6
3 1
61 7
5 91
21 5
48 10
36 2
10 10
72 2
44 10
4 4
89 5
79 5
53 31
102 2
34 10
24 10
81 6
85 10
47 4
35 1
51 5
73 7
14 12
19 5
67 8
80 10
60 5
84 4
105 1
72 5
82 3
24 7
40 65
20 4
86 1
90 4
103 6
68 2
63 7
72 5
60 6
65 1
69 23
24 10
23 7
38 9
52 10
34 9
105 9
70 2
45 2
60 5
33 66
90 2
49 6
94 7
6 10
104 9
10 8
75 6
50 7
40 9
78 84
44 6
105 4
5 8
101 9
71 3
46 4
56 8
44 4
77 10
8 68
65 10
35 2
34 5
104 5
18 2
84 7
33 2
69 3
37 6
48 105
23 7
2 6
16 1
16 7
34 4
81 9
55 4
46 10
71 7
103 64
52 9
71 9
20 6
5 8
46 6
66 7
99 1
42 6
78 7
4 65
32 10
38 1
104 8
81 10
2 8
40 5
105 8
104 7
86 6
12 95
105 8
86 8
88 9
31 2
21 2
31 4
71 3
68 3
102 9
77 100
25 2
20 4
8 3
14 10
61 1
87 5
53 5
80 3
101 1
37 59
87 1
50 5
62 1
85 2
75 10
28 2
88 9
41 2
60 10
103 24
83 8
42 3
58 5
16 3
102 2
61 5
97 10
42 5
15 9
46 17
60 5
19 9
88 10
39 1
8 8
30 2
73 7
103 10
29 5
65 15
83 4
28 5
75 10
72 7
33 2
98 5
70 10
28 3
54 4
29 45
92 1
13 7
2 4
16 3
71 2
81 10
28 8
11 9
94 9
26 62
15 9
92 2
43 2
87 6
12 3
51 6
14 2
70 10
63 8
104 20
20 4
1 4
17 6
102 1
50 2
39 5
57 4
101 8
44 4
83 45
63 7
35 2
10 7
80 8
71 4
42 7
50 8
37 7
104 1
17 27
50 7
72 6
32 5
64 9
50 2
34 2
97 3
92 10
10 3
54 47
25 1
76 6
90 5
6 9
67 10
91 9
25 10
77 7
19 9
34 65
50 7
61 8
89 2
40 3
70 9
36 10
71 5
78 4
52 6
66 26
24 7
102 7
68 1
88 3
89 8
59 1
93 1
31 1
47 8
7 40
64 5
24 7
84 9
91 3
27 2
76 5
14 7
22 10
83 2
57 23
89 8
52 8
18 5
84 9
7 2
51 9
25 1
98 2
29 9
12 17
45 6
83 3
58 8
6 10
64 1
48 8
62 2
80 7
51 3
67 88
44 10
100 3
19 2
89 5
95 9
24 7
18 4
63 7
1 4
10 13
21 5
57 7
12 5
51 3
55 8
62 7
104 6
72 9
55 10
71 46
87 10
26 3
30 3
103 9
101 4
96 8
41 9
37 9
64 10
42 23
42 5
5 10
90 10
48 6
21 8
23 6
24 10
89 2
89 7
68 87
39 2
103 6
79 9
51 4
19 7
85 7
20 5
17 7
28 7
13 97
7 5
96 2
59 3
76 5
94 4
98 5
34 7
9 7
48 4
64 82
2 3
20 10
72 4
62 10
102 5
101 5
12 1
75 6
45 9
35 98
24 3
94 9
58 10
55 2
79 7
40 7
55 5
55 5
105 7
34 14
42 8
74 7
17 7
33 10
71 8
65 3
36 8
70 9
61 3
88 82
27 1
88 4
51 8
64 6
30 5
95 4
96 3
18 9
105 7
94 81
30 10
45 2
48 4
47 10
50 4
102 10
60 2
87 9
47 10
62 38
63 4
105 8
72 10
10 9
72 5
97 7
8 10
52 6
88 6
75 29
67 10
105 3
59 9
43 3
96 2
56 5
39 9
88 3
73 4
32 75
15 8
19 9
2 5
89 6
102 9
14 1
20 3
55 6
98 5
1 58
39 5
51 6
48 1
33 4
62 4
57 8
24 8
32 10
60 10
51 38
18 10
69 3
68 7
58 3
46 9
57 8
59 8
47 8
13 4
104 34
98 9
45 6
44 4
84 1
48 10
1 5
95 4
60 10
81 9
99 73
37 1
16 9
56 1
50 7
71 8
97 10
3 4
15 3
26 3
30 52
15 1
29 10
65 9
57 1
45 3
71 1
8 10
9 6
42 8
79 32
20 8
66 3
21 1
24 7
70 6
16 10
5 10
55 4
17 7
87 65
24 3
87 4
19 2
47 3
27 10
17 8
35 8
59 7
74 5
47 83
61 4
104 6
81 1
6 3
64 3
55 5
12 1
21 8
5 3
93 37
65 1
35 5
23 4
49 2
19 10
91 6
27 4
77 4
63 4
66 66
15 10
20 7
45 3
46 4
69 8
37 8
97 10
68 3
31 9
76 94
37 10
90 7
53 7
88 7
68 2
98 9
91 1
27 7
46 9
49 64
21 6
33 2
86 1
87 9
75 5
86 2
104 4
58 10
94 6
59 20
2 8
45 5
47 8
97 5
12 9
18 5
71 10
87 8
96 8
24 101
92 9
60 3
29 2
25 8
80 2
105 5
59 9
21 3
86 3
48 44
