322 1000
1 2
2 3
3 4
1 5
5 6
1 7
2 8
8 9
2 10
10 11
7 12
3 13
2 14
12 15
14 16
14 17
14 18
10 19
6 20
2 21
16 22
6 23
15 24
18 25
25 26
6 27
24 28
23 29
12 30
14 31
3 32
26 33
14 34
16 35
18 36
29 37
33 38
18 39
6 40
13 41
34 42
8 43
21 44
4 45
42 46
18 47
43 48
9 49
24 50
20 51
30 52
15 53
40 54
3 55
42 56
5 57
34 58
56 59
39 60
9 61
35 62
22 63
25 64
57 65
58 66
63 67
51 68
34 69
63 70
19 71
37 72
23 73
29 74
63 75
27 76
1 77
43 78
75 79
29 80
1 81
63 82
39 83
69 84
63 85
74 86
19 87
66 88
29 89
32 90
90 91
51 92
79 93
88 94
83 95
91 96
10 97
86 98
62 99
50 100
16 101
73 102
59 103
45 104
8 105
80 106
55 107
64 108
32 109
66 110
99 111
61 112
103 113
3 114
63 115
83 116
76 117
86 118
65 119
116 120
108 121
85 122
118 123
82 124
94 125
85 126
123 127
124 128
14 129
92 130
5 131
18 132
49 133
62 134
18 135
124 136
65 137
119 138
41 139
4 140
119 141
49 142
13 143
67 144
21 145
55 146
124 147
63 148
7 149
83 150
114 151
43 152
46 153
151 154
104 155
54 156
23 157
18 158
151 159
32 160
112 161
78 162
19 163
5 164
123 165
153 166
149 167
30 168
48 169
149 170
80 171
148 172
86 173
54 174
70 175
149 176
85 177
149 178
95 179
22 180
171 181
91 182
156 183
162 184
41 185
5 186
118 187
74 188
183 189
99 190
71 191
189 192
145 193
33 194
146 195
48 196
65 197
11 198
72 199
74 200
57 201
102 202
64 203
133 204
203 205
181 206
131 207
107 208
178 209
90 210
67 211
145 212
79 213
9 214
53 215
135 216
121 217
216 218
173 219
174 220
169 221
127 222
157 223
165 224
169 225
141 226
189 227
88 228
21 229
220 230
78 231
52 232
132 233
206 234
67 235
206 236
164 237
222 238
34 239
104 240
73 241
2 242
31 243
201 244
131 245
152 246
176 247
218 248
229 249
113 250
66 251
183 252
210 253
96 254
161 255
141 256
247 257
205 258
53 259
244 260
62 261
5 262
126 263
54 264
128 265
167 266
74 267
138 268
218 269
165 270
62 271
113 272
157 273
109 274
106 275
234 276
206 277
1 278
183 279
273 280
30 281
144 282
188 283
38 284
210 285
139 286
42 287
4 288
188 289
285 290
264 291
15 292
159 293
287 294
10 295
226 296
2 297
244 298
15 299
127 300
286 301
25 302
8 303
210 304
269 305
228 306
254 307
162 308
301 309
107 310
92 311
288 312
126 313
286 314
237 315
252 316
148 317
198 318
166 319
59 320
297 321
320 322
298 4
18 7
247 3
219 4
112 4
158 3
33 2
261 3
70 5
309 245
127 5
252 4
46 8
148 9
157 5
261 4
155 8
10 10
59 7
103 32
69 7
118 3
82 1
18 3
261 4
9 8
156 10
243 2
251 1
11 169
314 5
311 10
55 3
8 8
130 6
12 5
108 9
62 8
273 3
146 38
13 5
54 9
288 4
79 5
153 9
135 6
42 1
12 8
227 4
230 276
126 2
318 2
52 2
106 10
303 2
144 1
25 2
230 3
251 1
103 171
321 7
242 5
110 1
184 6
144 4
86 2
268 9
158 1
106 10
178 319
190 4
253 3
22 1
107 1
34 6
250 5
99 8
184 10
147 3
202 71
17 10
84 4
219 3
229 5
203 7
310 7
131 2
321 1
104 8
160 155
190 9
214 3
252 2
157 4
150 8
18 8
233 1
198 6
212 1
4 231
141 9
176 4
137 2
230 4
68 1
127 6
174 1
307 8
170 6
156 225
83 5
136 8
290 10
214 9
199 3
73 6
164 10
44 6
255 10
140 84
147 4
90 5
46 8
183 6
41 8
310 6
243 1
192 5
229 10
309 175
299 2
272 10
69 6
119 6
303 8
62 2
155 2
45 10
93 9
176 151
168 5
288 5
197 10
317 3
5 8
33 9
219 10
214 7
251 2
98 112
96 7
108 5
107 9
144 4
279 7
197 7
310 8
154 3
303 3
163 262
120 5
107 9
165 10
203 10
195 2
202 5
42 6
31 9
259 6
188 236
103 7
164 4
9 7
123 6
151 9
79 10
183 10
137 4
251 7
295 67
119 10
97 7
253 3
215 10
235 7
82 7
124 9
266 6
139 7
90 69
188 8
40 3
255 1
41 1
182 2
16 5
251 10
313 10
91 5
17 294
18 6
79 1
94 4
152 5
143 7
1 1
58 3
97 3
140 7
290 310
225 10
233 1
303 1
243 3
262 7
33 4
120 7
101 9
64 2
223 198
95 4
86 6
254 7
56 4
137 4
164 10
268 8
225 2
234 2
313 237
172 5
291 2
124 1
137 3
119 3
70 7
107 8
165 7
316 7
127 246
58 2
45 6
94 8
102 1
128 8
220 4
153 8
108 7
181 8
151 321
281 7
43 9
150 8
170 5
288 6
183 10
260 3
106 1
96 9
279 19
240 5
70 8
268 4
10 9
274 2
223 10
10 3
299 1
45 3
2 288
90 8
38 4
49 9
239 8
167 9
277 4
305 10
318 2
48 5
228 204
206 8
164 3
320 4
54 7
174 3
119 1
233 9
203 1
134 10
137 258
232 4
290 3
123 10
89 6
248 5
204 10
93 10
2 5
212 1
242 143
276 4
134 7
222 4
151 7
253 7
211 7
248 4
308 5
66 5
22 63
183 1
254 4
75 2
25 2
216 8
94 4
285 7
89 3
73 7
91 18
255 4
267 1
72 8
54 1
239 4
183 8
100 1
295 1
208 10
62 51
92 4
287 2
322 6
112 7
22 7
168 2
146 9
127 7
122 2
145 47
120 1
124 2
221 2
16 7
101 2
283 1
14 10
154 5
263 1
291 131
48 5
40 5
26 2
226 6
280 6
34 9
38 5
251 9
11 7
214 158
80 8
289 7
196 10
35 2
255 7
217 1
281 8
274 4
203 8
86 269
263 2
271 5
157 10
278 9
85 2
140 4
281 3
145 4
277 9
158 204
126 6
181 9
162 4
196 4
214 1
114 2
91 2
262 5
315 2
215 94
91 9
56 1
200 4
135 8
255 2
49 10
271 3
227 8
26 9
33 254
242 7
200 10
5 6
236 1
223 4
124 8
70 9
243 7
62 9
203 270
154 10
283 5
43 10
3 9
247 9
104 3
166 7
55 1
259 6
229 249
269 3
175 4
316 10
55 5
125 8
28 1
158 9
203 3
233 6
285 89
261 8
89 7
55 6
7 10
54 3
170 10
297 4
151 6
10 4
89 53
18 2
311 8
307 10
306 4
300 7
186 7
16 6
299 1
265 3
147 309
164 10
151 5
314 6
147 7
210 8
11 10
28 1
10 10
205 8
233 302
95 1
87 9
98 9
149 9
246 9
148 4
210 6
43 1
219 3
268 195
273 10
91 9
240 8
150 9
239 1
33 10
247 7
321 7
181 10
260 309
186 8
108 9
300 1
197 3
308 4
321 2
22 8
67 5
38 1
235 230
144 1
21 2
235 6
24 3
292 10
239 1
271 6
264 10
234 5
42 275
270 10
32 7
76 7
72 2
203 3
88 4
321 8
280 7
236 10
258 172
156 9
220 8
32 6
16 4
219 4
219 7
210 4
269 1
133 8
149 283
2 2
300 10
240 5
289 2
106 7
233 6
290 6
255 9
22 1
143 150
107 10
264 9
243 8
66 1
111 4
129 5
173 4
109 1
117 8
250 166
72 10
90 5
250 8
73 4
152 5
243 5
170 2
226 7
189 1
111 177
238 2
206 10
34 10
294 2
189 4
164 1
297 8
72 5
300 7
144 292
151 7
35 9
86 7
296 10
217 1
268 8
310 10
131 4
205 5
195 181
270 6
245 6
186 2
236 2
207 6
220 1
22 4
113 4
73 7
244 101
230 4
49 7
259 2
261 3
290 7
22 3
186 7
277 1
224 9
289 92
283 5
16 6
311 3
251 8
127 5
306 10
82 5
198 8
17 7
245 161
319 3
236 7
166 6
73 7
160 8
260 7
10 5
150 7
270 2
187 223
94 6
8 8
171 7
296 8
249 7
170 6
171 3
255 4
99 9
205 232
230 6
276 3
241 7
246 2
26 5
171 2
115 7
259 8
204 9
113 23
286 3
148 10
297 6
190 5
56 7
221 3
39 1
177 2
1 2
149 151
220 8
262 6
5 5
140 6
116 7
129 6
300 4
50 8
258 6
62 80
111 8
41 2
173 7
239 5
289 7
29 7
10 4
239 5
213 7
116 262
93 9
318 5
232 5
187 7
171 5
293 3
260 10
315 8
293 10
310 313
69 3
70 3
316 8
69 1
98 9
207 5
223 7
123 4
134 1
63 161
96 1
97 5
197 10
52 7
246 7
235 4
217 9
219 9
227 4
73 241
133 9
112 5
155 4
65 8
267 5
102 7
89 3
58 3
129 1
8 251
65 2
206 4
148 9
179 5
69 7
241 5
284 5
35 8
245 10
94 272
312 10
121 1
2 3
155 10
287 9
134 7
201 6
11 2
217 1
9 87
318 4
121 2
218 6
285 9
254 10
279 2
160 9
203 4
121 7
114 106
318 5
42 8
172 8
158 7
16 8
304 3
104 8
251 9
45 10
37 174
288 1
298 6
265 6
46 1
49 2
31 7
279 5
208 6
25 1
271 35
281 10
114 7
85 6
101 10
49 9
53 4
180 7
99 9
55 7
228 104
204 6
129 3
217 10
319 3
134 2
83 9
112 5
96 4
115 5
253 33
167 6
63 9
144 8
111 3
320 7
12 1
256 3
135 1
46 7
184 164
244 3
261 1
24 2
24 8
68 6
37 3
100 1
300 3
107 7
276 318
34 4
4 7
71 8
39 3
211 3
294 2
110 10
238 4
242 2
217 308
5 6
236 7
27 7
52 8
39 5
93 10
52 1
235 1
153 5
205 96
11 3
60 3
81 3
197 7
225 6
232 4
143 3
134 7
132 9
57 171
62 6
70 5
186 1
176 6
178 7
108 9
321 3
145 1
156 6
78 95
127 2
110 9
75 8
10 7
312 9
26 5
30 8
261 5
269 6
310 196
66 4
250 7
255 9
307 7
160 9
265 9
132 9
69 5
58 9
191 265
302 10
303 7
90 10
305 1
284 9
104 3
160 3
45 1
56 2
267 276
257 5
167 6
291 6
73 3
306 5
235 6
183 2
306 7
87 9
266 275
37 6
199 3
73 5
187 3
109 3
309 6
66 6
182 1
232 9
322 309
124 3
50 7
180 5
285 7
148 8
177 7
24 9
164 10
149 5
136 235
280 3
49 2
95 5
312 5
245 6
263 4
122 8
206 1
238 4
320 40
10 10
212 6
104 7
77 10
122 8
280 9
81 5
30 2
204 9
216 24
136 4
302 7
157 10
89 8
123 6
133 6
66 2
233 4
255 2
309 47
72 1
153 1
207 7
252 7
277 6
109 9
108 5
4 7
130 8
277 301
29 4
47 3
19 8
280 1
112 3
288 4
223 10
132 9
277 6
92 286
211 10
184 6
237 2
244 2
270 9
127 8
278 4
47 5
300 4
157 319
255 10
180 6
161 10
43 2
164 9
265 10
39 2
257 5
53 5
277 319
187 7
220 5
67 10
98 10
198 10
130 10
126 10
2 9
128 9
292 294
114 3
67 7
304 5
41 1
48 3
283 7
44 5
2 7
32 3
283 250
221 10
202 5
257 10
91 9
81 10
293 3
143 2
187 10
151 8
210 161
306 4
35 9
262 1
286 3
268 6
302 4
91 7
156 6
76 1
180 253
