486 1000
1 2
1 3
1 4
3 5
2 6
6 7
5 8
7 9
4 10
8 11
2 12
2 13
9 14
10 15
11 16
2 17
11 18
1 19
18 20
3 21
5 22
16 23
16 24
22 25
11 26
22 27
9 28
17 29
5 30
20 31
21 32
13 33
33 34
8 35
26 36
30 37
9 38
13 39
29 40
18 41
18 42
27 43
25 44
26 45
10 46
23 47
21 48
35 49
29 50
39 51
28 52
13 53
26 54
37 55
19 56
2 57
24 58
36 59
36 60
46 61
10 62
29 63
51 64
3 65
20 66
63 67
42 68
61 69
47 70
55 71
69 72
71 73
37 74
30 75
11 76
56 77
8 78
51 79
53 80
41 81
34 82
79 83
33 84
14 85
17 86
85 87
41 88
85 89
57 90
16 91
10 92
4 93
40 94
50 95
61 96
64 97
7 98
29 99
16 100
94 101
98 102
55 103
94 104
95 105
54 106
6 107
49 108
76 109
89 110
94 111
7 112
34 113
113 114
100 115
93 116
100 117
89 118
70 119
16 120
99 121
61 122
61 123
95 124
18 125
122 126
90 127
101 128
59 129
61 130
69 131
9 132
53 133
11 134
106 135
83 136
22 137
30 138
90 139
35 140
106 141
22 142
50 143
80 144
60 145
18 146
25 147
2 148
70 149
80 150
122 151
133 152
86 153
59 154
126 155
72 156
10 157
70 158
140 159
82 160
96 161
94 162
63 163
12 164
39 165
46 166
145 167
46 168
35 169
6 170
111 171
145 172
77 173
70 174
159 175
83 176
71 177
121 178
97 179
94 180
35 181
107 182
28 183
173 184
117 185
146 186
37 187
56 188
52 189
79 190
51 191
90 192
4 193
141 194
131 195
36 196
73 197
87 198
25 199
38 200
71 201
127 202
75 203
61 204
184 205
195 206
173 207
15 208
27 209
140 210
142 211
14 212
14 213
113 214
193 215
133 216
185 217
67 218
3 219
21 220
177 221
30 222
213 223
144 224
79 225
66 226
164 227
101 228
177 229
46 230
224 231
183 232
230 233
33 234
151 235
92 236
11 237
223 238
203 239
194 240
177 241
219 242
39 243
165 244
1 245
239 246
233 247
219 248
168 249
185 250
45 251
61 252
72 253
11 254
65 255
226 256
5 257
162 258
57 259
27 260
194 261
54 262
256 263
236 264
218 265
236 266
198 267
261 268
8 269
40 270
151 271
252 272
258 273
232 274
246 275
225 276
160 277
100 278
256 279
137 280
201 281
237 282
38 283
91 284
18 285
82 286
267 287
243 288
101 289
62 290
153 291
142 292
39 293
252 294
111 295
199 296
230 297
264 298
274 299
213 300
54 301
115 302
71 303
50 304
271 305
150 306
57 307
306 308
236 309
72 310
71 311
107 312
75 313
217 314
13 315
147 316
18 317
179 318
223 319
191 320
141 321
252 322
164 323
131 324
181 325
254 326
43 327
35 328
230 329
305 330
234 331
216 332
73 333
51 334
193 335
244 336
165 337
286 338
332 339
153 340
250 341
94 342
136 343
228 344
301 345
111 346
35 347
46 348
184 349
43 350
242 351
62 352
62 353
256 354
249 355
255 356
45 357
331 358
206 359
83 360
20 361
219 362
1 363
297 364
116 365
114 366
128 367
122 368
68 369
63 370
217 371
95 372
53 373
177 374
39 375
23 376
237 377
175 378
193 379
144 380
196 381
263 382
201 383
374 384
237 385
289 386
28 387
259 388
319 389
339 390
142 391
258 392
240 393
68 394
124 395
302 396
217 397
97 398
63 399
95 400
283 401
262 402
104 403
354 404
350 405
249 406
230 407
314 408
353 409
141 410
212 411
264 412
372 413
207 414
380 415
147 416
246 417
95 418
68 419
263 420
357 421
113 422
295 423
190 424
391 425
133 426
56 427
374 428
12 429
257 430
315 431
124 432
324 433
433 434
243 435
301 436
184 437
297 438
228 439
27 440
277 441
242 442
69 443
384 444
346 445
429 446
435 447
126 448
77 449
98 450
288 451
405 452
205 453
188 454
287 455
280 456
275 457
227 458
146 459
30 460
233 461
65 462
225 463
430 464
47 465
402 466
248 467
336 468
376 469
180 470
264 471
279 472
424 473
4 474
192 475
129 476
459 477
464 478
263 479
320 480
57 481
435 482
266 483
414 484
206 485
133 486
252 9
134 5
466 4
213 8
199 3
237 6
56 4
369 6
135 4
103 172
416 6
168 7
96 7
343 1
394 1
117 10
403 3
464 2
93 2
203 478
414 5
167 10
135 3
387 4
393 4
461 7
434 8
274 6
392 9
105 271
266 4
363 4
25 1
394 7
212 10
124 1
426 8
48 9
6 7
52 170
73 3
434 1
412 9
33 2
462 7
128 10
58 1
103 8
454 9
333 415
165 5
228 4
95 8
96 3
451 3
180 1
210 4
22 5
334 4
11 360
128 1
82 4
154 5
482 1
5 8
344 2
277 10
70 9
129 10
14 23
239 10
429 1
208 4
143 7
367 1
98 9
104 8
260 1
270 7
389 242
13 5
326 9
391 2
91 6
175 7
444 2
400 6
435 8
72 2
300 88
290 5
394 6
484 6
324 1
314 9
199 5
39 6
394 3
6 1
414 274
443 6
444 10
160 6
427 8
450 4
75 4
44 10
229 3
286 6
74 41
339 6
280 5
424 8
65 7
463 3
238 1
164 6
84 8
14 3
309 405
235 9
183 1
229 2
3 10
357 2
285 5
277 5
41 8
474 3
213 146
352 7
376 9
130 1
263 7
113 4
234 8
374 8
124 10
81 10
347 348
139 1
441 7
379 10
257 10
396 5
337 5
315 1
242 6
40 8
468 248
33 9
347 4
479 2
133 3
439 4
368 6
432 1
420 8
148 6
277 349
139 6
60 9
114 7
87 6
263 2
170 2
69 6
19 9
455 9
88 81
215 4
416 6
77 3
125 3
435 10
453 2
292 5
285 8
62 8
312 379
341 10
92 2
286 5
190 9
356 3
181 1
212 8
437 7
473 6
183 162
336 6
395 8
76 1
228 5
22 4
144 10
162 1
332 3
35 3
441 28
47 1
102 4
286 4
258 9
91 10
382 4
204 1
230 9
227 10
53 480
401 1
9 9
341 6
3 8
258 9
72 9
270 1
231 2
203 4
163 279
466 1
450 5
184 5
370 2
244 1
353 5
3 5
315 6
443 1
35 227
191 2
29 3
254 7
323 4
358 2
153 7
433 1
108 1
240 8
51 306
323 8
384 3
240 1
182 9
142 1
125 9
222 4
205 3
429 4
183 139
396 5
242 9
88 10
357 6
202 6
102 3
54 2
28 7
127 3
424 178
244 8
78 7
309 3
326 2
353 3
472 7
50 8
59 5
41 5
9 199
141 7
296 2
195 10
439 10
179 2
407 10
37 7
160 9
57 10
266 181
65 4
201 2
301 2
60 2
434 7
277 3
470 5
424 3
227 3
24 172
264 2
114 1
17 2
242 1
214 8
68 7
302 3
355 4
448 5
14 170
372 6
378 7
442 10
212 2
150 1
443 4
210 5
324 10
377 7
328 394
94 3
6 10
264 9
427 4
149 2
459 9
213 8
122 6
198 5
126 274
461 5
316 5
202 5
99 4
148 7
250 1
183 3
69 3
486 8
44 271
418 4
365 8
297 6
95 2
119 2
431 8
334 10
166 2
411 8
347 369
422 7
287 1
208 9
52 4
78 5
351 6
287 8
293 9
249 7
384 449
391 4
374 4
448 7
118 3
62 7
399 10
303 10
27 7
7 7
152 365
62 1
161 9
37 7
236 10
328 6
199 6
68 5
158 6
242 8
214 415
456 3
167 6
428 8
330 4
483 9
281 9
23 8
449 10
69 10
358 64
164 6
75 5
146 8
437 5
290 2
127 7
230 5
122 5
260 5
213 54
287 2
196 9
114 9
274 10
199 4
7 9
389 7
20 1
266 10
176 327
135 2
143 6
454 1
377 5
94 10
260 7
10 6
190 2
123 2
429 159
333 7
431 3
241 3
222 10
445 8
31 3
27 6
426 7
371 9
382 452
161 6
139 8
10 2
49 7
316 2
54 9
337 10
237 3
19 1
434 120
36 6
242 9
296 10
343 3
313 3
188 10
454 4
145 8
208 10
445 13
369 9
200 10
387 4
158 1
1 6
37 10
464 9
461 8
21 10
132 442
145 7
119 5
300 7
21 5
213 6
18 9
355 4
413 10
399 5
412 261
351 9
71 5
340 5
361 1
167 3
256 6
183 8
145 6
78 6
20 445
427 3
24 10
52 6
297 6
114 10
104 1
83 7
332 9
277 2
158 346
435 6
95 10
213 7
358 1
241 1
432 3
148 10
309 8
336 6
486 55
34 1
150 9
295 8
362 4
16 2
263 4
440 10
45 10
84 3
248 441
305 6
332 3
452 10
173 1
468 7
323 9
213 3
19 2
439 4
9 364
454 7
19 1
34 8
303 3
301 3
347 3
305 2
472 4
356 5
77 312
202 7
54 2
437 3
237 6
14 8
60 5
486 1
130 5
194 6
11 358
404 6
3 3
340 1
357 2
89 5
100 5
119 3
100 10
259 8
106 343
271 9
412 2
152 2
10 6
303 2
63 5
191 5
21 1
448 6
96 89
3 5
421 6
280 2
23 3
419 1
425 5
427 10
189 2
366 7
154 81
284 6
149 3
208 7
333 6
455 1
44 2
193 1
468 5
315 6
197 31
389 9
472 3
42 1
254 6
461 7
191 1
311 4
147 9
212 8
57 283
444 7
311 7
346 10
178 7
391 5
294 5
197 4
474 10
242 4
231 201
237 8
415 8
324 1
281 6
95 5
256 9
378 8
278 3
127 1
311 145
393 5
193 7
365 10
40 8
431 5
56 7
449 2
341 8
122 5
112 68
148 8
40 4
397 10
273 3
444 4
423 1
216 2
136 5
441 9
3 401
26 9
464 6
5 6
207 8
304 9
21 6
417 2
62 10
444 7
372 293
300 10
312 5
369 3
196 8
128 2
480 3
384 7
42 7
269 5
460 172
388 1
397 2
381 3
413 3
364 8
394 7
247 10
230 10
273 6
429 430
476 4
4 7
305 5
372 5
319 9
470 9
412 4
142 10
108 6
400 110
405 8
49 3
192 10
200 7
399 1
397 6
286 1
6 9
369 2
72 232
299 10
273 10
278 2
373 3
269 7
262 3
176 4
422 6
90 7
259 129
214 9
280 6
281 4
432 2
106 1
201 4
190 7
241 8
9 9
34 331
87 5
362 10
120 6
109 2
329 4
284 8
133 4
197 3
366 7
107 294
80 4
245 7
34 9
269 6
267 9
117 10
83 5
103 5
137 9
9 476
118 3
101 7
29 1
463 3
457 8
390 10
207 6
467 7
265 8
232 248
225 9
383 9
396 6
182 4
462 5
173 6
300 10
184 4
255 9
88 252
232 1
104 8
476 9
389 6
433 7
254 9
282 7
326 9
21 9
409 450
305 9
404 5
106 9
446 1
100 10
443 8
304 3
427 3
27 8
156 395
219 1
22 2
307 9
22 5
414 10
231 2
142 4
92 7
478 5
207 393
121 9
289 7
268 2
205 4
83 1
242 1
274 10
459 3
277 5
377 231
442 4
7 6
390 7
240 10
169 4
207 8
270 10
380 8
328 6
350 433
272 1
79 1
62 1
345 6
37 10
417 1
224 2
325 9
75 8
143 291
72 6
140 9
9 7
374 9
361 8
146 3
52 2
299 1
365 10
406 228
64 1
3 2
244 4
480 2
260 5
45 5
44 4
374 10
44 2
197 366
417 4
174 5
375 8
301 1
191 3
235 9
195 6
193 10
44 6
395 258
332 5
28 1
408 4
47 9
348 2
238 7
225 10
409 8
208 8
365 432
425 2
224 3
55 6
160 9
104 4
221 7
146 2
325 7
79 7
286 131
313 5
179 10
307 5
292 5
150 9
252 7
173 2
135 1
452 4
119 226
230 2
185 1
16 2
177 6
17 10
171 9
324 1
448 8
353 4
283 59
55 3
230 4
368 6
214 1
281 1
413 9
457 1
101 6
449 2
20 15
407 8
254 3
286 3
430 9
91 8
475 9
45 4
264 5
402 7
426 374
379 3
476 7
119 9
355 7
53 5
234 7
11 4
275 7
397 4
282 381
431 6
235 5
94 8
71 4
21 4
272 6
258 10
175 1
73 5
392 293
435 10
231 9
108 9
186 9
91 1
228 1
19 10
407 1
434 10
269 288
109 5
482 4
83 8
46 6
327 8
202 5
110 7
342 8
470 6
387 201
236 5
431 8
305 8
135 2
265 1
407 9
220 10
246 4
195 2
9 468
84 9
342 8
179 7
311 9
32 6
63 10
219 5
258 9
395 9
272 20
173 7
422 2
17 4
315 9
235 7
409 6
456 5
438 9
185 5
439 261
303 9
303 10
121 3
58 6
242 6
463 9
228 8
46 2
27 6
242 372
436 9
176 5
122 8
485 9
388 2
226 10
9 9
259 1
159 8
242 381
53 5
329 6
38 6
365 5
348 1
438 9
441 2
295 8
162 4
25 357
43 2
56 5
228 8
421 1
48 1
455 6
328 6
363 1
33 10
343 46
418 4
57 6
81 7
260 9
445 6
447 5
338 5
15 1
168 4
205 368
