97 1000
1 2
1 3
2 4
1 5
5 6
5 7
1 8
3 9
3 10
4 11
9 12
11 13
13 14
7 15
8 16
2 17
2 18
7 19
4 20
17 21
21 22
9 23
23 24
17 25
21 26
10 27
19 28
25 29
20 30
28 31
18 32
8 33
18 34
3 35
6 36
22 37
37 38
5 39
5 40
12 41
33 42
5 43
18 44
38 45
2 46
38 47
35 48
19 49
19 50
39 51
24 52
44 53
22 54
25 55
49 56
38 57
19 58
8 59
43 60
31 61
33 62
14 63
57 64
14 65
48 66
64 67
43 68
45 69
46 70
65 71
10 72
23 73
9 74
8 75
18 76
59 77
26 78
52 79
9 80
47 81
61 82
68 83
12 84
2 85
78 86
79 87
6 88
51 89
77 90
76 91
1 92
13 93
5 94
82 95
7 96
40 97
12 6
50 6
63 7
79 10
48 3
2 6
10 7
63 4
69 8
59 60
63 6
39 6
40 6
38 8
10 5
53 3
70 9
26 5
92 4
10 36
22 5
57 9
67 6
9 9
54 6
42 1
74 3
4 10
19 9
17 93
23 7
83 5
86 3
64 1
44 3
53 9
78 2
24 5
39 3
32 97
20 6
67 1
29 6
82 2
1 8
31 8
2 1
40 6
93 1
90 60
55 1
74 1
36 9
45 3
57 6
92 10
76 5
54 4
57 6
62 37
5 2
72 7
4 9
19 2
49 8
54 10
97 10
38 4
7 3
27 19
83 9
70 1
68 4
47 10
30 3
27 4
11 1
37 8
54 8
53 20
43 4
60 9
49 9
6 2
71 1
79 6
97 7
9 1
43 6
39 21
84 8
51 2
84 4
43 3
22 8
88 1
62 8
91 10
49 3
44 66
74 8
48 1
66 10
31 9
31 1
88 4
76 10
40 7
14 4
32 18
85 8
29 10
65 3
68 5
8 5
89 5
46 3
78 9
43 7
52 25
92 6
94 9
27 6
40 5
84 9
48 8
48 2
9 8
70 1
23 64
83 6
62 1
35 7
14 4
25 9
21 10
32 6
23 9
48 8
5 27
30 4
5 8
64 5
72 6
7 4
31 10
25 3
83 9
91 4
18 50
74 1
68 2
47 2
47 9
91 5
53 2
62 1
94 10
54 1
27 25
29 4
40 10
54 3
84 9
48 2
33 4
31 3
85 8
12 8
1 41
39 7
39 2
72 3
88 3
82 1
52 7
76 8
32 4
38 5
83 54
42 3
21 6
85 4
4 3
3 10
11 4
47 2
26 5
12 5
94 59
81 9
3 10
74 5
93 1
31 2
91 6
89 2
13 3
58 10
85 83
38 9
81 10
75 8
61 5
75 2
16 1
84 9
24 3
2 1
89 65
96 5
63 1
69 6
68 6
80 3
92 8
57 8
54 6
19 7
31 27
10 9
87 7
71 3
23 1
37 5
30 1
6 9
20 4
15 5
25 18
74 6
46 7
93 8
20 2
62 3
70 10
69 2
57 1
41 10
1 57
87 5
8 4
66 5
41 3
36 4
97 3
30 1
16 6
72 6
40 43
42 2
10 8
38 1
58 1
9 3
68 5
91 10
10 6
60 6
93 48
79 7
18 1
51 9
92 1
54 3
37 3
94 3
52 5
29 5
64 20
7 1
80 10
55 1
48 5
62 5
34 10
7 2
89 4
62 2
22 64
65 1
39 4
89 7
35 5
95 9
46 1
9 7
9 3
56 1
95 67
6 2
94 1
12 7
55 2
77 2
91 2
80 4
32 9
90 5
92 38
22 5
39 3
66 2
92 7
2 6
53 5
6 1
77 4
14 8
91 15
2 4
52 5
4 2
61 10
94 5
76 1
94 10
81 9
65 3
71 10
71 4
90 2
23 3
30 9
93 2
91 8
94 8
41 1
8 5
27 72
76 4
19 5
46 8
97 5
36 3
80 10
72 6
93 8
29 4
60 55
54 3
38 10
71 6
50 8
32 5
4 8
50 1
4 9
83 10
90 48
96 3
58 4
32 3
32 7
84 7
6 3
21 1
44 4
59 2
58 20
66 1
27 6
70 10
35 6
41 6
41 4
92 3
34 6
14 4
39 28
45 7
73 6
38 7
76 5
87 7
51 8
40 2
79 1
42 6
32 62
17 10
13 7
69 5
53 2
65 5
78 3
66 4
66 10
6 7
20 66
84 9
22 7
19 10
72 5
87 5
70 10
34 5
72 8
96 9
87 72
62 1
37 8
15 5
88 2
29 3
40 8
22 2
77 1
28 10
17 55
20 3
94 8
30 2
97 2
83 9
44 9
36 7
96 7
52 8
66 31
62 3
58 2
22 2
88 5
29 1
16 4
30 6
57 10
60 7
35 25
63 8
38 1
54 2
6 8
92 5
70 3
18 9
75 1
23 6
56 55
60 6
16 6
25 3
67 4
53 3
41 2
24 1
75 3
22 5
13 62
73 7
33 6
70 9
31 8
39 1
4 3
21 3
38 1
33 7
86 91
43 4
91 6
77 3
24 9
87 5
86 1
9 6
19 9
39 3
56 29
88 10
1 5
77 9
61 10
87 1
75 10
54 5
52 5
6 2
19 28
51 4
56 6
1 7
68 2
89 9
64 1
5 5
8 4
49 2
52 50
21 4
30 5
12 8
25 5
61 6
16 8
50 1
12 3
81 7
85 56
56 7
47 6
37 6
52 3
64 5
86 9
22 2
53 1
29 5
9 11
82 2
56 1
56 2
55 1
56 3
11 4
66 1
73 7
45 2
12 23
28 4
12 7
8 3
4 3
85 7
59 8
50 8
89 10
70 4
31 80
63 3
46 9
84 5
10 5
93 2
80 2
45 10
64 5
88 1
91 46
96 8
9 3
23 4
45 1
28 7
29 7
86 8
70 3
8 9
65 56
46 7
46 8
97 5
34 5
41 8
73 1
80 9
2 10
21 4
3 49
90 7
97 10
83 1
56 10
19 2
52 8
60 10
36 9
36 9
67 44
78 9
16 1
27 8
4 4
15 2
25 8
47 7
15 1
92 9
24 89
29 1
21 1
43 10
92 7
81 5
64 7
20 5
53 6
78 2
72 81
51 8
17 10
71 3
68 2
80 4
79 3
76 3
36 3
11 6
9 19
90 8
83 2
24 1
40 1
70 4
5 7
48 10
24 10
53 3
78 60
38 1
53 2
5 3
85 9
54 6
42 4
62 6
20 4
65 5
65 24
46 4
88 9
40 3
5 6
16 3
11 6
6 7
68 5
53 7
58 43
61 6
52 6
26 4
70 5
30 7
35 7
82 1
21 3
49 2
35 70
13 5
89 1
21 9
52 4
86 4
49 2
64 10
86 1
86 7
11 85
76 4
20 3
1 4
30 10
85 2
48 7
46 2
44 8
93 9
96 11
23 3
50 1
1 4
19 2
33 4
7 4
29 5
28 9
83 8
57 30
85 3
6 6
80 10
47 9
67 6
90 10
67 3
83 5
59 10
48 40
51 5
81 3
38 1
7 2
19 7
79 1
73 6
63 2
31 8
96 30
36 5
97 10
18 7
6 2
66 8
76 4
69 6
58 5
68 8
4 74
18 6
25 4
29 8
9 8
20 3
24 3
14 2
31 1
9 2
72 49
32 1
12 6
79 2
15 8
69 9
83 8
4 5
6 8
15 10
36 85
8 9
97 6
36 8
36 6
48 2
34 3
78 10
71 3
8 4
57 21
24 2
39 4
4 4
73 4
93 6
17 10
67 10
61 7
7 2
45 84
86 2
10 2
76 3
4 10
70 8
8 2
54 8
34 2
54 10
38 44
26 9
7 2
62 3
42 3
54 3
2 4
95 1
21 4
65 1
19 18
18 5
96 7
53 7
69 4
59 9
34 7
23 7
74 1
36 10
91 31
80 5
19 10
10 9
25 8
26 3
54 5
2 10
42 8
38 5
14 43
53 7
54 5
87 8
57 5
80 5
68 8
27 2
2 8
10 7
15 50
19 1
15 3
4 9
69 8
52 3
36 7
13 5
5 8
55 3
88 70
42 9
18 7
68 7
54 10
59 6
47 2
66 9
73 1
23 9
44 19
59 8
36 7
83 9
9 5
32 7
25 10
51 2
63 3
18 3
5 50
36 9
5 4
78 8
80 1
27 6
82 8
37 1
71 8
7 7
17 12
11 3
9 2
37 10
43 5
53 7
43 6
92 3
31 9
61 2
92 31
62 9
51 2
75 9
84 6
8 5
49 8
71 8
80 5
66 4
46 17
45 8
10 5
78 8
7 6
86 6
22 6
9 10
11 8
80 5
33 70
69 3
33 3
67 9
14 6
70 5
45 3
41 8
69 10
23 2
83 82
55 7
74 3
66 10
63 9
86 1
85 2
22 3
64 9
54 9
65 30
66 9
7 8
48 10
54 5
45 6
28 10
58 5
47 9
92 7
91 26
3 2
67 2
32 10
33 10
42 7
22 2
14 6
15 8
71 6
15 30
31 1
43 7
77 9
83 9
46 5
56 5
14 6
23 1
67 4
35 73
17 10
12 2
73 10
77 3
12 1
38 9
44 1
56 1
18 6
43 42
29 9
31 1
81 6
66 4
62 8
94 5
86 1
95 3
43 2
13 82
57 3
49 5
3 10
2 1
32 1
11 4
4 7
84 5
80 8
23 22
33 2
20 1
80 9
65 3
87 8
30 8
75 9
69 9
89 2
29 79
78 10
40 10
2 10
80 3
22 9
56 2
4 6
77 7
46 3
1 18
82 4
36 7
50 3
38 2
16 1
95 1
42 5
78 2
36 10
28 33
30 5
25 9
56 7
49 9
49 10
70 1
47 9
26 10
45 6
49 22
42 8
44 10
76 7
90 10
62 4
39 3
9 1
78 7
93 5
27 43
63 7
51 5
92 2
28 1
90 3
46 6
58 10
6 1
69 6
43 32
