359 1000
1 2
1 3
3 4
2 5
4 6
2 7
1 8
1 9
9 10
10 11
6 12
6 13
13 14
3 15
6 16
9 17
3 18
4 19
10 20
10 21
4 22
7 23
17 24
21 25
6 26
22 27
3 28
23 29
28 30
7 31
30 32
21 33
15 34
28 35
14 36
5 37
31 38
22 39
7 40
26 41
16 42
39 43
23 44
27 45
29 46
7 47
20 48
33 49
40 50
16 51
39 52
23 53
48 54
3 55
41 56
9 57
21 58
4 59
38 60
48 61
31 62
59 63
15 64
56 65
9 66
1 67
6 68
17 69
65 70
35 71
47 72
42 73
39 74
60 75
14 76
59 77
46 78
69 79
11 80
24 81
64 82
57 83
63 84
36 85
39 86
43 87
12 88
86 89
77 90
53 91
45 92
87 93
19 94
33 95
33 96
61 97
29 98
50 99
48 100
58 101
81 102
65 103
80 104
74 105
70 106
96 107
8 108
106 109
77 110
5 111
98 112
112 113
97 114
36 115
21 116
58 117
43 118
59 119
14 120
92 121
103 122
11 123
103 124
14 125
85 126
52 127
99 128
21 129
26 130
28 131
129 132
24 133
6 134
23 135
111 136
12 137
10 138
127 139
67 140
50 141
14 142
91 143
95 144
125 145
55 146
81 147
79 148
17 149
50 150
51 151
25 152
72 153
146 154
136 155
138 156
114 157
13 158
99 159
70 160
50 161
40 162
9 163
26 164
31 165
78 166
124 167
141 168
112 169
39 170
141 171
147 172
88 173
83 174
61 175
173 176
103 177
70 178
172 179
131 180
150 181
126 182
173 183
27 184
110 185
31 186
66 187
111 188
109 189
188 190
137 191
56 192
58 193
82 194
159 195
74 196
127 197
197 198
37 199
35 200
198 201
120 202
114 203
126 204
104 205
143 206
200 207
70 208
12 209
200 210
61 211
55 212
100 213
198 214
162 215
182 216
81 217
133 218
96 219
72 220
32 221
136 222
42 223
20 224
16 225
29 226
61 227
179 228
168 229
128 230
57 231
202 232
198 233
169 234
65 235
45 236
120 237
19 238
5 239
93 240
131 241
215 242
219 243
128 244
13 245
106 246
187 247
197 248
202 249
125 250
211 251
135 252
105 253
214 254
125 255
11 256
37 257
6 258
17 259
251 260
119 261
98 262
176 263
5 264
251 265
17 266
183 267
144 268
232 269
35 270
151 271
228 272
115 273
180 274
230 275
251 276
107 277
111 278
226 279
88 280
82 281
37 282
20 283
55 284
94 285
5 286
263 287
279 288
208 289
286 290
112 291
185 292
245 293
32 294
121 295
186 296
61 297
126 298
283 299
22 300
19 301
262 302
175 303
111 304
232 305
15 306
16 307
10 308
197 309
42 310
126 311
122 312
278 313
312 314
262 315
277 316
112 317
87 318
161 319
172 320
270 321
79 322
307 323
50 324
213 325
303 326
81 327
232 328
282 329
225 330
6 331
144 332
13 333
110 334
192 335
267 336
126 337
18 338
295 339
309 340
150 341
280 342
175 343
289 344
97 345
75 346
24 347
265 348
256 349
346 350
321 351
147 352
191 353
296 354
138 355
27 356
56 357
309 358
325 359
210 10
23 1
5 9
7 2
334 9
127 7
270 9
94 4
333 9
186 15
342 7
144 6
235 10
344 7
30 3
148 3
161 10
193 4
249 6
33 169
61 9
193 2
63 5
85 7
229 4
249 4
227 8
66 7
343 5
224 130
27 1
185 9
164 6
304 4
40 1
107 10
342 8
33 9
245 1
297 149
144 7
74 6
120 3
281 4
128 8
233 1
205 9
149 7
172 7
95 37
302 6
54 8
338 1
270 7
229 3
343 10
28 3
348 3
182 2
140 359
237 1
208 7
244 3
254 4
164 7
135 9
114 9
83 3
229 4
209 260
266 5
144 6
157 9
100 7
175 1
276 8
77 3
88 5
130 6
193 256
16 9
16 5
125 7
211 6
261 3
84 3
353 4
237 9
288 5
323 353
11 3
169 4
111 6
262 2
341 3
130 5
78 3
155 2
331 9
92 255
246 6
277 2
79 3
3 1
188 9
209 2
26 5
256 8
130 8
260 203
91 6
212 1
37 5
188 6
281 6
96 1
270 2
153 3
255 10
117 51
337 6
350 7
333 8
218 7
183 3
67 3
316 6
355 7
158 3
348 23
333 1
311 4
255 4
236 10
295 3
211 6
279 3
77 5
285 9
44 226
171 4
25 4
61 5
53 3
178 8
49 10
339 2
89 7
108 9
86 113
359 4
8 5
338 9
243 3
100 6
180 5
208 7
144 1
38 3
241 153
298 8
87 9
37 3
35 4
328 6
265 6
105 2
29 5
188 10
304 248
171 5
215 10
328 6
61 8
80 7
111 8
82 3
244 5
197 3
304 264
312 9
77 6
300 7
59 4
81 9
247 8
138 2
59 10
239 2
104 199
351 5
128 1
133 3
65 7
227 6
216 9
152 6
290 1
32 8
36 253
15 9
17 5
89 10
345 5
147 5
314 3
254 10
90 6
50 2
269 243
52 7
276 2
260 4
152 8
110 7
304 10
141 6
77 4
57 8
54 215
119 10
241 9
44 6
39 10
311 6
93 8
293 3
3 10
99 1
129 237
269 8
133 8
59 9
296 6
209 2
218 10
72 9
49 4
3 9
107 182
108 4
233 2
189 5
305 9
228 10
341 9
233 8
170 10
307 5
160 355
249 3
94 8
295 8
114 5
231 3
64 7
39 9
295 5
10 6
289 317
209 7
359 2
103 4
161 2
286 1
290 9
256 4
112 6
263 10
350 257
61 1
327 8
6 10
262 8
196 10
322 1
91 7
10 10
64 2
337 94
57 7
317 7
330 10
299 9
124 8
182 1
100 3
302 5
262 5
180 358
122 4
28 4
117 1
155 9
162 3
213 2
84 3
304 9
129 1
298 223
42 3
170 8
248 6
307 9
69 6
279 10
69 10
193 6
36 7
173 17
17 9
46 8
214 5
350 6
113 8
287 2
241 3
106 6
26 7
146 264
307 8
73 8
285 5
327 4
83 7
193 2
59 3
59 8
51 7
204 286
349 6
163 3
50 5
138 3
332 5
331 3
332 4
168 5
266 4
310 299
197 8
288 5
332 3
133 8
57 1
208 2
48 6
149 6
136 7
309 130
21 2
305 1
296 7
268 3
111 8
25 8
308 6
218 4
307 4
149 74
131 5
213 6
286 5
80 3
299 3
289 3
337 3
87 7
208 2
302 250
276 8
114 5
84 9
174 3
262 3
344 4
36 4
49 3
199 5
102 237
279 8
102 10
177 7
71 5
133 9
151 3
175 3
205 10
352 7
115 247
292 2
190 7
52 8
30 2
190 5
306 4
264 1
13 1
177 6
319 314
99 10
188 4
310 8
226 4
102 6
254 4
57 8
359 7
172 10
175 32
278 5
214 2
325 9
75 5
173 1
146 2
322 1
295 8
280 7
299 30
289 4
245 3
222 3
34 4
351 9
215 8
154 5
344 7
66 4
29 30
282 5
202 10
80 5
51 1
40 6
83 8
149 10
118 5
277 1
21 212
210 8
203 1
129 8
59 2
40 7
101 5
356 1
335 10
335 10
197 84
279 2
91 8
306 1
72 8
268 10
163 4
173 9
303 1
13 2
155 212
128 6
201 3
58 7
142 10
121 5
75 4
310 10
296 1
283 10
31 63
273 2
211 4
238 7
258 8
48 1
43 10
155 8
143 1
299 8
285 55
188 4
243 4
208 4
345 4
3 6
72 8
309 7
316 9
167 4
179 348
315 6
307 10
5 9
88 6
298 5
168 3
202 4
108 6
80 10
229 352
230 5
72 2
121 7
5 2
64 7
258 5
268 9
33 10
128 8
46 50
219 7
303 8
288 6
286 2
48 5
350 3
267 10
304 6
197 10
134 205
139 3
49 6
45 8
267 10
168 4
149 3
201 6
346 9
81 3
73 320
275 8
144 4
314 2
146 4
240 9
322 4
28 7
92 4
3 1
85 89
93 6
36 8
7 6
97 9
250 8
352 8
299 10
329 5
243 6
352 77
158 6
148 3
184 6
248 2
229 5
220 7
151 9
64 8
240 4
242 102
304 9
37 5
295 4
219 4
320 4
224 4
24 4
276 7
273 6
280 113
38 5
2 5
37 9
41 8
12 1
239 9
296 5
283 6
81 5
15 310
220 1
168 9
3 9
181 9
299 10
295 8
80 4
192 8
235 9
288 122
209 10
265 2
258 10
312 8
120 10
348 5
194 1
108 10
143 3
334 296
307 6
134 3
211 9
44 10
320 3
276 5
172 2
245 7
249 2
133 126
266 9
85 8
159 7
135 2
197 6
143 1
243 6
338 3
29 9
269 84
336 1
304 8
116 1
172 3
151 1
151 8
16 9
75 8
225 2
100 345
95 4
186 9
71 6
264 7
230 3
45 2
329 1
140 8
33 8
89 239
318 7
271 3
211 2
218 2
52 9
208 1
255 3
185 2
169 5
26 252
339 2
266 8
160 9
314 7
10 9
283 3
197 6
39 3
270 2
105 158
359 10
269 1
85 1
170 9
273 8
323 5
299 5
175 7
36 1
253 235
234 4
61 9
296 1
204 4
80 9
175 9
152 3
8 2
55 4
297 135
232 1
359 1
306 6
87 7
90 9
126 4
300 9
72 9
288 3
184 352
217 8
229 5
160 8
36 1
166 2
233 3
57 9
216 4
257 6
29 73
126 2
318 1
178 4
97 8
358 2
200 1
296 3
247 1
147 6
236 220
205 2
185 10
56 5
243 8
230 4
95 9
203 7
112 6
152 1
201 198
73 2
331 2
329 8
138 2
336 9
102 7
315 10
156 2
37 5
287 233
241 1
56 6
217 7
298 7
100 8
76 9
53 9
59 9
299 3
193 13
213 7
315 6
158 10
327 8
104 9
254 10
47 2
34 3
201 9
24 359
120 6
208 4
17 1
353 9
15 4
62 1
160 3
117 3
32 5
124 92
347 2
209 10
201 1
82 3
84 2
152 9
142 6
17 8
173 10
311 164
36 7
322 3
10 1
291 5
310 7
125 3
120 1
127 3
67 10
196 326
239 5
35 10
301 3
190 3
205 5
49 2
90 6
335 8
354 8
18 114
255 1
256 3
338 9
169 9
6 4
13 2
264 9
170 6
282 4
112 231
331 6
2 7
95 4
281 10
263 8
179 5
354 1
187 9
198 10
257 213
110 6
214 6
79 6
227 1
260 7
69 5
350 2
121 8
336 9
53 203
340 4
327 10
348 10
150 1
22 10
331 9
251 6
242 3
217 2
85 75
213 9
348 2
264 3
199 5
186 4
154 9
130 8
73 6
308 10
208 258
259 4
130 9
99 10
82 3
77 8
29 6
238 9
47 5
107 4
94 322
269 10
39 6
253 3
53 7
322 10
66 8
321 6
73 1
54 10
38 290
77 6
131 4
244 8
157 7
94 5
243 6
242 9
335 9
39 4
12 24
203 6
134 3
243 8
6 10
67 5
118 5
151 8
128 8
201 6
303 124
157 3
37 4
10 5
222 7
203 3
220 8
62 7
351 2
243 1
264 216
251 4
149 3
110 2
135 3
43 7
249 10
224 8
86 6
185 4
330 86
151 8
314 6
135 2
351 10
5 1
251 7
260 9
276 9
7 9
308 290
350 1
87 5
155 1
161 10
269 8
42 1
140 9
78 7
213 7
138 189
320 3
92 9
209 8
283 7
268 10
182 7
232 8
275 1
251 2
172 218
326 9
257 6
227 1
48 5
124 5
210 4
130 1
314 10
300 9
35 220
56 4
153 2
34 1
34 2
321 10
303 1
149 9
121 7
79 5
56 30
307 1
194 1
10 2
214 8
10 6
155 1
234 4
15 6
94 7
61 291
67 7
267 3
115 2
226 5
171 2
295 6
182 2
193 10
292 4
244 253
129 9
329 10
314 6
224 6
330 10
148 8
98 5
160 5
193 4
56 342
210 6
162 6
148 8
21 4
68 2
115 3
274 6
189 7
85 6
38 285
349 9
114 8
83 1
259 8
131 9
43 4
250 5
18 6
64 10
237 167
