938 1000
1 2
2 3
1 4
2 5
2 6
4 7
6 8
4 9
3 10
9 11
5 12
11 13
9 14
10 15
12 16
2 17
14 18
17 19
16 20
3 21
18 22
22 23
2 24
2 25
10 26
20 27
2 28
21 29
22 30
23 31
30 32
15 33
30 34
11 35
8 36
18 37
22 38
1 39
27 40
34 41
5 42
22 43
18 44
38 45
5 46
16 47
33 48
44 49
3 50
14 51
10 52
43 53
36 54
27 55
21 56
4 57
45 58
55 59
43 60
35 61
40 62
17 63
25 64
9 65
52 66
42 67
46 68
13 69
62 70
33 71
42 72
21 73
51 74
57 75
28 76
3 77
39 78
4 79
66 80
15 81
65 82
44 83
54 84
7 85
26 86
14 87
45 88
16 89
18 90
23 91
20 92
54 93
53 94
60 95
61 96
46 97
46 98
44 99
37 100
95 101
59 102
93 103
83 104
85 105
5 106
77 107
25 108
76 109
72 110
90 111
5 112
88 113
56 114
102 115
108 116
81 117
61 118
36 119
14 120
52 121
42 122
62 123
83 124
6 125
65 126
30 127
20 128
48 129
32 130
76 131
106 132
95 133
123 134
85 135
8 136
48 137
28 138
10 139
45 140
58 141
31 142
23 143
20 144
62 145
55 146
136 147
72 148
108 149
135 150
28 151
52 152
28 153
114 154
105 155
125 156
51 157
57 158
57 159
19 160
155 161
26 162
9 163
67 164
2 165
98 166
61 167
18 168
124 169
82 170
136 171
1 172
96 173
55 174
8 175
113 176
127 177
132 178
53 179
13 180
8 181
132 182
77 183
63 184
48 185
172 186
45 187
162 188
188 189
64 190
114 191
78 192
186 193
51 194
160 195
13 196
160 197
138 198
185 199
95 200
12 201
34 202
15 203
82 204
38 205
146 206
94 207
49 208
157 209
140 210
127 211
9 212
168 213
59 214
153 215
47 216
64 217
217 218
120 219
82 220
70 221
74 222
83 223
123 224
127 225
201 226
133 227
209 228
39 229
12 230
201 231
137 232
172 233
26 234
157 235
181 236
65 237
149 238
179 239
123 240
60 241
62 242
55 243
198 244
121 245
109 246
76 247
210 248
134 249
216 250
32 251
66 252
202 253
168 254
225 255
24 256
132 257
43 258
156 259
33 260
71 261
105 262
189 263
184 264
23 265
77 266
159 267
255 268
73 269
118 270
261 271
185 272
104 273
187 274
133 275
102 276
141 277
113 278
150 279
73 280
2 281
29 282
171 283
259 284
123 285
85 286
269 287
242 288
171 289
278 290
104 291
129 292
122 293
19 294
202 295
65 296
135 297
239 298
162 299
251 300
255 301
216 302
254 303
276 304
129 305
270 306
104 307
153 308
108 309
305 310
42 311
224 312
194 313
172 314
245 315
286 316
208 317
178 318
275 319
280 320
170 321
271 322
72 323
226 324
176 325
60 326
38 327
38 328
129 329
26 330
285 331
87 332
2 333
220 334
99 335
318 336
255 337
5 338
248 339
260 340
219 341
341 342
81 343
28 344
220 345
163 346
252 347
20 348
178 349
118 350
291 351
222 352
308 353
255 354
207 355
343 356
170 357
258 358
63 359
36 360
96 361
214 362
270 363
95 364
142 365
152 366
324 367
217 368
73 369
17 370
276 371
261 372
131 373
339 374
3 375
91 376
82 377
260 378
49 379
146 380
10 381
378 382
133 383
340 384
235 385
256 386
86 387
296 388
385 389
149 390
196 391
30 392
150 393
80 394
293 395
35 396
44 397
315 398
198 399
204 400
245 401
356 402
269 403
353 404
22 405
353 406
33 407
239 408
44 409
231 410
383 411
225 412
274 413
277 414
120 415
53 416
5 417
95 418
179 419
161 420
202 421
3 422
219 423
110 424
357 425
390 426
261 427
253 428
99 429
61 430
104 431
246 432
36 433
404 434
205 435
201 436
143 437
147 438
23 439
72 440
267 441
437 442
171 443
242 444
303 445
113 446
125 447
43 448
333 449
86 450
386 451
142 452
199 453
288 454
63 455
162 456
92 457
223 458
434 459
69 460
292 461
257 462
379 463
172 464
397 465
150 466
218 467
167 468
344 469
384 470
67 471
29 472
320 473
134 474
24 475
72 476
78 477
13 478
109 479
321 480
3 481
47 482
253 483
25 484
179 485
371 486
19 487
203 488
85 489
177 490
233 491
144 492
474 493
14 494
51 495
470 496
96 497
133 498
114 499
5 500
157 501
362 502
142 503
309 504
348 505
481 506
468 507
7 508
255 509
298 510
292 511
40 512
44 513
157 514
43 515
174 516
333 517
378 518
282 519
488 520
291 521
483 522
137 523
246 524
356 525
476 526
220 527
178 528
462 529
370 530
123 531
421 532
222 533
305 534
120 535
184 536
32 537
290 538
171 539
41 540
16 541
220 542
115 543
235 544
530 545
509 546
61 547
359 548
121 549
424 550
255 551
217 552
142 553
489 554
430 555
20 556
226 557
529 558
517 559
515 560
87 561
330 562
177 563
9 564
202 565
565 566
557 567
105 568
22 569
200 570
223 571
428 572
260 573
561 574
333 575
160 576
281 577
288 578
332 579
220 580
314 581
383 582
478 583
162 584
571 585
424 586
222 587
489 588
248 589
10 590
573 591
377 592
432 593
525 594
133 595
381 596
153 597
236 598
33 599
280 600
433 601
203 602
357 603
18 604
482 605
249 606
261 607
359 608
549 609
361 610
606 611
507 612
426 613
62 614
470 615
590 616
352 617
263 618
305 619
403 620
295 621
398 622
316 623
422 624
382 625
295 626
584 627
430 628
459 629
599 630
550 631
486 632
434 633
522 634
414 635
364 636
241 637
141 638
626 639
336 640
623 641
277 642
237 643
210 644
410 645
543 646
619 647
327 648
379 649
448 650
250 651
56 652
376 653
29 654
189 655
592 656
77 657
384 658
154 659
653 660
170 661
66 662
383 663
370 664
250 665
458 666
192 667
51 668
415 669
538 670
81 671
132 672
449 673
60 674
458 675
68 676
489 677
633 678
479 679
317 680
184 681
54 682
304 683
235 684
169 685
96 686
335 687
182 688
251 689
30 690
355 691
516 692
631 693
401 694
465 695
647 696
77 697
479 698
298 699
332 700
506 701
654 702
603 703
145 704
455 705
556 706
121 707
132 708
386 709
414 710
483 711
170 712
494 713
549 714
181 715
383 716
191 717
395 718
12 719
531 720
663 721
107 722
48 723
713 724
85 725
167 726
450 727
568 728
551 729
138 730
515 731
223 732
292 733
308 734
143 735
522 736
163 737
375 738
551 739
564 740
130 741
397 742
562 743
490 744
38 745
604 746
549 747
300 748
300 749
76 750
13 751
367 752
416 753
134 754
84 755
188 756
576 757
374 758
168 759
19 760
700 761
188 762
373 763
676 764
481 765
629 766
451 767
163 768
208 769
614 770
170 771
359 772
702 773
188 774
358 775
266 776
133 777
467 778
531 779
377 780
420 781
337 782
765 783
134 784
345 785
292 786
566 787
531 788
607 789
698 790
411 791
274 792
258 793
455 794
209 795
701 796
513 797
238 798
378 799
500 800
173 801
714 802
638 803
184 804
266 805
274 806
412 807
85 808
40 809
251 810
595 811
14 812
450 813
800 814
167 815
657 816
332 817
796 818
726 819
491 820
783 821
108 822
145 823
556 824
21 825
451 826
410 827
786 828
792 829
346 830
800 831
403 832
92 833
746 834
475 835
337 836
278 837
608 838
252 839
554 840
539 841
807 842
144 843
333 844
346 845
626 846
579 847
126 848
456 849
103 850
85 851
279 852
608 853
727 854
150 855
133 856
718 857
508 858
491 859
533 860
180 861
148 862
223 863
705 864
639 865
421 866
642 867
741 868
717 869
333 870
544 871
299 872
90 873
327 874
764 875
166 876
57 877
574 878
357 879
679 880
635 881
51 882
496 883
128 884
813 885
443 886
225 887
676 888
537 889
333 890
870 891
409 892
446 893
692 894
662 895
377 896
169 897
219 898
269 899
618 900
168 901
703 902
577 903
649 904
660 905
843 906
832 907
685 908
319 909
586 910
583 911
148 912
349 913
123 914
256 915
173 916
39 917
818 918
827 919
607 920
34 921
163 922
715 923
44 924
822 925
676 926
376 927
875 928
704 929
606 930
755 931
158 932
23 933
116 934
16 935
161 936
313 937
585 938
367 6
203 7
812 8
453 9
361 7
105 7
803 4
619 6
362 5
149 67
443 8
221 6
200 8
493 5
343 6
879 2
309 1
276 10
588 8
612 591
368 10
857 2
118 4
520 5
490 6
777 5
459 4
773 8
230 7
782 588
352 8
293 6
623 6
620 3
697 4
200 5
57 3
208 5
138 8
898 316
759 9
196 1
601 9
467 6
82 9
198 10
73 9
561 2
419 9
68 772
190 3
254 2
885 3
696 3
480 7
794 2
538 7
784 3
575 6
109 382
587 10
52 1
825 3
302 7
765 1
805 7
910 7
461 10
878 2
211 436
743 4
826 2
287 2
628 10
75 3
108 7
880 5
525 8
398 10
874 452
566 10
694 4
113 5
332 2
406 3
451 3
667 5
335 8
912 9
86 27
753 6
166 1
307 6
81 7
764 2
618 6
802 7
365 6
866 7
572 186
125 2
714 4
793 6
767 6
196 3
351 3
754 1
798 3
812 7
808 126
637 6
22 10
763 4
116 4
677 9
731 5
500 7
80 6
175 9
190 440
665 8
413 10
120 3
164 7
844 2
99 1
468 10
406 5
226 7
317 164
254 9
89 3
299 9
187 4
683 7
867 4
726 9
245 2
898 4
584 799
313 8
317 8
830 7
176 8
257 9
652 1
227 9
199 10
560 1
706 566
877 1
5 9
585 7
389 10
60 8
216 6
303 8
167 7
855 6
847 110
579 7
1 5
613 10
532 3
218 1
688 5
448 10
364 3
158 2
726 824
664 7
643 5
873 10
99 4
400 9
82 10
851 3
354 7
549 10
106 758
301 6
302 6
22 4
286 6
913 4
876 4
464 10
736 3
214 6
521 355
362 8
606 3
172 8
632 8
339 8
699 9
649 8
224 10
50 2
484 133
214 2
182 10
129 7
667 6
130 8
253 6
403 7
326 3
555 2
160 181
520 9
65 4
905 1
902 1
114 6
56 8
397 8
708 5
906 9
549 624
190 6
893 1
597 7
23 8
70 4
326 2
588 4
590 2
590 6
282 33
424 10
89 9
4 9
415 4
664 3
487 3
465 7
139 4
221 8
845 445
923 1
14 7
83 3
731 9
188 7
908 4
90 1
14 10
98 6
809 666
25 1
285 4
297 7
413 10
534 6
272 7
428 8
231 9
656 9
484 625
750 4
373 7
251 8
856 6
537 7
539 5
253 2
795 9
399 2
340 117
489 6
105 1
631 10
250 7
313 3
887 6
728 6
295 9
368 1
456 800
704 4
222 4
77 5
640 6
143 1
784 3
796 6
631 9
156 9
324 22
772 2
196 8
389 6
453 10
173 5
536 9
314 8
664 8
71 2
890 846
812 1
896 10
639 2
348 1
158 8
466 5
599 10
473 10
481 2
927 139
464 7
420 1
385 8
88 3
905 5
462 3
565 4
299 5
85 9
388 730
469 1
317 8
496 7
451 8
612 8
695 5
574 6
430 5
417 3
913 31
882 7
403 4
14 6
768 3
400 1
768 6
880 5
279 4
408 3
700 477
795 10
464 3
555 4
183 1
374 3
365 4
873 6
120 2
390 9
543 589
531 7
234 6
129 4
707 6
144 2
166 3
515 8
873 1
278 8
533 657
768 3
661 4
800 6
505 2
431 3
63 2
607 8
285 8
550 9
688 722
80 7
188 8
845 2
373 7
915 10
549 6
229 1
732 1
734 5
776 363
666 10
312 6
934 9
502 3
264 5
850 6
131 7
661 9
858 6
529 352
905 8
238 6
883 10
123 7
122 1
17 10
842 6
291 8
406 3
881 617
7 7
596 3
686 5
77 10
66 1
74 5
452 2
190 5
8 5
395 131
933 4
921 8
411 6
346 3
300 10
17 10
167 7
835 2
232 8
368 674
197 8
126 1
322 9
386 3
50 3
572 6
614 10
251 1
761 8
702 227
346 2
527 8
793 4
936 5
465 3
251 7
921 1
411 9
938 7
217 58
788 7
695 5
826 6
495 3
282 4
524 10
157 4
537 3
242 1
867 57
645 6
384 5
494 1
891 5
823 6
89 6
858 6
793 5
328 8
375 554
512 7
857 1
740 9
176 5
80 2
280 10
215 6
511 6
276 4
353 425
172 9
881 9
149 3
550 9
169 5
60 1
938 6
373 1
444 6
537 604
330 6
823 9
423 1
432 5
35 3
918 3
812 7
643 3
657 6
76 574
369 9
742 5
907 9
439 2
226 10
574 8
636 5
564 4
609 1
4 16
386 4
99 4
283 5
27 7
562 2
129 2
125 9
896 10
31 4
499 160
634 7
901 6
531 7
488 2
754 4
442 8
914 6
643 8
385 2
884 13
378 3
146 2
159 2
55 6
641 9
736 1
864 10
681 2
849 4
417 609
289 2
226 7
481 10
710 1
907 2
924 8
663 10
813 4
68 5
59 774
256 3
558 1
487 4
418 8
894 4
239 6
861 2
273 4
56 4
71 502
121 1
761 10
581 8
48 1
904 4
588 3
290 1
537 10
284 3
177 537
909 1
427 10
485 6
646 4
450 1
709 5
423 10
472 7
453 4
895 820
912 1
245 3
104 9
563 9
749 1
871 7
226 5
270 9
153 6
471 868
299 1
607 4
61 10
855 7
26 8
416 7
182 5
442 7
536 9
645 787
605 6
668 7
442 4
380 5
374 6
420 2
685 1
257 4
486 5
382 444
443 1
122 4
452 3
59 1
324 3
488 8
538 1
597 2
477 10
225 427
284 2
848 5
251 1
175 1
745 3
503 5
476 2
652 9
97 4
293 296
414 1
812 1
715 4
442 10
743 6
703 7
659 7
575 5
189 1
97 860
355 8
447 4
859 5
195 2
115 4
787 6
635 2
778 3
335 10
645 537
786 1
679 5
129 5
479 7
533 10
934 1
182 10
467 1
436 9
396 13
133 10
564 1
387 10
161 6
746 4
567 3
209 1
203 7
667 1
440 843
459 8
834 2
32 4
638 4
907 8
553 10
314 7
430 3
171 1
798 657
227 7
815 1
174 1
257 9
787 5
71 10
218 3
339 3
17 4
387 336
829 3
157 1
287 5
534 5
87 9
768 6
795 10
896 4
105 7
101 771
411 7
724 2
648 5
827 2
49 8
17 10
716 6
564 6
442 10
160 54
163 5
734 6
436 8
286 7
90 10
177 10
499 9
608 8
834 5
411 370
71 9
57 2
730 6
389 9
861 8
42 2
98 10
867 5
5 8
174 440
152 3
170 10
186 10
269 1
287 2
327 1
161 4
355 5
735 2
894 559
390 8
685 8
203 4
348 9
782 9
770 9
413 3
871 5
572 3
251 252
799 9
192 9
565 5
770 5
358 10
800 7
547 4
749 5
500 9
100 725
323 9
513 1
26 9
430 7
766 1
535 7
392 4
126 4
586 6
886 664
91 7
247 1
820 7
389 4
469 5
2 8
744 7
670 1
571 3
463 65
803 5
527 5
723 8
923 2
299 6
924 10
607 9
62 5
187 7
821 704
749 2
350 1
548 8
764 4
919 1
126 5
676 1
389 2
267 7
494 821
12 4
286 7
915 1
686 3
569 9
205 7
454 9
866 5
409 1
124 618
483 8
48 1
856 2
242 5
103 6
230 1
272 8
252 9
643 3
369 19
77 1
510 8
479 9
628 10
44 6
447 2
490 1
262 6
416 5
622 267
9 9
648 2
790 7
228 4
271 7
29 5
99 9
854 3
92 8
845 737
633 3
208 6
298 7
933 5
670 1
118 3
147 1
686 2
562 8
724 452
849 2
233 10
694 10
11 2
221 5
108 5
264 8
19 3
330 3
668 934
657 4
631 7
492 6
874 9
458 1
151 6
831 6
813 6
628 10
131 615
282 6
692 5
812 7
447 6
256 7
826 8
691 7
428 10
286 9
535 556
177 1
712 4
119 4
688 4
805 9
130 8
31 4
206 1
728 4
263 244
709 9
86 4
500 1
525 2
774 6
809 4
792 10
496 7
263 10
821 169
30 7
620 1
869 10
713 3
898 6
77 1
880 4
563 7
224 3
347 461
340 4
486 2
599 10
297 4
191 10
512 3
323 2
435 5
219 6
606 701
207 10
176 5
597 8
304 6
345 1
83 7
478 7
868 10
342 9
558 817
251 5
740 1
847 6
880 8
41 9
280 1
128 9
647 4
548 3
247 348
157 9
40 9
805 6
500 3
319 4
83 4
246 8
654 9
884 8
373 17
121 7
46 3
92 3
41 2
403 4
739 5
724 9
847 7
932 3
648 706
908 8
293 10
840 1
110 1
18 10
921 4
302 6
726 4
786 7
613 595
118 3
331 7
352 6
749 1
43 6
16 4
543 2
483 3
462 10
760 183
289 3
450 7
905 8
87 5
840 2
318 1
652 9
801 4
284 9
439 258
728 1
885 7
606 2
80 3
29 6
263 7
511 3
268 1
582 2
883 853
31 2
914 4
145 2
837 6
36 1
59 9
223 2
100 6
582 3
577 271
