731 1000
1 2
2 3
1 4
3 5
2 6
1 7
7 8
5 9
3 10
4 11
5 12
2 13
5 14
1 15
2 16
15 17
8 18
11 19
15 20
6 21
1 22
8 23
18 24
11 25
15 26
24 27
2 28
10 29
29 30
28 31
30 32
22 33
13 34
26 35
27 36
28 37
5 38
9 39
6 40
32 41
25 42
3 43
39 44
24 45
28 46
17 47
29 48
20 49
28 50
33 51
30 52
28 53
32 54
27 55
2 56
13 57
31 58
12 59
29 60
59 61
49 62
33 63
29 64
55 65
5 66
1 67
33 68
8 69
63 70
16 71
53 72
30 73
58 74
4 75
57 76
19 77
56 78
56 79
70 80
13 81
81 82
41 83
19 84
7 85
53 86
26 87
78 88
67 89
23 90
83 91
42 92
21 93
15 94
8 95
94 96
17 97
94 98
21 99
29 100
2 101
93 102
99 103
82 104
57 105
16 106
78 107
79 108
48 109
25 110
99 111
105 112
8 113
32 114
72 115
99 116
101 117
12 118
104 119
34 120
59 121
88 122
26 123
81 124
50 125
67 126
11 127
73 128
7 129
125 130
42 131
105 132
47 133
107 134
56 135
34 136
107 137
112 138
1 139
130 140
4 141
96 142
91 143
55 144
97 145
34 146
70 147
29 148
41 149
51 150
110 151
139 152
135 153
38 154
123 155
101 156
126 157
139 158
83 159
77 160
126 161
95 162
118 163
38 164
14 165
23 166
87 167
102 168
4 169
72 170
152 171
27 172
115 173
20 174
54 175
174 176
61 177
35 178
151 179
174 180
20 181
32 182
121 183
19 184
36 185
3 186
131 187
82 188
139 189
135 190
112 191
61 192
77 193
95 194
177 195
110 196
137 197
172 198
94 199
195 200
6 201
160 202
17 203
137 204
123 205
117 206
42 207
165 208
186 209
48 210
210 211
55 212
6 213
125 214
25 215
14 216
120 217
79 218
46 219
10 220
57 221
217 222
137 223
108 224
50 225
136 226
149 227
172 228
27 229
156 230
60 231
74 232
18 233
72 234
126 235
159 236
89 237
65 238
74 239
67 240
195 241
21 242
62 243
164 244
103 245
57 246
55 247
139 248
24 249
117 250
26 251
24 252
20 253
182 254
109 255
59 256
10 257
86 258
29 259
2 260
164 261
153 262
129 263
202 264
87 265
177 266
181 267
101 268
148 269
231 270
225 271
75 272
33 273
162 274
91 275
67 276
73 277
226 278
205 279
38 280
107 281
251 282
74 283
10 284
205 285
109 286
244 287
33 288
151 289
29 290
25 291
169 292
193 293
139 294
6 295
134 296
240 297
93 298
27 299
70 300
225 301
10 302
46 303
224 304
24 305
127 306
106 307
86 308
1 309
255 310
18 311
101 312
5 313
139 314
187 315
94 316
206 317
91 318
258 319
39 320
226 321
188 322
105 323
268 324
93 325
214 326
45 327
100 328
155 329
96 330
194 331
264 332
89 333
36 334
231 335
322 336
131 337
325 338
179 339
279 340
26 341
13 342
11 343
165 344
221 345
132 346
43 347
226 348
205 349
337 350
349 351
171 352
110 353
52 354
22 355
267 356
3 357
191 358
37 359
300 360
199 361
299 362
210 363
228 364
92 365
165 366
278 367
83 368
279 369
11 370
164 371
214 372
123 373
299 374
368 375
263 376
233 377
64 378
307 379
325 380
156 381
297 382
221 383
88 384
345 385
63 386
135 387
324 388
59 389
156 390
83 391
335 392
293 393
214 394
63 395
139 396
66 397
112 398
271 399
245 400
152 401
358 402
291 403
236 404
231 405
172 406
277 407
53 408
321 409
106 410
345 411
81 412
244 413
174 414
145 415
297 416
368 417
142 418
125 419
107 420
14 421
165 422
18 423
163 424
85 425
410 426
97 427
200 428
418 429
284 430
195 431
309 432
4 433
426 434
128 435
19 436
358 437
88 438
402 439
263 440
191 441
117 442
239 443
32 444
146 445
198 446
171 447
392 448
399 449
244 450
422 451
324 452
448 453
170 454
404 455
334 456
256 457
335 458
359 459
450 460
27 461
359 462
166 463
372 464
228 465
39 466
293 467
126 468
424 469
76 470
264 471
175 472
190 473
453 474
43 475
318 476
108 477
301 478
469 479
253 480
298 481
223 482
313 483
319 484
10 485
295 486
17 487
179 488
361 489
253 490
248 491
304 492
284 493
203 494
173 495
114 496
319 497
18 498
287 499
465 500
165 501
266 502
301 503
423 504
475 505
32 506
72 507
478 508
363 509
295 510
159 511
506 512
23 513
12 514
54 515
79 516
64 517
277 518
336 519
78 520
39 521
153 522
156 523
231 524
129 525
339 526
107 527
204 528
79 529
387 530
214 531
286 532
291 533
377 534
232 535
55 536
450 537
205 538
100 539
238 540
434 541
105 542
340 543
424 544
53 545
207 546
465 547
173 548
229 549
145 550
415 551
507 552
354 553
346 554
376 555
493 556
300 557
32 558
408 559
460 560
49 561
230 562
459 563
154 564
452 565
498 566
286 567
14 568
201 569
412 570
341 571
441 572
303 573
42 574
40 575
454 576
258 577
347 578
458 579
111 580
335 581
398 582
418 583
97 584
504 585
164 586
445 587
94 588
223 589
568 590
398 591
128 592
20 593
274 594
588 595
410 596
410 597
34 598
166 599
551 600
209 601
253 602
105 603
312 604
475 605
476 606
404 607
297 608
302 609
460 610
574 611
371 612
557 613
480 614
530 615
307 616
148 617
416 618
176 619
380 620
541 621
444 622
117 623
89 624
407 625
471 626
50 627
488 628
488 629
46 630
170 631
342 632
128 633
241 634
199 635
226 636
153 637
171 638
290 639
618 640
26 641
32 642
456 643
69 644
521 645
568 646
76 647
406 648
564 649
122 650
307 651
373 652
626 653
172 654
468 655
288 656
577 657
473 658
554 659
28 660
86 661
312 662
483 663
476 664
389 665
518 666
370 667
643 668
63 669
196 670
324 671
434 672
6 673
62 674
653 675
138 676
321 677
538 678
35 679
461 680
433 681
659 682
418 683
633 684
296 685
438 686
476 687
285 688
683 689
250 690
126 691
360 692
413 693
618 694
662 695
66 696
337 697
559 698
572 699
637 700
466 701
664 702
510 703
183 704
641 705
239 706
356 707
269 708
38 709
348 710
513 711
608 712
455 713
422 714
648 715
525 716
427 717
240 718
609 719
397 720
454 721
588 722
62 723
282 724
373 725
521 726
256 727
532 728
158 729
30 730
520 731
96 8
245 4
693 9
276 1
711 4
213 9
388 5
249 3
502 5
588 144
189 4
130 7
267 5
153 5
378 3
37 1
232 9
282 8
553 10
467 452
252 1
150 10
367 5
655 8
120 10
438 5
95 1
41 10
617 10
22 59
706 1
384 8
649 2
515 7
607 6
277 9
14 2
674 9
437 1
136 139
496 1
637 6
423 7
193 9
599 10
104 10
359 2
349 1
412 7
265 622
218 7
730 9
330 3
707 2
55 8
11 8
27 5
80 4
354 7
358 129
427 2
695 2
577 3
588 8
307 1
369 5
27 6
92 6
611 2
20 53
630 10
307 4
160 2
609 2
191 1
605 9
523 7
147 9
673 9
117 86
658 8
125 10
393 4
720 6
32 8
411 9
237 6
332 4
548 10
414 448
259 2
626 10
535 8
200 1
716 5
88 9
394 3
30 5
614 9
333 591
500 6
486 3
245 4
3 6
600 8
622 3
172 5
466 5
65 10
403 225
719 1
319 7
283 5
382 8
125 2
14 8
267 8
116 8
655 5
349 31
20 2
193 4
598 5
368 1
676 5
343 4
292 2
294 2
540 8
56 627
501 8
89 3
84 6
191 2
646 2
73 9
453 9
702 3
57 5
338 37
672 3
540 10
66 10
717 7
647 8
95 1
229 1
297 4
402 3
530 172
160 10
139 4
87 7
178 2
504 1
508 1
293 10
343 7
232 9
500 334
68 8
634 4
227 9
131 6
380 6
709 3
91 6
373 6
317 8
51 615
202 10
158 4
280 4
349 1
556 9
692 4
470 3
508 8
441 5
622 29
281 4
730 5
519 1
697 1
642 7
117 3
630 3
383 5
478 7
324 467
132 6
258 1
450 1
541 6
53 9
390 1
48 9
7 7
239 2
355 465
249 9
586 1
728 3
22 8
451 1
111 10
590 9
318 3
594 3
144 472
533 8
706 6
566 2
572 10
171 10
36 9
406 5
666 1
353 4
301 709
349 2
387 10
270 3
282 7
19 9
43 2
268 8
299 5
681 7
674 693
309 10
375 10
510 8
107 2
399 2
460 6
149 6
382 1
516 9
432 321
288 7
440 2
681 8
156 4
246 10
17 9
544 5
729 8
313 3
46 514
135 3
336 8
336 4
97 7
359 7
604 5
112 6
204 1
365 3
607 682
189 6
101 1
308 9
360 8
691 4
575 9
643 3
570 3
48 3
106 642
345 7
105 5
627 6
264 8
424 1
105 9
567 4
490 1
329 4
409 210
170 8
570 3
220 5
102 2
332 6
142 4
25 2
463 3
204 6
332 404
634 9
61 8
106 3
498 7
457 7
683 1
413 3
498 6
645 1
459 37
183 7
346 3
502 9
267 7
262 7
10 6
483 8
6 2
525 1
704 615
474 7
2 2
657 5
29 3
184 9
209 7
135 9
512 4
357 2
464 602
552 7
617 2
410 8
665 9
87 3
307 9
292 4
385 6
590 10
354 528
97 5
321 6
29 9
505 9
657 4
672 4
91 8
712 5
462 3
189 712
157 2
575 7
196 1
558 2
278 8
514 9
107 1
298 3
307 7
416 492
436 5
563 8
11 10
420 5
582 10
146 2
624 1
421 7
594 3
606 587
534 2
194 7
134 2
667 6
727 1
152 7
12 7
488 3
585 8
6 485
553 5
328 3
563 1
662 4
439 5
184 4
418 2
353 2
625 4
656 621
699 10
225 1
719 6
457 2
196 4
456 4
35 3
85 3
535 6
589 278
558 10
87 10
494 6
379 1
473 2
198 3
107 5
70 6
240 5
264 535
730 10
104 4
702 9
425 10
654 7
692 5
661 1
697 9
41 4
723 532
705 10
339 4
459 7
544 10
252 3
40 6
642 9
388 8
67 9
496 196
357 8
464 9
221 8
274 5
207 5
358 9
35 6
538 2
219 7
474 110
624 2
441 7
415 1
153 5
56 2
472 2
184 6
320 10
498 9
526 404
613 2
77 9
428 3
697 7
722 2
269 6
320 1
497 5
690 9
714 324
321 3
143 7
69 10
43 8
57 10
198 3
98 5
412 3
42 3
627 121
658 7
465 3
11 1
77 9
239 7
281 6
270 5
303 10
670 1
118 204
558 8
508 7
689 7
64 10
256 8
446 3
54 9
668 5
218 7
56 536
475 9
242 9
312 6
557 10
394 9
322 2
56 3
65 5
25 1
84 684
292 10
216 8
491 1
530 9
664 5
391 1
606 4
305 5
432 9
484 660
728 5
271 6
43 9
716 10
32 8
95 4
530 6
253 8
153 3
39 677
131 1
657 3
474 4
79 10
128 8
588 8
692 4
536 8
168 2
641 504
629 5
273 9
230 1
236 1
418 6
139 10
234 2
274 3
632 7
457 730
687 2
674 3
488 3
472 10
690 10
680 4
306 3
266 2
308 6
39 489
69 6
624 9
204 2
448 8
95 8
271 4
593 10
144 6
292 6
301 721
393 3
282 1
689 9
36 5
603 10
419 10
604 5
81 10
312 10
46 233
607 10
728 6
314 10
144 7
661 1
707 6
116 4
100 7
409 9
178 671
295 9
553 4
232 5
156 3
502 7
10 8
271 2
723 8
453 8
140 571
593 10
294 9
634 3
286 10
94 10
598 7
261 6
141 3
281 8
333 224
469 4
278 2
127 6
226 10
280 3
283 1
436 6
296 5
671 9
584 41
191 2
441 5
373 6
623 4
371 3
509 7
316 3
729 1
457 5
415 489
424 9
671 10
225 8
46 2
235 2
471 10
222 10
673 3
369 2
260 562
313 1
152 4
541 7
688 1
322 3
669 6
573 5
14 2
379 8
545 27
617 10
404 7
283 10
102 5
702 9
335 7
178 10
470 9
126 7
379 290
715 4
257 1
202 2
437 8
46 7
225 7
114 5
133 5
376 5
11 242
73 1
264 4
261 5
102 3
623 8
43 7
501 3
487 3
704 3
573 491
7 3
360 7
232 7
529 2
724 6
275 5
257 7
462 3
383 3
42 349
324 9
714 6
636 10
516 7
672 6
361 10
687 4
729 4
203 10
683 497
227 1
284 5
39 9
347 5
677 1
97 9
727 4
586 6
213 7
330 588
718 7
157 9
280 10
295 9
716 1
270 4
319 10
646 5
704 10
37 152
120 10
408 9
78 4
125 5
663 7
592 10
136 6
298 8
568 8
327 414
174 8
320 5
64 4
562 8
52 2
447 7
458 10
639 1
263 7
665 520
730 2
649 5
717 6
667 1
273 1
175 4
547 6
687 2
268 8
474 473
350 8
419 9
614 9
428 3
231 4
220 4
608 6
304 10
401 3
649 53
308 10
600 4
159 6
381 8
13 6
416 5
205 2
78 10
722 6
621 306
256 10
76 9
421 1
79 2
413 8
360 6
633 8
686 3
182 10
403 407
26 7
540 5
549 4
154 6
478 10
189 7
217 8
16 10
718 2
104 581
373 10
139 1
401 6
225 2
509 8
164 7
398 10
348 7
282 1
322 274
246 2
545 7
451 4
515 4
35 10
169 8
619 10
573 2
474 7
323 672
682 1
149 2
622 10
138 5
426 8
32 9
108 5
117 6
65 3
451 523
381 1
67 7
540 9
438 8
134 9
711 9
13 1
304 1
113 6
193 130
401 3
652 7
569 3
225 2
424 10
501 9
371 6
633 8
246 4
46 467
648 6
687 2
526 2
98 3
145 9
602 7
150 8
583 9
83 6
301 302
337 5
415 3
191 6
544 3
120 10
152 2
379 3
7 4
391 9
413 81
84 10
224 7
622 5
445 8
416 1
464 5
120 10
496 2
532 9
233 484
486 2
294 9
121 6
187 6
523 9
55 8
398 10
27 9
454 4
403 693
388 5
578 10
13 9
507 6
638 10
713 7
538 7
649 2
649 1
330 200
435 4
360 4
169 10
679 6
108 1
519 1
546 1
284 6
265 5
408 654
558 4
256 10
95 8
37 8
343 9
485 8
62 3
241 6
5 8
159 103
301 1
105 5
116 9
298 3
26 1
383 8
681 6
331 3
73 6
379 394
293 5
66 3
322 8
214 8
399 7
506 3
444 6
298 3
44 6
710 615
632 6
302 4
213 7
134 3
459 8
198 6
165 8
258 8
119 4
607 710
730 4
83 8
242 3
219 4
218 10
584 1
95 1
375 3
218 8
682 361
720 4
163 4
46 2
18 4
566 10
601 1
40 8
316 3
657 7
36 491
442 8
118 4
305 2
437 4
345 9
418 10
97 10
663 10
513 10
625 247
572 4
351 9
577 3
491 4
637 6
569 7
419 10
446 3
45 6
25 105
206 7
537 7
617 1
705 6
663 3
31 2
87 1
539 5
30 9
262 50
52 2
395 10
469 6
345 1
179 3
368 1
265 9
281 5
600 10
260 265
645 2
18 4
126 2
698 3
721 3
484 3
127 8
140 2
83 9
670 429
144 7
231 3
223 5
442 9
51 2
507 1
316 3
97 2
394 2
164 229
