138 1000
1 2
1 3
3 4
1 5
1 6
3 7
7 8
7 9
6 10
1 11
4 12
10 13
13 14
10 15
5 16
11 17
14 18
17 19
7 20
9 21
17 22
14 23
9 24
23 25
9 26
20 27
25 28
6 29
15 30
9 31
8 32
20 33
28 34
23 35
10 36
22 37
1 38
1 39
22 40
27 41
36 42
30 43
6 44
16 45
16 46
27 47
29 48
13 49
32 50
46 51
11 52
27 53
7 54
38 55
47 56
52 57
4 58
48 59
35 60
15 61
6 62
51 63
51 64
23 65
37 66
40 67
30 68
35 69
4 70
35 71
39 72
33 73
12 74
73 75
53 76
66 77
14 78
63 79
15 80
12 81
27 82
1 83
16 84
51 85
77 86
69 87
79 88
72 89
87 90
19 91
21 92
2 93
29 94
77 95
46 96
10 97
55 98
93 99
96 100
13 101
31 102
24 103
58 104
53 105
22 106
69 107
41 108
73 109
22 110
56 111
94 112
112 113
70 114
41 115
49 116
18 117
51 118
16 119
70 120
36 121
21 122
13 123
93 124
92 125
45 126
27 127
49 128
98 129
120 130
32 131
55 132
76 133
30 134
115 135
112 136
59 137
77 138
94 5
99 6
8 6
118 10
64 9
10 3
40 1
35 1
57 9
92 67
7 6
61 2
45 6
42 3
134 7
26 10
1 7
24 8
78 5
27 100
22 8
94 8
74 2
48 5
74 8
51 10
39 6
136 6
32 10
87 48
102 7
61 5
10 4
116 3
122 1
63 5
90 3
30 8
50 6
108 132
32 10
72 10
117 6
46 6
133 2
40 2
85 3
41 8
34 1
80 129
100 5
104 7
117 1
105 8
60 8
102 7
32 7
79 5
31 1
99 30
64 10
122 10
58 6
50 2
85 5
135 3
18 7
109 2
70 10
100 51
123 3
114 3
88 10
75 1
37 7
98 8
100 10
14 5
26 2
46 84
125 10
71 6
111 8
84 2
112 8
13 4
37 4
14 1
135 10
9 120
68 7
18 8
50 4
79 1
129 9
129 7
41 2
44 2
66 6
7 70
53 9
39 3
61 9
62 6
43 6
112 7
116 9
32 6
20 5
137 89
134 7
13 1
49 5
59 4
5 3
90 8
31 6
30 4
128 7
64 23
21 10
88 7
73 2
31 8
29 3
8 4
5 10
28 7
84 7
105 103
84 2
36 4
91 2
78 1
51 1
104 9
65 3
1 4
28 3
48 61
74 4
48 4
47 1
55 5
31 10
87 7
64 9
115 2
112 8
116 107
49 6
44 4
39 5
90 8
37 9
119 4
26 5
36 9
38 2
127 111
21 7
135 6
27 6
62 7
28 4
35 4
102 4
84 9
136 6
20 104
37 4
130 10
108 10
24 9
6 7
86 9
56 6
119 6
19 1
121 71
118 8
6 3
31 10
60 3
112 2
91 10
44 9
134 9
128 10
7 105
66 2
14 9
73 8
21 6
47 8
43 6
43 2
40 9
55 7
85 52
70 1
21 6
81 3
111 4
66 1
16 9
75 7
19 5
65 2
4 127
91 6
21 5
50 2
81 6
98 8
35 1
96 2
117 4
42 3
131 113
22 4
115 10
100 3
93 4
19 2
86 2
101 4
46 1
35 6
134 95
27 3
113 7
77 10
48 2
136 10
105 2
73 3
100 2
99 6
79 96
56 8
44 3
117 6
63 5
90 10
25 5
3 2
10 9
85 5
52 89
102 9
50 6
96 2
125 6
23 4
66 10
51 2
100 1
16 8
126 47
31 6
66 7
18 5
55 9
16 8
68 10
11 9
80 4
50 1
104 30
41 2
95 8
76 8
90 10
74 6
90 1
110 3
23 4
130 7
131 108
78 10
106 10
105 8
101 4
93 2
27 3
136 4
23 6
87 6
125 78
126 7
32 4
113 6
75 7
94 4
16 1
109 2
71 5
58 9
25 91
113 6
96 2
107 6
62 1
59 3
39 9
72 8
110 1
75 3
136 115
116 8
129 7
20 10
1 5
126 6
118 3
90 5
58 6
45 2
80 50
83 3
50 9
103 5
82 3
28 10
96 2
113 2
39 2
110 9
108 20
56 3
9 3
44 9
22 4
96 9
26 6
121 10
70 3
48 2
65 43
35 2
110 4
2 3
87 9
29 9
95 1
130 2
18 10
124 5
35 81
105 6
70 1
103 1
47 2
113 6
87 1
73 3
87 1
26 9
111 38
36 8
23 2
31 2
127 5
131 7
115 3
101 10
2 5
113 8
78 93
24 8
45 8
52 9
94 8
55 7
112 2
129 7
110 8
53 7
47 28
11 7
37 10
58 6
71 7
60 7
124 10
50 9
107 3
14 4
134 55
7 8
20 4
114 10
84 6
22 4
91 4
24 10
123 4
131 9
20 58
121 2
1 6
120 7
102 9
118 6
65 3
115 6
19 10
111 10
48 26
54 3
54 2
82 10
89 2
22 5
90 6
127 5
42 2
36 3
27 115
23 2
46 1
52 2
12 1
129 2
66 6
50 3
65 7
43 10
62 90
137 9
93 5
27 10
73 1
90 1
101 9
47 10
97 5
71 4
116 30
85 8
82 1
86 9
56 6
28 10
122 9
91 6
116 6
28 3
138 11
8 9
75 6
101 2
47 9
131 6
122 4
128 3
50 4
3 4
13 109
99 10
28 10
136 8
99 1
40 3
125 5
78 2
81 8
58 10
27 125
84 2
129 10
133 3
101 8
135 5
31 9
8 2
129 10
92 1
15 48
133 5
29 7
57 8
123 4
54 3
126 6
38 9
20 4
38 5
18 69
60 8
65 9
30 3
90 3
29 8
6 3
87 6
64 3
77 2
29 24
5 9
77 2
110 10
69 6
10 8
1 8
5 8
126 8
62 2
105 103
61 9
18 9
58 1
104 1
72 8
76 1
2 6
29 5
106 6
105 38
97 2
55 2
6 3
56 2
111 6
33 1
133 8
3 3
92 5
56 75
109 6
88 8
108 10
111 4
95 7
78 9
118 5
19 2
44 10
35 50
43 3
7 8
66 8
125 4
25 9
129 8
101 3
23 6
55 4
85 104
133 5
95 10
131 6
97 7
14 1
72 10
137 3
25 4
12 1
47 89
112 1
43 9
57 1
138 10
73 1
41 3
100 1
62 1
92 5
106 66
87 2
54 5
43 1
13 7
106 3
94 6
11 3
91 7
100 5
18 43
74 8
34 8
122 4
110 5
20 2
5 9
38 5
136 1
110 10
74 72
38 1
56 9
113 7
5 3
95 6
68 3
65 10
31 6
97 5
65 69
114 4
126 3
1 5
119 1
118 8
58 10
47 4
122 7
62 6
93 129
43 1
60 6
115 2
138 2
131 4
40 9
122 3
37 7
15 5
110 69
93 6
68 9
89 9
78 10
90 10
78 10
96 3
115 1
50 1
127 62
10 9
93 10
37 2
94 7
93 10
86 6
69 8
122 5
86 2
85 25
35 7
46 9
83 5
105 7
8 1
67 4
84 10
10 6
28 7
69 117
34 9
135 4
33 10
134 1
36 10
10 3
15 4
133 5
109 5
17 100
84 5
137 5
37 3
78 4
96 2
66 9
10 7
26 1
129 2
129 27
20 8
80 9
9 7
41 4
137 9
78 4
95 8
97 1
3 8
108 124
62 6
100 7
28 7
23 1
125 9
52 10
60 6
112 6
89 5
126 52
49 7
45 3
20 2
24 4
84 3
100 10
114 10
137 6
16 7
28 107
30 5
51 1
58 2
37 10
49 7
35 9
108 7
7 7
84 2
33 129
23 7
8 2
28 9
81 10
115 4
77 2
6 4
114 8
88 9
31 21
39 3
47 7
90 6
121 4
64 2
125 4
84 9
112 4
79 4
137 133
130 2
18 2
132 9
83 7
76 9
93 6
118 3
13 2
40 2
82 27
55 2
133 4
7 9
109 2
115 6
47 2
19 10
33 7
86 4
66 14
43 2
130 3
112 6
136 3
71 2
113 6
103 9
51 9
92 3
138 118
13 10
13 2
15 10
113 3
32 6
74 9
5 7
115 9
49 8
79 131
91 5
132 2
15 10
98 8
109 8
126 5
45 6
73 1
71 9
64 18
59 7
80 1
53 10
15 10
62 7
19 7
58 7
103 3
41 9
102 47
30 4
48 1
30 3
71 6
17 9
77 4
27 1
6 4
125 5
39 48
90 10
13 9
118 10
14 4
44 3
24 2
19 8
110 6
43 3
40 67
87 10
28 5
110 10
68 6
10 1
130 3
124 6
88 6
92 7
127 83
133 10
107 3
120 2
14 7
108 10
111 10
72 7
117 1
136 5
33 103
57 10
40 5
3 5
31 2
116 4
115 2
118 10
80 8
108 3
19 22
131 6
107 10
99 6
105 5
90 10
15 6
135 2
109 1
39 6
59 79
125 6
50 7
104 4
44 10
22 10
73 6
82 7
73 5
99 4
72 64
82 8
63 2
19 2
86 7
53 8
98 3
42 8
134 8
80 3
47 50
61 9
39 1
49 3
64 5
128 2
102 1
5 9
26 5
49 9
52 124
44 1
78 8
43 2
35 3
42 4
126 7
113 8
7 3
68 9
12 93
17 1
5 9
76 5
21 7
74 9
2 9
82 9
122 6
36 7
113 33
128 7
49 4
33 5
74 7
82 1
33 4
136 10
52 3
16 8
81 23
74 8
48 8
103 1
131 3
105 9
131 1
12 3
4 8
82 2
45 128
129 7
43 8
51 1
84 10
40 7
100 8
88 8
108 8
29 9
105 41
98 7
22 4
42 10
91 4
119 2
32 8
17 5
22 4
128 5
68 20
115 4
51 7
49 5
132 8
6 9
35 1
115 6
129 10
87 1
67 123
97 9
103 4
70 10
28 8
102 2
68 6
55 4
74 1
135 3
121 31
13 3
74 3
4 5
109 1
128 9
39 3
60 5
89 5
52 10
44 60
40 9
107 6
91 8
108 7
20 1
124 8
47 5
69 10
67 5
101 125
117 5
77 3
96 6
77 9
127 7
37 10
105 3
115 10
97 2
53 109
28 5
47 3
107 10
119 9
91 5
47 5
124 8
118 10
44 6
7 64
