253 1000
1 2
1 3
1 4
2 5
3 6
4 7
4 8
1 9
1 10
4 11
9 12
6 13
12 14
13 15
14 16
13 17
5 18
11 19
14 20
20 21
10 22
22 23
18 24
1 25
23 26
1 27
11 28
26 29
5 30
26 31
29 32
10 33
27 34
34 35
14 36
19 37
7 38
38 39
38 40
26 41
35 42
40 43
42 44
28 45
34 46
2 47
26 48
7 49
31 50
26 51
34 52
22 53
52 54
43 55
32 56
20 57
51 58
38 59
30 60
58 61
27 62
1 63
9 64
20 65
26 66
21 67
13 68
24 69
35 70
32 71
35 72
25 73
20 74
42 75
15 76
68 77
29 78
28 79
45 80
57 81
68 82
24 83
61 84
82 85
16 86
54 87
70 88
42 89
42 90
84 91
58 92
50 93
86 94
8 95
85 96
63 97
43 98
62 99
59 100
36 101
71 102
38 103
49 104
64 105
19 106
75 107
39 108
89 109
30 110
81 111
76 112
50 113
47 114
45 115
102 116
39 117
69 118
44 119
2 120
89 121
59 122
70 123
24 124
13 125
38 126
21 127
23 128
7 129
40 130
66 131
106 132
106 133
116 134
37 135
8 136
67 137
79 138
126 139
121 140
57 141
103 142
133 143
126 144
38 145
47 146
3 147
75 148
105 149
6 150
33 151
10 152
113 153
152 154
53 155
37 156
123 157
130 158
62 159
81 160
3 161
151 162
149 163
13 164
64 165
7 166
32 167
113 168
57 169
54 170
34 171
73 172
19 173
4 174
32 175
115 176
62 177
74 178
21 179
159 180
148 181
144 182
42 183
126 184
90 185
116 186
181 187
33 188
179 189
150 190
114 191
26 192
57 193
135 194
10 195
76 196
59 197
126 198
25 199
167 200
157 201
64 202
186 203
44 204
88 205
90 206
172 207
82 208
104 209
71 210
89 211
144 212
131 213
196 214
8 215
161 216
80 217
16 218
61 219
191 220
31 221
15 222
76 223
88 224
155 225
55 226
142 227
71 228
117 229
106 230
186 231
204 232
219 233
213 234
205 235
205 236
197 237
109 238
13 239
149 240
161 241
95 242
65 243
108 244
54 245
133 246
203 247
131 248
117 249
110 250
38 251
156 252
234 253
70 1
246 9
64 8
180 6
127 1
9 4
146 7
4 5
163 3
132 127
251 3
219 8
96 8
197 1
201 6
232 5
186 5
169 1
204 2
62 35
251 5
116 2
182 1
125 6
113 7
200 9
56 1
229 8
214 10
119 139
139 2
113 10
62 2
174 4
201 9
22 1
11 1
97 2
102 7
54 55
207 8
138 7
178 2
252 3
232 4
125 4
191 7
125 5
172 6
18 153
32 9
45 2
120 8
224 9
229 9
178 8
208 4
46 2
68 6
133 38
119 1
27 1
177 5
58 2
84 1
110 4
47 1
103 1
54 9
165 222
154 1
21 5
97 2
118 7
231 9
204 10
125 1
164 7
41 2
206 95
160 7
112 3
119 9
8 6
15 4
70 6
158 2
29 8
174 2
62 187
116 5
33 4
69 6
207 4
146 10
77 4
146 2
225 10
131 8
112 143
230 8
198 8
142 10
85 6
9 2
87 2
96 2
100 9
198 3
48 90
99 4
90 6
52 2
131 3
83 7
75 5
236 9
232 8
117 1
80 134
188 9
101 4
61 7
64 10
208 2
136 3
87 8
206 6
218 9
60 89
242 8
90 10
4 5
13 6
130 10
55 4
187 7
96 7
229 5
138 140
115 2
138 5
35 5
234 9
95 2
26 1
171 10
71 4
87 2
95 229
226 9
208 4
243 6
18 10
201 3
84 7
190 9
142 1
146 7
233 184
78 8
88 9
70 7
163 9
198 5
215 5
85 8
196 7
252 8
221 228
194 7
149 8
56 10
182 4
60 8
3 3
104 3
219 7
142 4
226 134
205 7
52 10
215 5
81 5
126 8
28 6
150 2
68 7
225 4
151 93
83 5
101 10
194 10
6 2
73 6
91 8
217 8
225 2
121 8
237 10
5 8
83 9
69 5
12 2
40 4
144 8
121 8
152 2
181 4
97 206
214 4
20 8
110 5
106 6
24 8
104 4
30 5
132 9
46 8
9 120
147 9
249 3
87 2
240 10
22 10
132 10
52 7
30 1
174 5
135 147
107 9
113 4
216 8
36 8
95 5
137 4
207 9
88 1
170 8
104 224
65 10
253 5
74 2
181 5
92 7
186 2
134 1
67 6
199 10
84 162
14 6
194 4
164 10
53 5
218 6
98 1
61 6
223 6
79 1
17 162
114 3
11 5
119 10
77 5
64 5
166 5
101 10
209 4
89 4
170 72
220 9
205 1
240 6
5 4
54 10
229 10
180 8
188 2
173 4
38 174
140 8
194 8
66 1
44 4
214 5
202 2
58 9
165 2
180 6
10 176
228 1
36 2
173 6
14 1
161 6
201 10
16 9
233 7
107 8
170 92
251 6
211 5
171 7
32 3
114 5
223 1
192 7
11 9
20 9
19 232
18 7
134 5
242 5
66 3
116 8
21 1
134 10
52 8
63 9
68 55
9 5
71 9
49 8
47 7
101 7
78 1
36 10
81 1
58 10
244 86
180 1
80 3
66 4
193 4
10 5
28 8
166 5
3 9
43 8
177 186
144 8
159 9
19 8
162 5
140 2
78 10
229 10
244 1
187 4
42 172
195 2
131 5
162 4
106 5
233 6
246 8
153 8
210 8
1 10
97 34
112 5
195 1
155 10
238 10
217 8
25 8
241 6
169 4
168 2
50 206
125 8
166 2
84 8
107 9
157 6
221 6
111 3
35 5
242 7
164 236
228 6
60 2
38 9
67 1
181 5
169 8
95 8
187 1
198 10
172 180
107 1
78 9
25 1
74 5
91 5
33 4
51 1
43 9
63 2
173 44
6 7
214 3
207 10
215 4
78 10
216 4
107 7
24 7
215 8
66 12
225 2
242 3
67 6
197 9
159 9
86 8
74 5
236 6
111 3
191 215
22 9
151 4
216 1
60 7
181 9
121 7
61 7
184 8
183 3
230 238
68 5
125 7
28 5
28 7
63 5
205 7
221 3
217 9
203 1
188 237
76 4
231 4
40 6
156 3
74 10
65 6
169 3
135 7
121 6
6 32
233 6
251 5
84 8
118 5
123 6
69 5
206 7
140 10
239 2
76 14
196 7
154 2
126 10
161 1
245 9
56 9
196 1
117 9
132 1
77 200
39 5
168 7
199 7
194 8
66 10
134 4
8 5
200 8
32 4
17 197
179 1
206 8
210 3
102 7
94 4
79 2
47 9
157 6
248 2
77 28
43 10
54 8
93 7
25 8
173 9
111 10
145 4
124 3
211 4
205 211
235 2
233 4
209 6
128 6
52 2
209 2
115 4
240 10
136 6
242 222
85 5
244 1
36 8
163 8
214 5
196 3
209 6
34 4
6 9
65 141
178 6
154 7
19 4
153 6
180 4
92 5
213 8
22 6
110 3
201 114
202 5
139 7
178 4
205 6
27 7
217 5
160 5
241 9
77 2
232 203
57 7
118 9
91 9
174 9
60 4
97 10
120 9
201 7
34 5
120 163
30 2
98 1
199 3
216 1
210 10
91 10
16 9
209 9
157 3
9 27
171 7
198 2
75 4
137 3
227 5
227 4
101 3
42 2
138 1
111 68
230 9
37 9
250 3
59 1
33 2
227 2
131 10
47 3
173 10
200 113
56 8
57 10
175 3
146 6
52 6
209 3
193 7
71 8
9 5
202 37
182 5
235 3
133 2
141 9
224 2
221 5
156 9
237 4
212 4
185 40
7 7
214 8
179 6
55 9
125 10
73 7
50 2
111 9
173 6
243 68
245 7
124 9
223 10
43 9
147 6
164 1
198 6
109 8
194 10
57 252
154 9
28 5
219 5
79 6
26 5
70 10
15 8
249 9
19 4
183 138
115 2
212 6
252 7
206 9
20 10
138 4
183 7
221 5
152 8
23 27
248 10
204 10
51 10
198 4
216 6
89 2
249 1
227 3
107 3
167 86
80 10
196 1
212 5
188 7
1 10
113 1
91 2
41 3
223 7
27 101
42 8
200 4
48 2
105 2
158 7
47 3
27 7
37 7
63 2
135 152
151 1
154 4
96 10
124 7
23 5
210 7
87 2
224 5
82 5
222 35
93 1
125 1
134 7
10 9
231 6
188 8
22 4
100 10
121 5
118 205
96 9
131 3
129 5
147 7
9 6
107 5
43 8
191 7
119 2
191 170
219 10
12 10
198 7
237 3
201 3
68 3
236 9
220 1
203 7
106 134
84 9
143 8
204 10
167 5
146 6
86 10
228 3
230 5
158 7
24 185
115 9
185 8
224 10
145 1
135 1
157 8
77 2
12 6
222 9
208 206
71 3
36 7
240 1
191 9
4 8
97 2
156 5
72 4
72 2
109 189
63 6
22 6
164 7
179 10
138 3
223 7
75 6
145 4
66 4
27 52
55 4
25 7
18 3
32 2
90 3
6 10
200 10
145 3
248 2
108 124
133 9
229 8
131 2
22 3
150 7
156 5
129 9
6 1
131 3
53 41
21 1
69 4
79 5
157 3
78 6
100 1
36 7
89 6
188 8
227 165
204 1
174 6
130 9
128 1
251 2
10 7
196 7
24 2
48 9
80 196
123 1
100 8
58 9
246 7
50 4
225 4
124 4
241 6
121 1
240 153
226 2
202 10
153 6
62 2
60 6
143 1
176 5
190 1
53 6
138 242
227 10
134 4
12 1
159 5
50 5
129 7
118 1
58 10
206 9
7 50
86 6
65 6
119 1
183 5
73 8
52 7
192 6
168 10
231 1
77 211
127 4
107 6
32 4
65 7
233 4
44 4
6 9
242 7
246 6
127 95
224 5
32 1
101 9
186 1
56 10
244 6
55 3
64 10
109 3
145 182
92 5
163 9
20 2
188 6
123 1
139 10
1 4
230 9
127 2
148 164
67 3
98 3
231 8
59 2
111 3
9 1
73 9
2 5
177 3
171 228
146 6
101 6
46 2
113 10
239 7
134 5
211 10
174 3
75 3
38 99
30 8
36 6
82 8
224 4
205 2
92 5
244 5
151 3
12 3
155 114
77 8
105 8
45 5
168 2
249 5
118 7
195 5
214 9
93 10
164 111
4 6
127 4
80 7
207 1
80 5
60 7
227 6
36 8
108 2
203 49
51 10
170 2
36 4
197 10
149 10
153 5
191 8
142 4
147 10
115 76
53 7
175 7
138 4
58 8
161 5
104 9
138 6
130 5
229 10
149 177
145 6
3 1
8 10
60 10
196 8
76 9
206 5
208 7
192 2
247 111
28 6
203 1
184 5
197 2
98 6
251 3
99 5
1 9
225 4
200 178
113 2
26 7
194 8
125 1
53 6
206 9
95 2
65 5
86 7
20 11
134 6
45 1
91 10
243 8
33 8
56 3
81 5
69 5
91 9
160 46
148 1
241 10
197 3
97 5
69 10
180 2
182 8
195 10
236 3
160 125
55 7
50 7
8 9
11 10
160 2
246 10
67 10
174 1
110 4
71 141
43 8
191 10
54 4
142 6
87 4
41 2
71 3
143 4
251 3
89 195
