702 1000
1 2
2 3
2 4
4 5
5 6
6 7
7 8
8 9
7 10
1 11
8 12
1 13
9 14
4 15
14 16
16 17
6 18
11 19
3 20
9 21
4 22
12 23
22 24
7 25
8 26
25 27
26 28
14 29
14 30
3 31
29 32
11 33
4 34
17 35
13 36
23 37
1 38
35 39
13 40
8 41
16 42
10 43
42 44
23 45
4 46
17 47
3 48
7 49
1 50
22 51
22 52
23 53
37 54
33 55
7 56
30 57
38 58
36 59
32 60
40 61
24 62
34 63
32 64
6 65
52 66
52 67
30 68
66 69
46 70
45 71
46 72
39 73
14 74
24 75
64 76
57 77
53 78
16 79
7 80
9 81
42 82
78 83
81 84
56 85
61 86
8 87
43 88
16 89
74 90
3 91
27 92
58 93
9 94
45 95
69 96
82 97
88 98
48 99
91 100
1 101
77 102
17 103
28 104
48 105
9 106
83 107
3 108
105 109
29 110
51 111
73 112
9 113
69 114
111 115
73 116
73 117
74 118
115 119
115 120
31 121
88 122
67 123
83 124
72 125
67 126
20 127
72 128
117 129
85 130
83 131
115 132
47 133
81 134
75 135
62 136
109 137
8 138
79 139
94 140
138 141
102 142
24 143
2 144
44 145
42 146
39 147
60 148
38 149
145 150
7 151
144 152
130 153
131 154
3 155
60 156
11 157
82 158
105 159
18 160
131 161
70 162
154 163
147 164
67 165
78 166
86 167
19 168
90 169
158 170
150 171
121 172
136 173
153 174
100 175
119 176
38 177
83 178
150 179
151 180
96 181
111 182
90 183
180 184
57 185
74 186
54 187
61 188
10 189
136 190
173 191
91 192
14 193
170 194
56 195
61 196
185 197
10 198
43 199
172 200
6 201
189 202
157 203
114 204
136 205
11 206
145 207
61 208
94 209
189 210
210 211
80 212
26 213
138 214
66 215
40 216
71 217
49 218
4 219
207 220
71 221
42 222
195 223
10 224
83 225
221 226
112 227
181 228
64 229
125 230
158 231
65 232
76 233
232 234
60 235
143 236
2 237
225 238
152 239
69 240
103 241
88 242
127 243
19 244
12 245
108 246
172 247
51 248
126 249
77 250
72 251
32 252
214 253
42 254
74 255
163 256
198 257
167 258
112 259
194 260
219 261
57 262
217 263
45 264
115 265
174 266
157 267
159 268
35 269
15 270
77 271
198 272
177 273
163 274
49 275
78 276
196 277
149 278
134 279
278 280
242 281
106 282
151 283
165 284
202 285
245 286
263 287
281 288
119 289
108 290
105 291
260 292
133 293
171 294
230 295
139 296
236 297
172 298
15 299
144 300
154 301
254 302
127 303
200 304
273 305
51 306
211 307
44 308
183 309
16 310
93 311
59 312
307 313
250 314
223 315
40 316
273 317
247 318
73 319
285 320
229 321
210 322
258 323
13 324
296 325
198 326
311 327
15 328
140 329
45 330
16 331
173 332
261 333
251 334
148 335
213 336
137 337
2 338
39 339
190 340
267 341
25 342
245 343
97 344
265 345
8 346
218 347
186 348
15 349
320 350
157 351
182 352
79 353
352 354
294 355
51 356
81 357
82 358
68 359
319 360
108 361
158 362
52 363
31 364
33 365
165 366
2 367
189 368
208 369
200 370
23 371
98 372
15 373
348 374
261 375
148 376
113 377
294 378
119 379
69 380
303 381
312 382
372 383
44 384
126 385
375 386
88 387
188 388
373 389
14 390
367 391
200 392
20 393
87 394
145 395
131 396
86 397
25 398
346 399
1 400
143 401
228 402
137 403
131 404
292 405
49 406
166 407
165 408
71 409
127 410
347 411
31 412
411 413
112 414
118 415
249 416
279 417
33 418
318 419
45 420
67 421
209 422
27 423
238 424
375 425
170 426
67 427
326 428
200 429
240 430
109 431
406 432
342 433
433 434
51 435
163 436
172 437
51 438
41 439
310 440
230 441
30 442
239 443
50 444
384 445
246 446
232 447
185 448
208 449
318 450
19 451
108 452
213 453
148 454
138 455
95 456
230 457
435 458
93 459
191 460
385 461
422 462
232 463
385 464
408 465
403 466
86 467
281 468
338 469
294 470
6 471
160 472
47 473
466 474
156 475
20 476
452 477
302 478
82 479
140 480
387 481
149 482
175 483
455 484
347 485
441 486
446 487
419 488
37 489
201 490
410 491
344 492
83 493
181 494
119 495
89 496
411 497
385 498
475 499
314 500
214 501
458 502
193 503
373 504
19 505
502 506
63 507
168 508
442 509
178 510
271 511
170 512
295 513
268 514
132 515
65 516
172 517
511 518
209 519
183 520
370 521
151 522
517 523
444 524
321 525
380 526
64 527
189 528
152 529
15 530
149 531
455 532
78 533
12 534
345 535
271 536
302 537
225 538
514 539
480 540
372 541
220 542
446 543
232 544
444 545
374 546
270 547
178 548
1 549
385 550
417 551
62 552
276 553
165 554
545 555
277 556
394 557
324 558
342 559
489 560
540 561
500 562
414 563
133 564
24 565
476 566
407 567
145 568
497 569
42 570
390 571
537 572
234 573
417 574
445 575
269 576
392 577
36 578
214 579
76 580
260 581
131 582
71 583
439 584
379 585
237 586
329 587
254 588
581 589
491 590
206 591
490 592
545 593
239 594
540 595
90 596
486 597
219 598
132 599
14 600
335 601
365 602
404 603
511 604
112 605
463 606
160 607
75 608
8 609
578 610
271 611
161 612
471 613
273 614
399 615
421 616
576 617
89 618
238 619
70 620
59 621
468 622
139 623
462 624
138 625
458 626
236 627
304 628
547 629
17 630
38 631
328 632
594 633
246 634
622 635
422 636
345 637
587 638
493 639
601 640
464 641
536 642
70 643
188 644
363 645
280 646
240 647
547 648
641 649
273 650
20 651
422 652
334 653
644 654
94 655
108 656
592 657
351 658
168 659
460 660
1 661
453 662
181 663
224 664
659 665
89 666
307 667
168 668
151 669
401 670
217 671
296 672
177 673
402 674
461 675
334 676
421 677
524 678
231 679
304 680
499 681
70 682
371 683
366 684
526 685
504 686
18 687
309 688
160 689
303 690
246 691
216 692
387 693
682 694
467 695
672 696
124 697
613 698
402 699
371 700
293 701
20 702
333 9
233 6
495 7
571 3
609 3
544 2
32 3
138 8
336 6
119 69
656 3
660 8
302 10
688 3
292 1
547 5
514 3
4 3
673 9
320 351
661 4
548 7
299 8
259 5
240 1
560 9
253 7
388 8
502 8
129 672
5 10
646 10
32 2
569 10
448 7
71 5
350 3
585 5
518 1
281 240
246 3
472 9
550 5
56 9
249 10
527 8
566 3
190 4
477 7
72 295
186 7
142 1
21 6
111 5
439 6
586 1
578 6
637 4
623 10
288 415
112 9
335 2
433 3
90 6
436 3
372 10
20 10
291 2
482 6
269 293
50 7
65 9
341 5
349 1
551 7
16 8
357 8
509 6
381 2
80 498
299 8
37 4
317 1
402 9
132 10
575 6
80 10
479 10
294 3
320 632
363 9
595 3
290 4
153 10
78 5
264 1
357 6
19 2
131 10
219 130
474 4
176 4
134 5
601 7
281 2
649 9
595 10
117 7
48 1
624 529
415 6
542 2
416 4
376 1
639 4
545 3
201 5
57 6
448 3
257 672
431 10
22 1
675 3
55 3
628 2
462 10
532 6
623 3
523 10
321 386
604 2
284 6
411 10
423 9
686 1
525 5
541 6
571 8
132 3
126 459
567 10
562 4
113 8
492 2
682 1
254 9
596 8
385 5
513 4
698 330
348 2
579 4
360 1
65 2
41 8
540 6
554 9
169 6
600 9
642 469
107 5
140 3
367 1
253 3
402 10
309 1
128 10
194 1
2 3
127 31
569 6
7 2
696 7
228 5
428 1
522 7
614 7
127 1
258 2
563 88
216 6
29 4
582 5
152 1
183 7
674 2
393 8
238 3
43 6
284 72
350 9
642 7
676 4
529 3
267 3
295 1
529 5
306 10
34 6
561 620
9 3
207 8
379 1
687 6
121 2
578 1
93 10
199 8
443 3
484 552
630 8
448 7
144 1
282 10
181 9
46 5
171 7
514 6
508 5
41 225
2 7
310 2
10 1
467 5
346 6
235 8
568 6
495 7
418 1
316 161
355 6
60 1
690 4
198 4
678 1
74 5
652 8
612 5
112 2
259 321
619 8
233 8
468 9
177 9
573 10
577 3
332 5
159 3
216 2
515 402
313 2
331 3
440 2
354 2
133 4
451 1
23 1
242 5
558 4
14 54
594 3
199 8
590 10
153 1
134 4
187 8
599 9
622 7
460 3
284 474
647 2
625 8
87 8
214 4
298 3
356 7
685 2
606 1
155 2
103 650
48 4
265 9
127 9
110 9
356 10
19 2
283 6
105 9
536 3
72 669
605 10
111 9
257 6
464 9
665 2
255 3
78 10
42 1
546 5
411 150
372 4
50 2
339 10
692 3
13 3
104 5
539 9
124 5
689 3
68 468
294 2
581 7
195 5
683 9
428 1
113 10
284 2
65 9
356 8
351 680
157 10
18 1
53 7
98 3
313 9
555 10
208 9
188 2
614 6
146 52
24 10
531 6
316 1
273 6
341 4
127 9
35 5
465 9
695 2
30 446
583 9
102 4
552 10
459 2
694 7
269 9
517 3
582 4
229 9
46 438
480 9
230 9
152 1
511 4
384 3
291 7
221 1
349 8
55 9
408 422
569 5
693 9
365 3
655 4
209 5
555 6
590 9
112 1
96 7
555 648
424 5
539 2
38 2
331 8
318 2
283 2
127 2
243 1
530 1
223 589
320 4
23 2
347 10
658 1
349 9
566 6
500 7
182 10
682 1
539 260
363 1
668 5
696 1
500 7
285 8
149 2
154 5
18 1
221 6
364 559
238 1
188 2
52 7
174 1
570 5
201 10
106 7
460 2
472 6
158 663
446 9
19 2
31 3
569 1
350 2
289 5
16 10
469 4
473 2
160 310
612 4
598 10
550 9
331 6
71 1
301 3
209 6
643 3
489 4
316 451
119 2
484 8
144 10
452 6
127 3
83 9
246 9
15 1
126 10
480 559
113 6
676 9
479 1
69 7
644 7
63 1
57 5
169 3
449 8
397 451
473 5
40 4
665 5
414 4
508 7
155 8
20 1
11 4
406 1
688 246
257 9
489 8
184 7
17 4
458 5
62 8
121 10
251 7
212 4
365 177
578 6
19 4
278 3
232 2
181 7
436 2
332 10
593 9
293 3
373 163
548 5
71 6
240 6
325 5
626 3
578 7
565 4
571 6
409 10
159 317
123 8
2 3
71 4
272 5
524 5
540 5
347 8
391 1
512 7
223 217
610 2
702 8
214 9
548 3
116 6
570 8
469 3
340 9
7 4
87 690
23 10
279 7
671 8
513 6
568 9
541 2
11 8
225 5
413 6
541 273
593 1
490 1
629 9
471 7
452 8
75 9
579 8
576 7
396 5
684 475
435 10
196 10
678 5
282 2
591 8
406 2
84 10
115 8
426 4
313 511
191 1
475 9
699 9
573 5
480 5
76 2
234 7
583 8
5 10
198 317
598 9
499 7
555 10
92 2
514 3
270 8
108 9
218 6
92 8
292 494
62 4
316 3
221 1
345 2
138 5
572 1
165 6
241 5
46 8
611 649
331 7
7 7
274 4
188 6
684 7
293 7
271 6
297 8
216 8
700 282
420 3
338 6
633 3
14 2
420 8
275 9
638 4
554 9
325 10
422 25
193 9
679 6
270 5
303 9
201 8
421 1
158 2
73 8
343 4
61 81
117 8
668 8
67 4
494 1
421 6
536 2
642 5
433 7
291 1
109 93
691 10
519 10
317 5
679 2
30 6
689 5
429 6
660 10
664 2
212 267
133 4
340 7
299 4
481 4
549 9
548 1
584 10
622 10
275 5
129 273
556 4
253 6
110 10
111 10
686 2
314 8
498 6
140 8
142 5
20 115
542 3
595 5
71 5
382 8
140 8
343 9
414 1
523 2
691 4
343 34
210 10
355 6
191 4
174 2
101 4
275 4
629 4
400 4
405 7
49 413
493 7
629 6
120 3
334 9
556 4
604 8
158 8
555 1
126 2
427 246
286 8
97 9
581 6
509 5
637 5
356 3
626 9
251 7
129 4
147 681
279 2
214 8
33 6
342 7
224 10
38 2
39 8
171 3
75 10
635 46
664 8
458 4
684 4
200 8
392 2
546 7
572 1
55 9
260 1
309 75
202 2
81 10
527 9
42 6
68 5
532 2
276 2
428 3
89 8
495 254
523 9
570 9
669 10
301 6
519 7
145 8
33 5
240 3
657 7
668 701
81 1
478 1
545 1
323 8
618 10
318 8
639 7
143 7
222 7
124 399
653 9
143 3
526 9
319 6
261 2
81 9
192 10
648 3
141 5
668 499
588 3
102 10
375 3
489 8
522 10
394 2
1 7
43 7
389 7
40 321
300 8
133 4
401 5
285 3
227 5
473 4
481 9
40 6
352 4
517 488
439 2
329 8
306 10
663 5
61 3
21 10
463 5
428 3
157 3
369 52
638 10
2 5
319 3
458 7
195 6
183 8
416 2
151 2
677 9
324 195
54 3
28 3
92 2
36 2
133 1
661 9
627 7
468 4
254 6
581 262
412 3
115 7
343 7
126 4
15 6
66 5
287 1
208 10
103 1
340 604
13 3
668 9
553 2
434 3
258 7
342 8
315 8
525 8
664 8
215 562
617 10
568 6
341 1
507 1
635 4
403 9
476 8
365 9
53 3
226 220
528 2
520 1
603 7
26 1
42 8
124 5
682 9
669 9
647 1
335 500
39 3
619 10
396 5
150 7
152 5
331 7
522 8
654 8
182 1
282 177
417 8
322 9
76 2
493 4
403 10
597 4
678 4
84 6
403 5
42 492
698 6
359 9
407 4
203 8
132 2
36 1
227 4
595 10
300 4
50 418
480 7
666 8
199 9
216 2
43 1
450 7
555 2
461 5
603 1
69 10
493 4
305 8
232 1
365 8
596 10
451 8
44 5
512 8
645 2
479 164
377 8
405 4
213 5
236 8
352 1
375 6
108 5
538 9
448 3
4 522
151 8
30 4
166 2
305 6
152 2
229 7
146 7
438 5
525 8
66 240
441 8
440 7
266 3
301 6
691 1
692 7
279 8
615 10
107 4
684 363
441 4
329 3
198 2
186 6
650 4
627 4
384 10
514 8
192 4
680 643
474 5
620 10
702 8
457 2
358 3
74 3
310 5
176 4
340 3
191 21
250 6
473 10
702 2
511 3
75 2
146 3
150 4
245 6
227 3
197 231
668 4
677 10
658 10
95 7
675 4
513 5
44 8
519 3
156 9
95 534
315 3
390 4
536 10
187 5
699 5
376 9
464 7
657 5
525 1
604 357
588 7
228 7
566 10
528 6
520 2
116 8
350 1
63 2
640 9
213 694
696 9
217 2
549 10
355 3
687 3
31 9
484 6
289 3
222 6
183 346
654 4
406 7
54 5
544 8
277 2
391 8
455 3
457 3
103 9
599 141
172 6
603 2
353 10
341 7
177 5
602 3
31 10
513 2
216 7
687 86
