223 1000
1 2
2 3
1 4
3 5
4 6
5 7
3 8
4 9
6 10
9 11
5 12
2 13
10 14
13 15
12 16
8 17
4 18
15 19
2 20
12 21
4 22
9 23
7 24
4 25
16 26
2 27
15 28
18 29
23 30
7 31
13 32
19 33
3 34
24 35
9 36
18 37
35 38
15 39
20 40
35 41
7 42
4 43
14 44
19 45
43 46
30 47
13 48
16 49
33 50
48 51
40 52
34 53
46 54
7 55
52 56
43 57
24 58
6 59
59 60
44 61
13 62
15 63
24 64
53 65
50 66
47 67
18 68
15 69
13 70
17 71
42 72
70 73
57 74
17 75
33 76
1 77
7 78
43 79
74 80
68 81
42 82
3 83
51 84
67 85
72 86
82 87
69 88
25 89
30 90
33 91
20 92
22 93
4 94
33 95
82 96
47 97
27 98
25 99
76 100
54 101
101 102
24 103
83 104
30 105
46 106
6 107
31 108
24 109
89 110
103 111
83 112
39 113
1 114
68 115
59 116
60 117
45 118
2 119
77 120
30 121
55 122
113 123
107 124
90 125
3 126
53 127
42 128
115 129
12 130
129 131
102 132
102 133
6 134
102 135
95 136
130 137
81 138
109 139
104 140
82 141
129 142
50 143
72 144
127 145
5 146
62 147
5 148
63 149
16 150
29 151
105 152
59 153
147 154
106 155
24 156
152 157
2 158
47 159
11 160
31 161
53 162
52 163
142 164
73 165
96 166
104 167
97 168
3 169
94 170
31 171
50 172
77 173
84 174
67 175
100 176
78 177
41 178
78 179
27 180
7 181
48 182
73 183
43 184
61 185
6 186
124 187
135 188
13 189
68 190
158 191
127 192
70 193
56 194
53 195
34 196
183 197
50 198
120 199
110 200
187 201
129 202
193 203
101 204
90 205
83 206
12 207
15 208
91 209
168 210
32 211
44 212
72 213
41 214
102 215
210 216
118 217
55 218
49 219
86 220
84 221
22 222
128 223
78 1
134 9
165 1
212 6
213 9
78 5
68 4
53 7
71 3
52 142
25 9
31 7
4 7
154 4
156 7
82 9
24 2
16 5
143 10
38 85
176 8
71 4
152 2
130 9
122 7
65 4
70 7
114 2
149 7
208 176
162 1
70 3
158 4
214 3
43 5
223 4
195 9
72 4
167 8
92 203
65 4
156 5
163 6
183 2
26 10
184 2
150 7
100 2
100 9
79 60
120 2
175 4
207 3
99 6
3 10
215 4
118 3
83 2
221 9
76 168
55 5
55 9
100 10
149 2
91 9
15 5
72 7
148 10
207 1
72 115
102 8
131 10
200 1
45 9
97 5
33 3
215 8
173 3
52 4
211 137
187 7
173 2
165 4
164 5
184 3
212 9
219 8
62 10
54 10
174 131
32 8
17 10
4 7
5 6
178 8
159 1
32 5
188 1
152 6
197 197
175 4
77 1
176 9
44 10
17 6
39 2
73 3
103 1
185 1
10 55
194 4
28 2
175 7
175 5
158 5
76 1
161 7
56 5
195 7
174 132
87 3
150 6
36 7
112 2
101 10
147 9
105 8
195 9
28 9
218 97
114 2
199 2
20 4
70 2
101 5
82 4
77 5
155 10
82 2
103 214
135 1
207 1
191 8
151 1
22 4
2 2
46 5
98 10
191 7
210 57
25 8
149 6
92 4
71 4
114 4
87 1
95 6
57 6
96 6
214 49
81 10
27 6
40 6
128 1
88 6
45 4
164 9
34 5
81 7
63 140
46 2
67 1
20 8
88 3
213 5
69 6
87 2
213 9
112 2
197 73
139 1
117 6
122 8
110 10
130 2
189 9
1 3
55 6
190 1
63 167
15 6
134 1
2 6
144 5
9 4
137 1
97 6
193 6
187 4
12 84
99 8
152 10
216 1
46 9
124 1
179 8
41 8
64 8
91 6
26 69
83 2
163 6
73 3
37 5
66 6
193 1
165 8
53 6
96 2
3 104
66 3
146 6
102 8
16 3
223 4
20 1
119 2
185 9
104 7
208 164
213 1
55 5
15 1
91 3
142 7
103 2
28 3
153 9
120 5
19 42
66 9
96 6
195 1
204 2
106 10
41 8
211 2
144 3
208 4
67 216
109 8
14 10
222 2
137 8
104 8
130 2
121 6
142 9
34 6
136 203
128 9
209 2
175 8
123 9
33 2
126 9
128 1
53 6
120 3
145 152
209 1
31 6
131 4
6 1
223 3
37 1
185 9
92 3
212 2
119 59
57 6
155 5
150 9
7 10
37 9
162 7
163 2
27 1
96 7
20 203
49 6
72 1
41 9
24 10
8 9
101 1
25 8
139 5
95 4
2 106
184 1
145 8
112 9
90 4
61 1
199 3
1 1
120 7
38 5
170 101
181 5
148 5
91 5
143 1
189 7
137 4
29 8
162 10
158 5
172 184
176 3
20 7
199 2
128 7
42 6
192 2
51 1
113 7
176 4
102 38
169 9
206 6
221 1
97 1
94 8
20 9
92 8
37 4
38 1
150 91
51 3
108 6
136 7
205 8
186 6
217 8
201 5
143 7
57 9
119 90
92 2
17 5
174 7
214 1
144 1
130 7
54 2
53 10
1 9
186 46
10 10
5 8
206 3
40 1
136 2
67 8
70 8
174 10
103 3
17 195
154 7
191 7
223 2
64 1
144 6
140 5
117 5
61 5
109 10
158 92
137 7
46 10
203 9
129 10
113 4
112 8
149 9
128 2
99 7
119 163
46 3
177 7
104 1
175 5
77 7
109 1
86 7
201 7
81 10
131 217
25 6
112 3
69 4
88 4
29 6
218 4
41 8
12 6
115 3
120 100
30 4
77 10
55 7
132 8
219 4
27 1
57 8
206 6
121 2
103 139
173 8
172 2
125 3
104 10
202 1
203 6
202 2
208 1
83 10
171 182
148 9
87 9
181 4
203 3
109 8
192 1
203 1
117 5
96 7
129 85
215 9
207 6
81 6
169 1
163 10
37 4
108 8
14 10
178 8
31 136
92 1
159 10
152 8
141 4
42 5
51 8
65 4
102 7
209 9
184 122
101 4
128 9
50 5
80 6
169 7
39 1
51 6
124 1
141 8
204 158
129 9
33 6
73 7
91 5
137 7
100 7
210 9
111 8
54 1
90 53
79 8
68 8
25 3
146 5
39 10
220 3
39 2
45 9
61 1
25 201
187 6
42 5
130 9
44 5
187 1
108 2
213 1
47 5
135 10
136 107
57 7
163 2
4 5
199 9
216 3
78 9
97 9
150 10
198 1
193 179
206 3
114 7
177 3
168 4
124 8
110 10
96 7
80 2
88 2
166 68
48 9
160 7
108 7
151 9
13 7
100 9
84 1
12 7
222 1
84 207
53 4
91 1
80 8
150 2
5 2
23 10
12 7
172 3
140 7
199 89
49 5
208 10
105 10
147 8
31 3
103 10
130 8
97 5
218 10
181 94
66 7
195 5
31 10
67 6
58 7
69 5
175 8
30 3
174 5
194 199
120 9
125 4
104 8
5 5
2 5
137 6
162 3
82 1
108 4
187 221
1 9
14 4
17 4
112 5
135 1
152 10
143 8
168 10
196 5
142 58
70 10
169 3
155 2
146 10
187 9
216 10
83 5
45 5
76 3
161 218
110 7
177 1
103 1
116 6
161 5
203 8
44 2
148 3
139 7
150 206
58 2
69 2
214 5
169 6
148 5
203 3
195 2
51 6
148 10
162 202
130 4
130 2
25 9
173 8
116 5
102 2
49 4
214 10
167 4
17 50
44 3
183 5
36 1
195 1
29 9
186 1
144 10
168 1
15 3
129 156
188 8
169 6
30 7
123 1
111 4
171 7
98 1
123 5
91 10
18 73
20 5
111 9
136 1
37 1
8 2
208 2
79 1
122 1
36 9
150 190
31 2
80 9
125 10
212 10
178 7
184 7
27 7
85 4
142 9
176 148
115 9
126 3
98 9
85 9
130 7
146 7
126 8
138 9
180 8
55 185
42 4
66 5
209 6
47 2
80 7
79 7
206 1
96 2
71 3
115 207
216 8
85 4
143 1
197 3
184 2
38 10
222 3
185 10
144 4
117 62
116 3
18 3
47 5
42 7
184 5
209 7
127 7
128 1
50 8
220 156
220 1
37 2
176 10
79 4
141 6
138 8
79 6
85 9
61 8
217 78
17 9
210 4
218 5
123 6
11 4
210 7
193 8
192 10
197 3
115 124
203 10
145 3
35 4
47 6
63 3
190 5
111 7
74 10
143 9
92 105
178 9
84 7
121 4
59 5
57 6
201 5
101 6
113 3
129 2
89 73
81 9
148 7
194 8
89 10
111 9
19 7
114 6
74 3
4 9
40 110
104 3
121 7
142 3
208 8
65 2
79 2
74 1
222 9
128 9
136 178
7 3
172 7
214 6
64 4
111 2
130 5
147 1
145 4
193 6
83 82
86 2
178 10
179 8
126 5
188 6
85 1
164 9
169 2
216 2
45 78
129 3
34 3
181 8
217 1
207 8
11 5
31 9
70 10
208 1
25 57
212 8
194 9
158 5
155 2
78 8
203 5
124 4
219 5
155 3
165 76
76 4
58 5
20 7
61 10
85 1
58 5
199 3
190 6
145 6
46 222
102 7
141 4
195 5
129 5
212 5
188 1
36 6
100 7
70 3
81 162
126 9
140 10
38 4
173 7
118 9
64 9
163 9
39 9
151 10
101 221
91 8
13 7
147 9
67 8
175 3
139 2
47 4
118 5
6 5
43 145
162 3
166 2
136 2
93 8
60 7
73 5
107 2
114 1
6 9
126 138
150 7
16 6
38 3
93 2
2 5
59 7
128 3
135 6
19 1
123 218
161 10
145 7
20 5
199 5
30 1
94 10
19 4
147 8
144 10
89 146
62 1
173 10
39 6
72 6
205 10
144 1
181 4
113 5
51 10
40 63
161 3
44 5
202 10
82 9
89 5
46 7
178 8
173 1
31 5
167 206
181 3
154 1
207 1
14 2
109 3
209 8
40 5
7 1
171 1
42 116
18 6
76 5
31 2
165 1
155 2
62 7
215 2
197 4
87 1
202 177
77 3
207 8
77 1
198 10
127 1
87 5
154 5
27 2
83 4
188 179
183 7
168 7
94 4
65 6
184 3
194 10
106 4
129 1
174 8
28 122
210 4
157 5
214 8
36 4
68 5
174 1
76 7
11 7
175 9
62 65
54 6
64 3
27 3
137 10
51 4
163 3
211 6
20 4
66 7
116 39
204 3
67 6
124 1
110 3
100 8
114 5
215 10
85 9
118 4
159 99
7 7
187 8
37 3
201 4
111 2
42 4
131 3
59 3
207 8
90 222
152 10
122 9
152 3
11 8
151 5
223 1
126 6
142 8
137 7
122 189
13 7
75 10
131 8
219 6
29 10
110 4
118 4
77 1
196 8
167 86
130 1
223 8
154 8
193 9
35 8
219 8
42 9
135 5
211 4
47 134
