827 1000
1 2
1 3
3 4
1 5
3 6
2 7
2 8
1 9
9 10
9 11
4 12
4 13
8 14
11 15
3 16
6 17
14 18
7 19
10 20
1 21
10 22
21 23
2 24
10 25
25 26
18 27
2 28
18 29
25 30
14 31
3 32
24 33
6 34
29 35
28 36
36 37
31 38
27 39
15 40
5 41
27 42
21 43
32 44
32 45
41 46
21 47
46 48
11 49
26 50
27 51
35 52
20 53
27 54
25 55
18 56
13 57
36 58
43 59
48 60
31 61
53 62
32 63
61 64
26 65
33 66
17 67
32 68
3 69
38 70
30 71
5 72
26 73
33 74
42 75
66 76
18 77
32 78
69 79
10 80
23 81
28 82
76 83
36 84
28 85
19 86
44 87
79 88
57 89
67 90
42 91
13 92
69 93
54 94
23 95
80 96
14 97
83 98
29 99
94 100
98 101
86 102
35 103
21 104
13 105
13 106
104 107
28 108
81 109
46 110
27 111
95 112
108 113
25 114
111 115
99 116
80 117
63 118
73 119
114 120
68 121
41 122
94 123
105 124
99 125
125 126
89 127
71 128
128 129
84 130
82 131
36 132
88 133
80 134
58 135
75 136
118 137
45 138
48 139
111 140
79 141
108 142
22 143
33 144
97 145
119 146
76 147
90 148
89 149
21 150
136 151
3 152
27 153
142 154
104 155
76 156
71 157
153 158
32 159
15 160
10 161
9 162
34 163
18 164
87 165
81 166
41 167
98 168
76 169
98 170
141 171
100 172
28 173
73 174
45 175
126 176
5 177
5 178
64 179
9 180
53 181
167 182
119 183
58 184
99 185
51 186
65 187
39 188
76 189
71 190
86 191
21 192
94 193
94 194
74 195
69 196
25 197
73 198
89 199
103 200
118 201
66 202
25 203
11 204
136 205
7 206
96 207
160 208
110 209
123 210
209 211
144 212
62 213
105 214
55 215
74 216
48 217
179 218
36 219
19 220
176 221
122 222
179 223
132 224
183 225
131 226
100 227
63 228
9 229
137 230
58 231
30 232
115 233
231 234
179 235
150 236
129 237
105 238
162 239
35 240
221 241
85 242
99 243
211 244
156 245
99 246
237 247
151 248
173 249
105 250
87 251
112 252
227 253
240 254
53 255
77 256
43 257
20 258
14 259
101 260
22 261
38 262
224 263
245 264
198 265
137 266
49 267
126 268
65 269
163 270
53 271
112 272
167 273
144 274
161 275
169 276
264 277
263 278
195 279
61 280
199 281
156 282
21 283
194 284
197 285
21 286
93 287
22 288
48 289
3 290
198 291
272 292
34 293
260 294
20 295
171 296
55 297
31 298
112 299
181 300
263 301
188 302
245 303
298 304
33 305
9 306
108 307
180 308
37 309
250 310
126 311
112 312
200 313
179 314
226 315
200 316
253 317
157 318
295 319
157 320
200 321
230 322
23 323
144 324
132 325
97 326
203 327
122 328
198 329
30 330
10 331
50 332
10 333
129 334
195 335
214 336
283 337
294 338
333 339
114 340
325 341
124 342
21 343
48 344
167 345
336 346
258 347
315 348
128 349
327 350
257 351
123 352
234 353
252 354
68 355
105 356
286 357
310 358
308 359
60 360
250 361
85 362
353 363
230 364
25 365
287 366
238 367
16 368
362 369
253 370
177 371
248 372
265 373
228 374
87 375
148 376
113 377
244 378
352 379
140 380
257 381
324 382
160 383
9 384
196 385
145 386
147 387
279 388
243 389
177 390
153 391
282 392
250 393
228 394
38 395
210 396
388 397
14 398
190 399
381 400
177 401
68 402
200 403
197 404
27 405
324 406
299 407
212 408
272 409
122 410
276 411
296 412
233 413
338 414
127 415
59 416
259 417
80 418
84 419
149 420
199 421
25 422
131 423
185 424
208 425
276 426
334 427
193 428
94 429
256 430
372 431
235 432
90 433
359 434
244 435
230 436
89 437
394 438
40 439
200 440
2 441
106 442
89 443
102 444
442 445
101 446
256 447
182 448
348 449
430 450
272 451
375 452
408 453
62 454
263 455
291 456
309 457
439 458
449 459
438 460
366 461
257 462
443 463
423 464
145 465
322 466
15 467
329 468
68 469
194 470
396 471
85 472
16 473
443 474
382 475
332 476
232 477
358 478
30 479
140 480
159 481
9 482
273 483
254 484
140 485
262 486
201 487
205 488
104 489
478 490
172 491
467 492
359 493
113 494
491 495
194 496
29 497
408 498
6 499
454 500
311 501
488 502
207 503
302 504
277 505
425 506
314 507
168 508
365 509
221 510
168 511
349 512
502 513
77 514
24 515
205 516
437 517
27 518
167 519
198 520
376 521
279 522
18 523
516 524
149 525
116 526
479 527
380 528
163 529
496 530
163 531
182 532
15 533
263 534
374 535
296 536
330 537
314 538
352 539
407 540
468 541
375 542
89 543
213 544
161 545
126 546
459 547
238 548
45 549
489 550
352 551
516 552
131 553
65 554
461 555
499 556
185 557
505 558
325 559
484 560
276 561
547 562
125 563
312 564
325 565
200 566
113 567
304 568
224 569
511 570
264 571
111 572
255 573
517 574
448 575
290 576
169 577
126 578
460 579
402 580
519 581
405 582
557 583
381 584
302 585
339 586
181 587
566 588
496 589
213 590
536 591
510 592
529 593
379 594
335 595
195 596
382 597
416 598
508 599
306 600
10 601
342 602
195 603
373 604
287 605
202 606
247 607
286 608
214 609
601 610
345 611
321 612
571 613
592 614
301 615
210 616
158 617
127 618
339 619
226 620
411 621
256 622
267 623
36 624
435 625
213 626
169 627
360 628
546 629
25 630
342 631
7 632
108 633
259 634
142 635
110 636
290 637
390 638
65 639
288 640
520 641
78 642
531 643
430 644
100 645
628 646
553 647
182 648
97 649
394 650
616 651
326 652
614 653
507 654
101 655
430 656
197 657
633 658
614 659
222 660
187 661
423 662
124 663
319 664
265 665
121 666
501 667
408 668
103 669
635 670
43 671
380 672
44 673
493 674
622 675
95 676
518 677
437 678
108 679
453 680
118 681
471 682
136 683
38 684
434 685
487 686
661 687
272 688
146 689
214 690
586 691
397 692
413 693
144 694
449 695
523 696
498 697
616 698
115 699
678 700
219 701
458 702
630 703
147 704
297 705
371 706
438 707
133 708
346 709
239 710
277 711
443 712
630 713
161 714
31 715
388 716
99 717
42 718
18 719
358 720
83 721
295 722
253 723
497 724
481 725
61 726
130 727
650 728
389 729
244 730
144 731
704 732
437 733
61 734
469 735
38 736
552 737
564 738
92 739
524 740
8 741
57 742
81 743
599 744
691 745
612 746
127 747
248 748
402 749
281 750
424 751
596 752
21 753
561 754
741 755
274 756
739 757
619 758
374 759
276 760
203 761
498 762
41 763
56 764
478 765
185 766
665 767
668 768
258 769
57 770
70 771
525 772
156 773
147 774
20 775
567 776
375 777
496 778
68 779
390 780
406 781
542 782
534 783
76 784
680 785
53 786
263 787
91 788
561 789
247 790
232 791
359 792
754 793
470 794
95 795
53 796
534 797
499 798
435 799
531 800
612 801
374 802
597 803
233 804
684 805
172 806
585 807
70 808
664 809
93 810
363 811
197 812
75 813
157 814
813 815
775 816
30 817
202 818
256 819
550 820
603 821
89 822
465 823
265 824
193 825
15 826
167 827
403 5
1 8
715 3
477 7
132 5
413 2
98 2
406 9
376 10
315 136
426 2
705 9
518 10
299 3
553 10
161 9
602 9
401 3
30 6
748 483
43 2
240 8
587 8
414 9
115 4
154 5
458 6
74 10
422 7
625 270
121 9
605 5
200 2
777 9
802 6
691 2
793 3
389 4
678 1
49 299
153 2
336 10
317 6
475 1
709 10
561 2
823 5
123 4
17 1
142 781
18 7
439 1
172 7
176 5
152 3
785 7
200 3
498 5
396 5
652 617
61 6
472 8
305 3
302 4
41 8
535 2
805 4
226 10
71 4
441 559
648 2
356 2
162 4
396 4
634 8
427 3
737 5
719 10
254 6
497 338
383 5
98 5
377 5
335 8
301 7
73 2
231 9
66 8
704 3
211 368
543 3
194 7
719 7
44 9
230 4
713 8
201 9
117 9
316 3
242 558
306 9
276 3
595 2
122 9
158 4
815 4
627 8
261 5
261 5
355 736
555 9
166 6
684 4
627 3
357 6
155 6
6 7
126 2
804 6
9 508
630 6
342 8
58 4
821 2
658 10
510 10
336 2
74 10
187 1
329 156
603 8
721 7
315 3
617 4
232 9
53 5
246 4
338 2
514 5
780 565
806 4
569 5
233 3
522 6
631 9
365 2
479 1
600 9
675 1
72 48
767 1
684 9
451 1
290 7
616 4
724 7
212 9
632 10
53 5
785 119
812 7
203 6
368 2
679 2
674 1
598 7
794 5
67 10
545 2
118 166
587 3
811 3
692 4
120 4
106 1
181 4
650 4
164 5
224 3
796 519
530 3
458 7
664 1
136 4
114 2
245 3
43 5
448 7
633 9
222 753
321 9
757 9
719 2
240 4
257 5
455 10
24 4
788 10
254 5
812 326
39 5
126 9
573 2
773 9
638 5
633 1
694 7
813 8
493 6
274 713
61 6
212 7
688 5
177 9
362 1
416 9
130 6
490 7
338 1
388 344
20 1
437 4
285 7
727 7
187 8
459 2
702 10
553 10
289 4
77 728
785 7
413 3
452 10
696 4
62 2
367 6
330 1
283 3
238 10
568 409
345 3
265 7
364 5
702 5
813 1
257 8
16 5
414 4
379 3
538 608
297 4
442 2
365 2
825 6
320 8
284 10
591 9
267 2
666 7
620 622
40 5
28 2
647 1
46 10
669 3
387 9
254 5
103 5
540 8
451 789
87 10
641 2
621 2
212 9
705 5
57 1
237 6
377 4
736 1
452 425
304 5
78 4
733 7
552 6
141 3
551 7
470 3
147 2
44 5
202 599
15 3
276 8
271 10
744 1
197 3
323 5
827 7
755 10
25 8
304 482
580 1
86 1
312 8
815 5
191 1
698 4
527 3
641 4
201 7
207 503
553 5
347 5
387 4
625 9
255 5
520 7
552 9
553 7
458 8
10 624
181 5
356 6
39 9
393 5
248 5
402 8
479 2
243 1
411 5
27 690
243 7
756 4
598 3
777 6
107 1
81 10
309 5
371 8
762 6
104 415
335 9
37 9
490 6
82 8
706 4
10 9
218 2
103 1
228 2
307 206
538 6
239 7
336 8
484 7
312 10
691 1
721 4
820 5
334 10
252 464
152 10
76 10
328 9
696 4
327 5
109 10
761 2
187 8
321 8
711 481
238 9
527 3
539 9
571 7
75 1
457 6
243 4
502 8
564 4
528 200
109 8
99 1
547 7
789 8
327 10
256 1
427 7
600 2
252 10
257 380
209 8
219 7
821 2
704 3
396 1
650 7
141 6
211 5
113 10
707 650
734 1
699 4
669 3
368 8
738 9
177 9
57 9
236 6
51 6
403 414
381 5
187 3
562 5
31 7
16 10
344 6
632 3
754 5
417 7
643 804
568 4
55 5
177 10
174 6
160 2
80 1
45 5
31 7
362 8
487 45
98 5
360 4
275 1
585 1
184 3
295 3
83 8
72 9
127 7
271 440
469 5
311 3
138 10
225 2
598 2
89 3
350 2
694 7
801 4
160 102
746 10
186 3
458 4
410 1
139 1
145 8
161 1
243 2
169 7
733 825
676 7
383 1
772 1
761 5
268 6
344 7
616 10
170 5
607 3
657 543
685 9
30 6
652 5
93 3
425 8
140 2
79 3
420 6
462 9
470 123
11 7
124 10
326 6
715 8
569 1
462 2
587 5
526 7
593 9
535 757
437 6
278 8
576 3
51 5
136 8
529 8
481 2
156 8
305 1
36 756
342 10
102 3
89 5
637 1
295 3
406 6
796 6
758 7
373 4
612 118
826 6
30 4
469 10
178 6
335 8
379 9
147 5
82 6
240 4
814 284
267 10
680 8
766 2
448 2
23 9
460 1
706 4
816 8
166 7
721 382
743 6
453 9
91 5
311 7
326 6
162 10
21 10
761 8
709 6
574 629
656 2
378 9
215 1
799 8
718 5
167 8
424 10
85 8
685 9
171 381
468 2
37 5
672 8
638 2
643 6
455 7
421 4
321 9
271 3
270 236
165 5
112 2
469 1
405 2
397 1
478 6
316 9
278 7
447 8
614 17
603 3
628 3
794 4
54 8
805 4
211 7
281 4
3 1
672 8
752 130
325 6
540 9
332 3
822 5
775 2
190 6
604 3
734 10
580 8
493 378
197 6
825 9
789 4
104 7
460 4
260 3
39 1
515 5
36 5
726 79
94 4
536 10
380 6
409 5
79 7
278 1
630 7
506 5
579 7
596 434
624 5
596 5
53 2
674 10
638 10
627 3
612 3
293 6
160 6
509 157
755 9
613 1
255 6
524 5
117 5
20 7
637 9
290 10
426 10
578 680
763 1
61 10
724 4
780 7
504 10
7 4
152 9
323 2
413 7
485 627
717 3
821 2
486 4
825 8
516 5
637 9
576 9
95 9
185 9
445 392
334 9
400 8
226 9
779 8
97 5
759 5
147 3
201 3
300 3
673 241
94 4
733 1
507 10
79 5
446 10
162 1
799 4
335 2
450 5
307 788
625 8
244 10
695 10
602 8
753 10
643 2
686 9
400 3
457 1
413 36
30 2
662 9
568 1
563 3
657 1
733 6
375 5
197 6
54 8
20 332
754 2
745 1
344 1
304 6
608 5
566 8
401 3
113 7
386 7
5 306
609 6
750 8
811 1
548 2
802 7
271 9
392 8
758 6
398 4
111 488
333 7
240 4
818 6
495 10
826 3
739 4
678 7
551 8
689 4
444 281
256 6
760 2
403 9
89 7
184 9
769 1
722 2
135 4
445 2
96 297
317 4
291 9
608 6
586 10
494 10
314 7
431 2
436 1
554 1
605 241
746 9
58 1
230 10
441 1
49 3
57 8
423 1
621 10
344 10
405 516
651 10
382 6
568 8
798 8
20 2
221 9
291 10
113 2
293 8
172 646
439 5
33 1
423 1
17 6
289 6
244 8
213 4
53 6
697 2
760 568
472 5
626 10
370 8
98 9
244 3
526 3
162 9
811 1
619 3
453 399
796 1
396 8
355 9
164 6
817 6
285 10
248 6
595 10
759 3
190 756
65 7
224 4
713 2
781 10
92 6
571 3
420 4
419 10
683 4
202 243
68 3
649 8
809 1
816 3
400 3
812 6
83 3
501 1
781 1
604 448
4 10
773 3
622 4
686 2
677 10
189 1
606 1
64 2
524 6
554 521
125 5
140 4
351 2
595 10
143 1
521 6
815 7
815 2
730 4
817 599
87 4
566 9
670 9
655 8
292 1
357 1
684 6
496 2
311 4
806 549
116 7
222 6
382 7
489 7
646 10
36 6
697 5
220 6
771 5
519 382
670 4
264 3
457 9
102 2
827 6
142 7
301 8
686 2
476 6
113 526
495 1
643 4
248 2
29 7
722 1
323 7
804 6
439 2
398 10
622 182
257 5
209 6
227 9
151 4
591 1
370 10
362 6
512 5
722 7
5 380
302 7
522 8
121 9
426 8
128 7
557 2
223 3
709 5
147 8
59 658
301 1
761 9
597 2
661 4
344 6
117 6
775 5
149 4
307 6
780 528
28 4
73 5
383 2
234 7
524 9
814 6
143 1
497 6
736 9
285 675
671 10
140 2
94 3
28 7
816 10
268 6
254 7
72 7
49 10
126 510
795 10
392 2
9 10
85 5
758 7
363 2
693 3
825 2
30 3
133 178
575 6
260 7
797 9
275 4
93 9
108 10
78 10
601 4
438 2
184 783
759 7
513 9
720 2
649 3
652 2
525 5
388 9
656 7
529 3
589 310
802 10
651 1
625 10
256 9
487 10
467 4
602 4
538 10
786 4
818 143
295 3
614 2
96 6
670 9
658 1
90 1
728 8
273 5
287 6
382 686
709 1
581 3
774 8
713 1
203 2
355 1
805 10
452 7
726 5
824 693
276 9
681 6
199 4
427 3
427 1
14 9
305 5
134 6
679 4
14 754
44 5
164 10
544 2
186 10
99 5
763 3
557 1
583 1
765 8
554 244
