824 1000
1 2
1 3
1 4
2 5
5 6
1 7
1 8
6 9
8 10
1 11
2 12
8 13
5 14
4 15
6 16
15 17
10 18
17 19
3 20
4 21
3 22
13 23
11 24
20 25
24 26
23 27
26 28
25 29
6 30
21 31
23 32
26 33
24 34
7 35
15 36
18 37
2 38
34 39
2 40
30 41
8 42
7 43
11 44
6 45
6 46
32 47
38 48
39 49
29 50
5 51
40 52
2 53
16 54
12 55
43 56
53 57
44 58
39 59
15 60
51 61
52 62
53 63
12 64
32 65
53 66
6 67
7 68
1 69
57 70
53 71
29 72
45 73
39 74
26 75
7 76
35 77
72 78
2 79
42 80
10 81
13 82
75 83
30 84
58 85
43 86
31 87
30 88
14 89
32 90
82 91
36 92
34 93
35 94
39 95
64 96
94 97
80 98
89 99
54 100
4 101
28 102
45 103
43 104
16 105
36 106
10 107
35 108
93 109
66 110
15 111
84 112
7 113
68 114
87 115
111 116
55 117
95 118
21 119
57 120
119 121
102 122
14 123
42 124
107 125
109 126
34 127
20 128
58 129
115 130
14 131
89 132
52 133
6 134
82 135
20 136
69 137
80 138
43 139
134 140
81 141
101 142
84 143
8 144
41 145
53 146
94 147
43 148
57 149
144 150
47 151
104 152
45 153
72 154
51 155
100 156
43 157
14 158
17 159
32 160
99 161
100 162
93 163
5 164
132 165
56 166
14 167
137 168
158 169
60 170
110 171
128 172
138 173
164 174
52 175
49 176
165 177
116 178
23 179
8 180
9 181
51 182
46 183
82 184
164 185
144 186
6 187
84 188
147 189
43 190
161 191
12 192
63 193
167 194
10 195
18 196
141 197
101 198
52 199
20 200
184 201
79 202
44 203
188 204
138 205
13 206
170 207
27 208
200 209
174 210
112 211
126 212
203 213
27 214
167 215
121 216
173 217
127 218
121 219
68 220
134 221
218 222
206 223
4 224
207 225
126 226
59 227
160 228
111 229
195 230
180 231
109 232
129 233
110 234
200 235
66 236
224 237
116 238
17 239
91 240
7 241
162 242
10 243
26 244
153 245
58 246
223 247
36 248
238 249
224 250
92 251
220 252
145 253
57 254
65 255
148 256
177 257
53 258
181 259
255 260
99 261
1 262
55 263
77 264
229 265
113 266
163 267
9 268
263 269
163 270
64 271
263 272
12 273
140 274
111 275
64 276
96 277
239 278
161 279
144 280
9 281
272 282
152 283
270 284
9 285
112 286
140 287
6 288
66 289
129 290
282 291
138 292
170 293
104 294
135 295
36 296
179 297
207 298
44 299
177 300
173 301
43 302
283 303
237 304
148 305
26 306
102 307
272 308
103 309
250 310
43 311
56 312
92 313
4 314
107 315
231 316
276 317
19 318
41 319
255 320
120 321
168 322
309 323
165 324
69 325
283 326
5 327
280 328
316 329
313 330
184 331
218 332
23 333
12 334
184 335
176 336
283 337
20 338
131 339
221 340
104 341
70 342
334 343
187 344
31 345
117 346
186 347
240 348
22 349
178 350
19 351
26 352
233 353
330 354
313 355
319 356
289 357
26 358
342 359
354 360
111 361
236 362
268 363
344 364
155 365
350 366
87 367
306 368
50 369
307 370
269 371
78 372
341 373
142 374
9 375
367 376
329 377
326 378
299 379
376 380
169 381
63 382
297 383
120 384
68 385
317 386
334 387
132 388
147 389
267 390
366 391
332 392
267 393
196 394
375 395
71 396
297 397
364 398
370 399
185 400
119 401
353 402
196 403
53 404
344 405
197 406
153 407
42 408
334 409
113 410
258 411
28 412
277 413
127 414
263 415
18 416
270 417
405 418
368 419
329 420
310 421
37 422
67 423
346 424
157 425
149 426
404 427
339 428
170 429
329 430
277 431
262 432
147 433
319 434
125 435
61 436
124 437
419 438
383 439
329 440
41 441
108 442
245 443
128 444
66 445
123 446
304 447
265 448
262 449
217 450
258 451
66 452
7 453
262 454
333 455
324 456
221 457
448 458
129 459
22 460
290 461
362 462
426 463
281 464
334 465
268 466
40 467
223 468
342 469
449 470
291 471
342 472
121 473
141 474
20 475
155 476
411 477
223 478
416 479
95 480
38 481
187 482
27 483
344 484
156 485
304 486
29 487
324 488
49 489
269 490
323 491
489 492
469 493
483 494
214 495
418 496
396 497
402 498
56 499
273 500
274 501
65 502
381 503
308 504
31 505
233 506
430 507
423 508
304 509
473 510
472 511
116 512
290 513
120 514
364 515
221 516
485 517
187 518
508 519
484 520
451 521
226 522
39 523
419 524
482 525
319 526
457 527
118 528
375 529
417 530
318 531
83 532
527 533
379 534
265 535
233 536
20 537
286 538
196 539
38 540
484 541
126 542
155 543
315 544
305 545
142 546
69 547
182 548
408 549
163 550
163 551
262 552
364 553
81 554
113 555
141 556
527 557
68 558
142 559
306 560
101 561
361 562
360 563
10 564
217 565
139 566
86 567
404 568
33 569
57 570
260 571
476 572
559 573
551 574
491 575
303 576
440 577
25 578
576 579
114 580
150 581
246 582
341 583
256 584
231 585
441 586
560 587
96 588
10 589
100 590
465 591
461 592
454 593
402 594
342 595
97 596
436 597
428 598
347 599
580 600
510 601
413 602
21 603
580 604
410 605
276 606
396 607
411 608
533 609
412 610
587 611
395 612
330 613
555 614
29 615
507 616
341 617
293 618
499 619
60 620
367 621
504 622
485 623
27 624
540 625
91 626
187 627
206 628
126 629
205 630
64 631
216 632
181 633
326 634
55 635
125 636
429 637
63 638
61 639
134 640
39 641
313 642
236 643
326 644
625 645
58 646
189 647
514 648
485 649
412 650
288 651
499 652
150 653
626 654
646 655
535 656
425 657
603 658
279 659
228 660
396 661
403 662
11 663
190 664
591 665
247 666
23 667
575 668
206 669
648 670
455 671
252 672
213 673
531 674
139 675
35 676
421 677
674 678
310 679
621 680
284 681
334 682
149 683
304 684
465 685
608 686
635 687
115 688
224 689
584 690
95 691
417 692
659 693
535 694
443 695
23 696
102 697
44 698
368 699
166 700
76 701
30 702
488 703
348 704
370 705
171 706
545 707
523 708
392 709
153 710
98 711
141 712
652 713
177 714
644 715
382 716
642 717
680 718
217 719
89 720
20 721
546 722
141 723
278 724
275 725
105 726
631 727
435 728
461 729
111 730
58 731
430 732
499 733
650 734
26 735
613 736
725 737
706 738
711 739
602 740
722 741
27 742
440 743
211 744
342 745
555 746
497 747
578 748
518 749
181 750
278 751
363 752
51 753
135 754
184 755
34 756
297 757
66 758
149 759
556 760
644 761
758 762
30 763
606 764
649 765
240 766
299 767
102 768
232 769
400 770
211 771
337 772
495 773
650 774
534 775
255 776
475 777
640 778
595 779
192 780
75 781
459 782
602 783
372 784
563 785
495 786
89 787
536 788
463 789
766 790
532 791
305 792
397 793
86 794
516 795
412 796
706 797
745 798
58 799
132 800
625 801
636 802
158 803
11 804
354 805
399 806
554 807
188 808
784 809
40 810
354 811
618 812
24 813
704 814
217 815
758 816
42 817
682 818
529 819
166 820
326 821
695 822
444 823
129 824
711 6
379 6
225 2
566 8
262 1
506 1
582 7
682 1
700 9
200 156
24 6
207 6
286 10
542 2
345 2
416 1
501 6
314 1
167 10
459 351
524 2
111 2
235 4
91 5
186 5
387 9
555 2
16 5
589 2
298 819
319 7
458 1
445 10
228 10
671 7
124 7
661 3
126 5
454 8
243 130
482 8
157 9
298 1
747 10
761 1
668 4
104 6
285 7
199 5
615 106
87 2
806 10
248 10
12 3
681 4
372 10
110 3
699 3
448 8
453 147
790 4
453 10
592 7
353 9
566 7
528 5
149 8
412 3
50 4
242 624
225 8
82 3
5 1
212 1
90 1
812 10
406 6
756 7
562 1
637 456
235 6
141 1
204 8
253 3
202 5
605 9
818 2
326 10
366 4
141 528
217 2
408 9
101 8
67 4
544 6
336 3
378 3
516 6
739 2
60 163
143 1
526 10
528 1
490 4
207 9
229 1
254 3
246 6
361 2
306 639
199 2
195 4
31 8
286 7
196 10
324 2
798 9
771 5
163 7
549 250
450 4
605 3
757 5
602 1
298 6
777 5
113 9
221 10
205 6
169 760
163 8
496 1
381 2
290 1
629 4
92 8
70 5
397 1
740 9
392 752
149 3
160 8
352 10
660 8
339 10
647 3
695 1
625 6
69 2
561 647
384 9
146 1
195 3
360 2
715 9
459 1
70 3
250 2
545 10
299 353
634 10
373 7
445 10
680 8
603 7
546 6
436 9
265 10
2 6
806 745
366 1
5 9
793 7
229 8
162 10
180 9
612 8
528 7
132 8
606 573
81 5
607 8
613 5
317 9
527 1
93 10
354 2
687 4
311 10
124 109
668 2
296 1
518 10
229 8
196 5
350 8
227 9
600 2
670 9
145 282
614 4
821 5
39 3
408 8
507 2
202 1
725 10
128 4
306 4
350 340
179 6
423 2
95 2
626 9
472 9
677 8
500 10
401 6
485 10
518 647
346 7
481 9
743 9
629 7
467 10
377 8
705 10
602 9
6 4
611 278
775 6
686 6
389 9
298 1
21 9
782 3
173 10
321 4
792 2
321 707
793 8
734 4
123 3
48 9
538 2
241 7
253 2
110 4
76 3
272 679
582 7
200 3
231 4
427 3
618 1
809 7
694 7
56 10
310 1
31 30
350 3
604 4
24 9
78 6
313 4
760 7
682 5
688 6
279 3
424 166
59 3
155 6
226 2
667 5
377 1
80 3
29 5
587 3
33 10
230 464
412 10
364 9
726 5
101 7
46 8
158 3
146 1
507 8
769 4
146 238
664 2
717 2
694 9
719 2
730 3
593 5
813 4
273 10
434 2
406 396
686 8
118 10
507 8
655 5
704 6
52 7
299 8
359 5
122 10
246 140
588 8
580 2
463 4
298 6
137 10
256 6
262 7
462 10
617 8
13 711
361 3
303 4
745 5
401 4
675 3
38 3
23 7
138 8
662 9
336 646
15 1
650 5
705 4
285 3
657 4
641 1
728 9
262 9
160 10
519 450
548 5
290 1
58 5
639 10
293 5
678 5
440 6
614 1
388 9
753 416
710 3
811 3
190 7
150 5
96 9
658 7
124 10
126 1
111 6
288 666
204 5
650 10
635 2
146 4
261 5
269 4
376 4
727 7
97 10
611 79
673 5
68 3
615 1
8 5
718 9
639 7
537 2
79 2
749 7
691 455
778 8
650 1
641 5
768 3
376 5
81 2
253 5
760 9
292 8
783 631
163 1
742 9
8 2
292 2
106 8
464 7
559 8
193 7
719 3
594 396
462 5
818 3
632 1
68 7
18 3
801 9
70 2
182 3
25 2
81 113
805 10
493 1
765 8
216 10
204 5
627 1
403 4
8 9
746 9
17 139
811 3
486 6
635 7
709 7
389 5
131 9
138 5
50 7
391 3
600 40
598 3
18 4
10 10
261 1
555 9
484 1
147 1
772 3
410 2
336 427
234 5
391 2
470 4
639 6
432 4
548 8
757 8
674 8
432 1
545 335
614 9
335 6
107 1
282 4
509 1
66 6
557 7
749 2
112 9
439 240
664 3
201 10
395 4
277 3
251 3
36 4
154 9
246 7
527 1
525 33
338 4
417 9
789 6
53 5
617 10
442 6
198 2
239 1
360 9
223 303
718 1
114 4
57 4
5 5
549 6
596 9
45 3
117 7
449 4
764 456
685 4
11 1
823 10
732 3
479 4
114 7
318 7
747 4
373 5
569 544
725 5
614 4
380 7
667 6
561 10
711 6
772 6
489 7
379 3
566 197
822 10
286 1
774 8
735 10
500 7
553 4
410 2
49 10
299 8
461 766
717 6
129 7
616 4
657 4
419 5
338 10
695 10
148 1
562 3
723 566
5 5
14 2
816 10
204 4
652 4
158 2
327 9
416 4
683 8
721 671
767 8
813 7
226 4
447 7
49 4
532 3
750 5
40 3
601 9
440 388
447 5
461 3
467 6
210 2
506 5
187 7
762 5
321 3
213 6
195 742
570 1
40 1
407 8
357 7
59 6
744 7
17 9
46 3
614 8
198 593
104 6
659 2
639 3
595 3
133 2
593 1
288 6
376 1
255 7
370 327
466 3
65 7
295 4
344 2
598 5
525 5
62 5
155 1
157 6
67 472
723 8
523 7
108 7
142 7
493 8
454 8
269 9
406 1
12 7
96 547
236 9
364 4
377 3
326 10
200 3
289 6
241 1
797 10
302 3
201 394
424 5
643 3
631 4
97 10
307 9
171 9
205 5
248 4
45 9
638 718
557 9
761 5
475 8
649 9
183 5
498 10
349 10
355 6
95 1
225 715
564 2
510 5
212 1
403 2
805 8
9 2
155 5
556 1
444 7
295 751
263 2
227 7
725 1
375 4
176 1
437 3
798 1
145 7
398 9
43 153
552 1
578 7
544 5
115 5
686 9
6 6
99 5
632 3
680 5
562 705
309 10
821 5
548 2
485 6
448 6
205 4
310 3
348 2
395 7
724 731
510 1
30 8
225 5
643 1
799 4
450 6
454 4
710 1
755 3
758 698
596 3
147 1
656 10
570 9
111 9
266 7
58 1
244 4
552 7
643 279
176 7
266 4
98 10
255 5
576 3
596 6
461 2
60 8
411 9
820 665
12 9
751 9
267 4
217 5
465 1
162 7
45 6
23 3
285 4
177 102
393 5
357 6
351 8
28 6
446 9
619 6
74 2
631 3
776 10
437 733
397 8
720 8
267 8
777 2
238 7
173 10
237 5
711 7
210 3
583 498
718 10
389 2
572 10
189 10
579 4
460 3
728 4
722 1
45 5
396 477
351 10
384 3
310 10
605 6
178 5
552 7
32 10
77 6
743 2
364 188
64 10
6 7
744 10
270 10
174 10
617 10
41 5
783 7
507 4
667 389
195 9
516 10
755 1
188 8
711 10
299 5
69 7
385 3
692 5
809 88
178 10
55 1
431 3
231 8
446 5
722 3
742 10
226 10
166 6
754 279
822 10
639 10
526 7
190 3
93 4
30 6
492 6
69 3
106 2
344 16
749 2
240 7
63 10
273 5
1 6
350 3
650 7
739 9
277 8
797 372
794 8
653 4
125 1
572 10
64 9
81 1
172 4
513 7
774 10
471 75
405 3
476 2
572 2
601 9
441 4
109 4
102 2
338 2
208 7
280 738
806 4
415 1
5 2
430 2
522 7
3 4
612 2
153 7
695 1
175 200
23 1
43 10
706 1
646 5
190 9
160 2
322 2
798 8
324 4
94 510
146 1
91 9
222 4
139 8
358 3
271 7
793 10
598 7
461 2
324 452
466 2
212 6
226 3
551 3
452 8
276 7
220 4
731 3
810 10
144 598
158 8
714 5
756 10
278 2
146 1
340 1
628 9
606 7
495 8
590 681
346 4
525 5
514 7
659 8
782 9
265 1
43 9
538 2
339 1
312 404
653 6
782 8
565 7
82 8
250 1
3 1
763 4
812 6
580 2
372 515
48 6
263 9
374 5
50 7
798 4
117 2
334 4
652 2
624 3
263 789
88 3
679 3
487 7
503 3
166 5
482 1
588 2
68 10
597 1
784 52
456 9
74 8
794 5
204 10
601 4
113 9
680 3
403 10
757 4
651 463
508 2
595 10
564 9
671 7
455 8
36 7
469 4
799 1
730 6
805 702
416 9
636 1
684 3
670 7
657 10
512 3
627 8
433 3
210 6
123 375
701 2
515 1
343 3
225 1
804 4
653 3
640 9
294 6
553 7
341 685
102 10
85 3
497 10
370 9
665 9
787 6
779 9
435 7
414 5
334 742
606 6
378 7
629 10
130 1
561 9
157 8
266 3
717 10
436 3
259 282
62 1
161 2
591 8
123 1
486 3
705 6
398 1
226 8
82 2
98 140
646 3
440 4
383 8
293 5
479 7
225 5
110 2
698 2
318 8
175 44
199 8
250 9
91 3
131 1
158 8
292 3
67 6
45 9
649 9
541 66
