962 1000
1 2
2 3
3 4
2 5
4 6
5 7
5 8
6 9
1 10
4 11
10 12
9 13
12 14
6 15
13 16
11 17
2 18
10 19
8 20
10 21
2 22
8 23
5 24
7 25
21 26
26 27
7 28
25 29
12 30
7 31
27 32
14 33
28 34
18 35
21 36
11 37
31 38
3 39
33 40
28 41
16 42
31 43
41 44
13 45
25 46
3 47
39 48
28 49
15 50
44 51
40 52
48 53
46 54
35 55
29 56
52 57
38 58
54 59
47 60
25 61
7 62
16 63
23 64
19 65
48 66
6 67
65 68
3 69
32 70
48 71
17 72
65 73
49 74
39 75
36 76
52 77
42 78
73 79
57 80
75 81
64 82
78 83
34 84
36 85
29 86
33 87
75 88
73 89
30 90
24 91
47 92
24 93
84 94
81 95
31 96
72 97
80 98
28 99
92 100
65 101
2 102
84 103
27 104
53 105
63 106
27 107
60 108
37 109
103 110
75 111
99 112
106 113
44 114
44 115
59 116
16 117
61 118
54 119
50 120
76 121
2 122
103 123
40 124
89 125
94 126
28 127
105 128
30 129
96 130
48 131
16 132
90 133
13 134
50 135
28 136
63 137
57 138
107 139
128 140
60 141
50 142
21 143
61 144
55 145
98 146
125 147
44 148
90 149
147 150
117 151
97 152
87 153
41 154
101 155
70 156
39 157
78 158
105 159
93 160
9 161
106 162
48 163
128 164
80 165
101 166
148 167
167 168
69 169
109 170
20 171
125 172
144 173
33 174
38 175
45 176
6 177
56 178
114 179
37 180
18 181
51 182
160 183
24 184
12 185
104 186
115 187
73 188
161 189
114 190
141 191
146 192
175 193
13 194
28 195
183 196
147 197
144 198
99 199
94 200
70 201
112 202
183 203
13 204
168 205
157 206
172 207
72 208
6 209
29 210
49 211
202 212
5 213
180 214
124 215
193 216
124 217
59 218
101 219
79 220
45 221
71 222
73 223
66 224
204 225
25 226
211 227
11 228
159 229
193 230
146 231
31 232
130 233
152 234
94 235
88 236
139 237
32 238
150 239
209 240
219 241
223 242
35 243
120 244
98 245
89 246
102 247
89 248
180 249
8 250
18 251
227 252
223 253
51 254
71 255
61 256
243 257
237 258
210 259
179 260
91 261
153 262
209 263
174 264
254 265
78 266
186 267
134 268
52 269
60 270
58 271
136 272
177 273
203 274
241 275
55 276
263 277
85 278
4 279
231 280
210 281
14 282
81 283
6 284
262 285
69 286
35 287
174 288
130 289
23 290
218 291
40 292
28 293
99 294
83 295
28 296
222 297
46 298
26 299
41 300
25 301
59 302
11 303
167 304
17 305
130 306
70 307
202 308
60 309
65 310
121 311
37 312
238 313
36 314
260 315
182 316
123 317
308 318
141 319
207 320
136 321
92 322
187 323
33 324
151 325
212 326
302 327
60 328
59 329
47 330
14 331
23 332
182 333
267 334
233 335
49 336
255 337
293 338
292 339
178 340
107 341
90 342
257 343
178 344
120 345
263 346
20 347
188 348
15 349
288 350
71 351
230 352
287 353
208 354
28 355
229 356
51 357
205 358
300 359
187 360
21 361
151 362
143 363
250 364
131 365
16 366
42 367
70 368
252 369
322 370
9 371
47 372
221 373
197 374
186 375
142 376
275 377
117 378
68 379
265 380
51 381
356 382
90 383
207 384
9 385
307 386
148 387
373 388
17 389
126 390
329 391
323 392
365 393
280 394
43 395
323 396
155 397
244 398
70 399
213 400
332 401
30 402
289 403
77 404
39 405
84 406
277 407
162 408
233 409
99 410
200 411
76 412
155 413
59 414
43 415
308 416
305 417
361 418
297 419
233 420
1 421
268 422
148 423
378 424
73 425
199 426
21 427
158 428
264 429
382 430
78 431
405 432
411 433
95 434
293 435
320 436
406 437
168 438
25 439
156 440
310 441
290 442
224 443
25 444
405 445
411 446
294 447
199 448
300 449
306 450
93 451
316 452
89 453
121 454
162 455
19 456
98 457
119 458
147 459
45 460
297 461
294 462
167 463
67 464
84 465
460 466
215 467
163 468
10 469
343 470
111 471
260 472
220 473
426 474
84 475
101 476
203 477
106 478
471 479
42 480
335 481
190 482
151 483
146 484
114 485
338 486
269 487
96 488
300 489
4 490
442 491
7 492
444 493
202 494
317 495
5 496
431 497
337 498
118 499
173 500
173 501
433 502
7 503
335 504
43 505
221 506
502 507
260 508
309 509
359 510
504 511
138 512
135 513
164 514
478 515
67 516
199 517
28 518
55 519
60 520
379 521
358 522
276 523
403 524
395 525
299 526
465 527
69 528
199 529
226 530
156 531
516 532
123 533
41 534
498 535
417 536
115 537
371 538
134 539
219 540
58 541
63 542
95 543
37 544
26 545
461 546
193 547
461 548
387 549
378 550
515 551
79 552
338 553
274 554
70 555
446 556
45 557
227 558
546 559
295 560
314 561
447 562
121 563
220 564
193 565
452 566
434 567
354 568
301 569
316 570
38 571
468 572
71 573
521 574
460 575
252 576
323 577
48 578
297 579
295 580
154 581
321 582
503 583
408 584
92 585
441 586
74 587
448 588
186 589
392 590
361 591
89 592
368 593
187 594
315 595
154 596
338 597
248 598
81 599
239 600
254 601
247 602
131 603
35 604
347 605
187 606
474 607
291 608
545 609
201 610
598 611
543 612
606 613
131 614
310 615
452 616
487 617
291 618
277 619
306 620
470 621
605 622
157 623
45 624
321 625
247 626
134 627
338 628
403 629
22 630
393 631
416 632
537 633
356 634
185 635
33 636
557 637
80 638
108 639
490 640
640 641
564 642
363 643
539 644
55 645
238 646
18 647
186 648
525 649
246 650
402 651
203 652
70 653
215 654
468 655
352 656
292 657
35 658
463 659
85 660
346 661
184 662
541 663
241 664
289 665
269 666
108 667
26 668
520 669
12 670
144 671
440 672
305 673
193 674
492 675
364 676
653 677
560 678
568 679
647 680
625 681
459 682
240 683
187 684
649 685
196 686
68 687
264 688
659 689
468 690
408 691
660 692
657 693
454 694
649 695
174 696
653 697
230 698
88 699
4 700
509 701
453 702
588 703
617 704
323 705
210 706
87 707
204 708
597 709
511 710
346 711
349 712
352 713
148 714
135 715
117 716
297 717
467 718
263 719
126 720
246 721
420 722
376 723
655 724
386 725
300 726
257 727
507 728
109 729
298 730
335 731
590 732
289 733
532 734
245 735
641 736
191 737
261 738
30 739
236 740
141 741
36 742
154 743
223 744
625 745
321 746
601 747
16 748
369 749
45 750
63 751
509 752
193 753
230 754
185 755
156 756
732 757
232 758
732 759
5 760
356 761
49 762
432 763
143 764
752 765
43 766
386 767
513 768
230 769
443 770
641 771
303 772
426 773
316 774
608 775
571 776
376 777
204 778
538 779
107 780
707 781
776 782
637 783
491 784
688 785
556 786
122 787
774 788
257 789
727 790
641 791
713 792
524 793
36 794
391 795
633 796
347 797
169 798
3 799
567 800
571 801
334 802
800 803
581 804
763 805
146 806
687 807
413 808
235 809
568 810
234 811
285 812
240 813
455 814
99 815
101 816
419 817
775 818
665 819
8 820
524 821
318 822
88 823
736 824
131 825
28 826
485 827
814 828
536 829
530 830
508 831
53 832
266 833
284 834
200 835
378 836
657 837
378 838
415 839
647 840
447 841
673 842
621 843
276 844
842 845
750 846
444 847
662 848
280 849
61 850
11 851
797 852
799 853
61 854
841 855
597 856
500 857
260 858
94 859
665 860
147 861
410 862
751 863
142 864
124 865
610 866
185 867
236 868
233 869
798 870
356 871
864 872
193 873
639 874
217 875
44 876
874 877
206 878
781 879
624 880
404 881
783 882
566 883
570 884
817 885
605 886
254 887
556 888
505 889
522 890
183 891
252 892
44 893
407 894
102 895
313 896
174 897
333 898
221 899
260 900
899 901
117 902
60 903
534 904
379 905
443 906
417 907
523 908
689 909
775 910
906 911
74 912
290 913
828 914
820 915
485 916
774 917
507 918
801 919
377 920
853 921
912 922
307 923
313 924
746 925
704 926
645 927
504 928
420 929
112 930
287 931
588 932
4 933
906 934
626 935
226 936
175 937
911 938
876 939
291 940
72 941
682 942
905 943
189 944
613 945
292 946
839 947
467 948
76 949
850 950
663 951
650 952
648 953
340 954
11 955
667 956
459 957
475 958
285 959
406 960
523 961
231 962
794 4
71 1
929 8
306 7
592 10
258 3
917 3
854 8
297 3
188 810
896 7
131 1
129 1
259 6
4 4
730 10
769 10
674 8
582 2
461 270
262 6
427 7
400 2
210 4
902 2
320 4
835 7
924 1
38 6
547 331
319 10
362 7
289 6
379 4
870 2
128 9
831 9
953 3
952 10
837 826
565 7
454 1
156 4
1 2
858 10
275 7
270 4
483 5
874 9
817 680
143 8
87 3
14 10
398 4
549 3
883 7
510 3
484 9
622 8
5 605
134 6
460 6
195 10
911 3
422 2
14 6
923 9
11 5
734 9
415 239
329 8
957 9
255 8
533 4
15 9
686 4
603 9
745 5
509 7
272 268
941 5
768 7
221 2
472 9
534 5
658 1
448 10
327 5
690 7
174 400
354 1
896 8
380 9
700 4
672 6
229 2
472 4
291 9
18 8
923 367
672 7
328 2
489 8
541 8
750 8
814 8
527 7
542 5
930 7
476 572
55 6
892 7
955 6
463 6
933 7
537 8
878 4
738 10
595 6
914 509
748 8
55 7
690 9
953 6
840 8
205 10
381 5
523 8
271 4
608 42
52 2
422 9
528 1
12 5
613 9
84 9
277 5
765 3
338 5
674 220
595 8
467 7
20 2
797 5
806 4
932 9
955 8
391 1
341 7
315 447
880 7
218 7
842 9
842 4
443 7
946 1
19 10
297 10
924 10
529 811
23 5
344 7
156 1
586 4
351 3
275 2
623 9
785 8
298 2
75 604
452 4
910 8
132 3
436 6
423 7
523 4
135 2
382 2
368 8
87 254
603 9
220 2
389 5
336 4
50 9
948 2
159 1
93 6
55 7
106 195
722 3
768 8
267 4
877 10
96 1
256 4
434 1
577 3
103 1
190 76
850 8
873 8
759 2
764 9
424 10
127 1
16 3
74 3
913 10
941 347
373 3
561 10
63 8
420 8
434 8
353 2
7 6
786 5
19 3
117 539
159 3
412 5
641 4
515 8
361 2
953 6
826 3
217 7
562 10
139 505
548 7
158 8
396 9
333 9
433 1
910 9
879 5
330 8
510 10
609 28
18 3
79 5
128 4
841 1
370 4
467 10
804 5
717 5
727 6
621 237
263 7
287 7
501 9
248 2
373 9
899 6
545 10
937 10
475 6
493 330
730 4
347 10
9 10
506 3
148 6
587 5
185 3
235 10
853 7
803 816
442 9
949 2
810 1
2 10
415 4
875 4
926 4
779 8
710 7
215 398
236 9
951 6
133 8
676 9
108 10
688 3
537 8
532 10
176 6
540 598
605 3
580 4
243 5
454 8
861 9
671 7
309 8
488 7
692 4
230 216
275 6
745 4
143 10
916 10
336 2
362 3
446 10
410 2
505 3
486 153
470 7
838 4
50 10
164 8
10 10
471 5
761 1
914 4
158 9
603 245
282 5
500 8
603 2
793 3
938 1
533 7
815 10
368 8
49 7
171 713
812 4
771 2
841 7
756 7
37 3
689 6
801 1
297 7
17 10
675 854
695 5
112 9
647 1
752 6
372 4
261 10
391 9
328 2
501 2
557 50
124 7
875 2
788 4
751 4
636 9
36 4
156 6
409 5
716 3
475 733
877 2
452 9
31 2
826 10
539 4
309 2
442 1
274 10
321 3
573 527
154 8
171 3
770 5
427 1
18 1
414 10
354 2
42 7
112 6
547 405
624 1
857 10
656 10
154 7
738 10
221 2
135 2
447 1
139 2
495 541
297 10
945 10
859 6
946 4
913 3
551 5
402 2
293 10
806 3
663 916
628 2
833 1
960 1
161 3
452 2
525 8
269 7
489 5
44 5
605 42
735 7
844 3
311 7
640 9
33 9
482 6
459 6
863 6
421 4
142 114
647 3
893 8
200 5
168 8
704 7
101 6
180 6
730 7
581 2
780 399
464 7
650 4
884 2
769 5
523 5
749 2
865 3
101 5
246 1
495 961
860 4
701 4
868 4
434 2
916 10
79 3
466 7
873 8
626 7
117 555
820 2
487 8
585 1
689 4
47 2
744 6
581 4
572 4
347 4
128 699
154 8
131 7
116 9
714 8
114 1
25 8
479 3
352 9
11 9
815 705
97 4
135 2
724 5
424 3
458 7
937 10
626 10
269 7
74 2
386 94
292 3
442 3
426 4
537 1
15 3
108 4
36 8
389 2
94 7
299 956
674 9
332 2
75 7
692 7
179 1
932 4
791 3
573 2
765 6
667 920
634 4
739 1
421 5
102 7
906 3
909 8
2 4
393 6
735 1
323 118
193 5
636 2
217 8
629 1
478 10
329 7
616 2
131 7
939 7
297 160
939 10
939 1
923 5
6 10
544 4
392 1
150 2
263 8
912 7
337 264
805 7
917 7
920 9
796 9
89 5
573 7
374 5
317 8
247 8
180 879
33 1
268 8
680 4
640 8
343 2
603 5
43 6
736 5
179 7
808 352
298 3
177 1
893 1
480 8
227 2
938 8
248 3
570 8
21 2
238 799
697 4
867 8
476 4
582 10
293 8
251 5
291 2
705 5
810 10
669 164
609 2
119 3
258 8
273 8
864 6
901 7
134 2
218 3
679 6
741 443
528 6
912 8
833 1
373 10
664 3
62 8
486 6
893 4
375 8
754 44
779 6
738 7
298 10
484 6
540 10
720 7
11 2
11 8
597 1
527 860
853 3
209 4
515 5
786 9
928 7
594 4
142 2
192 1
497 10
561 946
148 4
892 4
254 9
829 3
788 1
611 2
246 6
114 5
901 5
377 719
748 10
432 3
438 8
339 5
289 6
321 7
725 9
120 2
85 10
874 766
273 3
768 7
250 9
565 10
662 1
662 6
4 5
307 4
209 9
954 359
187 3
738 1
220 5
210 9
465 8
420 4
367 9
639 2
834 4
640 53
148 7
920 7
730 1
528 10
348 10
414 6
500 8
166 6
337 8
411 838
356 8
568 7
364 2
861 5
165 9
27 7
941 1
693 7
785 3
740 930
658 2
591 3
869 7
425 3
124 8
949 7
517 3
581 4
208 5
289 51
586 1
59 4
885 2
693 6
479 2
774 4
677 9
460 3
100 2
350 234
234 2
319 5
721 1
751 4
109 6
572 10
176 2
789 1
121 5
592 36
13 5
697 8
303 9
411 3
338 4
609 6
485 2
249 4
18 3
40 377
306 1
123 3
198 6
154 4
747 1
341 3
183 2
451 2
289 1
777 676
956 7
515 7
774 9
955 9
800 7
470 8
101 6
797 3
724 3
3 239
779 4
611 6
913 6
795 2
388 2
643 5
293 8
415 9
934 2
751 531
853 8
400 5
9 9
781 2
698 1
719 2
688 3
368 5
370 4
150 785
416 6
714 5
75 7
636 3
942 3
887 10
358 8
16 7
364 1
958 651
439 7
186 3
434 4
452 10
888 9
423 8
870 4
75 4
553 10
488 668
724 2
651 1
630 2
39 5
794 9
707 8
533 9
268 9
255 3
703 136
848 3
250 4
376 8
225 9
223 8
586 8
934 6
488 3
351 7
268 796
833 6
415 1
6 4
655 1
99 1
763 10
561 2
702 1
864 8
556 182
171 8
125 2
30 2
112 2
242 5
699 7
881 2
460 5
230 6
561 612
49 5
649 3
490 4
683 5
521 1
812 3
374 2
785 6
637 8
741 672
230 2
817 9
259 5
589 6
96 4
174 7
509 10
878 9
780 9
34 362
716 10
402 3
626 2
437 8
75 5
790 8
810 9
264 8
761 9
794 913
877 1
141 3
417 6
222 6
709 2
607 9
558 1
809 5
390 9
586 893
53 1
953 8
53 7
268 6
123 2
242 3
261 5
280 3
611 9
896 710
398 3
125 1
812 9
471 2
421 5
791 4
473 8
251 3
778 10
794 98
730 2
191 1
443 10
632 5
570 9
821 8
900 5
752 4
859 2
701 99
438 2
950 10
318 4
890 8
4 5
39 7
13 7
677 10
25 4
316 956
450 3
452 1
769 5
29 8
319 10
393 1
518 6
484 4
157 6
4 650
880 2
21 8
523 10
831 3
713 10
695 7
248 5
912 5
827 8
572 221
820 10
777 7
882 7
425 1
300 8
261 1
40 8
191 7
534 2
133 379
831 4
894 3
478 1
759 9
229 6
360 3
35 4
179 1
18 6
262 556
154 10
32 2
270 10
100 9
490 6
601 9
382 5
37 8
251 9
609 115
812 7
715 6
871 10
877 2
203 3
780 5
776 1
622 3
293 4
764 470
17 4
222 2
30 1
278 6
19 9
98 4
779 3
131 5
305 7
676 700
374 6
124 8
937 4
509 5
634 9
634 6
104 5
149 7
93 3
688 934
152 9
440 3
429 9
793 9
794 7
221 7
550 9
282 1
178 6
174 432
269 7
581 7
277 9
672 10
57 2
494 8
433 7
276 1
547 5
421 82
8 9
836 6
322 4
172 2
243 3
85 8
43 1
53 7
592 10
463 650
