260 1000
1 2
1 3
1 4
4 5
5 6
5 7
3 8
8 9
7 10
10 11
7 12
11 13
1 14
12 15
8 16
15 17
6 18
4 19
7 20
13 21
16 22
10 23
3 24
16 25
4 26
2 27
16 28
9 29
28 30
10 31
16 32
8 33
23 34
26 35
21 36
10 37
31 38
20 39
15 40
5 41
33 42
10 43
22 44
20 45
4 46
21 47
46 48
24 49
41 50
45 51
35 52
51 53
43 54
28 55
19 56
19 57
54 58
5 59
25 60
10 61
53 62
19 63
40 64
20 65
43 66
5 67
47 68
66 69
20 70
47 71
44 72
48 73
57 74
15 75
18 76
40 77
73 78
14 79
27 80
42 81
73 82
62 83
15 84
43 85
20 86
36 87
21 88
66 89
19 90
90 91
75 92
71 93
93 94
89 95
74 96
80 97
95 98
66 99
18 100
71 101
89 102
3 103
19 104
98 105
77 106
69 107
61 108
101 109
76 110
40 111
21 112
112 113
2 114
60 115
15 116
105 117
114 118
46 119
52 120
20 121
80 122
8 123
35 124
80 125
11 126
16 127
33 128
38 129
36 130
120 131
40 132
71 133
37 134
104 135
29 136
96 137
64 138
65 139
59 140
38 141
102 142
43 143
132 144
17 145
71 146
96 147
76 148
59 149
64 150
64 151
123 152
109 153
8 154
107 155
29 156
77 157
82 158
138 159
63 160
14 161
58 162
65 163
102 164
136 165
65 166
122 167
45 168
68 169
3 170
141 171
86 172
142 173
47 174
133 175
41 176
147 177
80 178
121 179
115 180
129 181
159 182
19 183
44 184
4 185
165 186
157 187
62 188
130 189
156 190
146 191
28 192
87 193
16 194
160 195
92 196
98 197
192 198
159 199
30 200
81 201
189 202
86 203
1 204
25 205
102 206
14 207
88 208
180 209
112 210
175 211
101 212
26 213
13 214
60 215
51 216
124 217
161 218
50 219
64 220
43 221
101 222
100 223
195 224
140 225
58 226
109 227
73 228
29 229
88 230
60 231
207 232
160 233
131 234
191 235
124 236
63 237
147 238
65 239
72 240
3 241
35 242
136 243
140 244
210 245
104 246
25 247
155 248
157 249
245 250
178 251
73 252
210 253
48 254
79 255
234 256
138 257
253 258
206 259
149 260
239 7
200 1
219 4
29 5
147 7
238 7
258 7
178 5
241 3
51 110
213 5
135 9
206 5
32 9
192 9
202 2
104 9
31 2
231 9
77 65
213 6
175 10
110 6
3 10
80 7
49 6
95 4
215 9
8 6
137 45
3 4
72 9
165 6
102 3
260 10
252 2
109 5
71 8
110 6
149 164
45 5
108 5
196 7
10 2
44 7
95 5
110 4
50 10
195 6
86 252
125 5
226 6
126 7
172 7
213 10
89 2
240 1
139 3
31 4
139 10
132 10
257 4
191 8
205 4
223 10
183 5
87 1
82 3
156 8
75 101
108 8
244 1
125 8
142 4
241 9
112 9
220 6
208 2
221 4
254 250
229 2
187 8
26 9
64 1
194 8
21 1
121 3
17 2
29 3
80 258
3 2
107 1
36 4
69 7
212 2
238 10
93 1
1 7
76 8
248 101
222 7
213 9
130 2
101 8
73 1
139 7
236 4
53 2
257 5
132 121
81 10
23 10
190 3
190 4
243 1
203 6
9 6
123 6
10 7
162 230
259 6
92 8
219 6
25 6
229 10
260 1
4 4
71 5
46 3
49 40
245 2
169 7
75 10
226 1
100 2
217 2
69 1
47 9
222 10
1 129
133 9
190 6
7 6
248 10
18 1
60 5
185 5
7 3
157 6
181 248
76 3
72 5
177 8
14 8
43 8
190 3
82 10
8 5
180 5
247 78
4 7
143 8
258 6
100 8
125 7
237 1
175 4
227 6
59 1
92 224
209 9
125 1
15 4
41 10
29 7
166 8
7 10
119 6
160 5
151 117
242 1
251 3
94 7
259 8
44 4
162 10
137 4
201 6
136 8
40 206
27 1
144 1
82 2
156 2
231 2
254 3
101 5
243 9
23 9
166 214
204 10
75 3
91 1
30 7
179 7
156 5
3 3
152 3
28 6
177 232
136 6
205 1
41 10
179 8
229 7
102 9
163 5
192 7
117 10
163 66
183 1
191 9
65 8
168 8
91 3
190 5
245 3
174 8
245 8
80 154
232 5
190 3
255 8
55 8
240 6
119 9
99 6
88 5
73 1
253 100
3 8
157 10
33 2
6 6
244 9
156 1
141 8
225 10
248 3
59 210
157 4
83 6
183 6
51 6
159 2
106 7
97 4
31 1
225 7
96 161
185 8
256 8
218 8
208 6
91 6
25 6
238 9
103 4
23 4
252 45
259 2
214 5
257 5
214 5
123 6
47 5
226 1
8 9
171 8
209 103
211 10
139 2
152 6
121 9
235 9
150 9
148 9
245 3
208 6
16 98
185 4
78 4
91 5
137 3
33 10
89 10
58 8
119 8
241 10
181 175
54 3
87 10
202 5
223 4
100 3
18 3
110 8
85 5
168 1
209 178
207 6
226 10
212 5
168 2
29 9
100 9
10 7
59 9
192 5
249 146
40 9
253 4
70 1
44 9
213 4
179 10
2 1
248 10
35 7
31 153
26 7
82 7
37 1
237 3
42 8
149 9
204 3
22 7
19 2
241 112
70 3
221 4
118 3
166 10
162 5
183 9
138 5
176 8
27 8
93 183
93 2
55 1
153 7
35 10
66 3
212 1
66 7
244 9
18 7
259 12
137 9
75 4
64 2
172 5
67 7
156 2
3 10
157 10
154 9
164 182
257 6
95 3
78 5
245 7
106 3
130 4
71 5
104 2
187 10
95 62
86 3
87 3
91 10
41 6
132 3
180 9
23 5
12 10
94 5
144 238
24 3
75 2
85 7
141 4
207 7
259 7
42 8
20 1
259 4
111 97
123 7
201 3
215 5
195 10
254 5
154 9
208 7
96 4
218 6
135 97
114 5
206 1
56 8
63 8
158 6
174 1
53 10
165 3
130 9
44 135
218 1
31 3
16 8
100 6
190 10
24 3
163 3
104 5
239 5
59 177
9 3
49 6
96 7
201 1
139 7
8 7
63 5
108 1
204 7
219 97
8 1
82 3
90 10
52 5
199 5
141 1
227 9
186 2
163 9
220 127
257 6
217 7
96 5
225 6
1 6
155 6
214 2
29 4
189 8
63 55
237 1
96 6
56 4
96 2
60 5
207 8
155 1
101 5
84 2
209 191
14 5
70 7
103 9
86 6
204 9
33 10
249 4
118 9
65 1
29 172
104 6
118 10
115 6
32 4
53 7
22 2
156 10
12 4
168 6
5 226
120 3
99 8
202 3
122 4
255 6
11 1
54 3
97 6
239 1
51 222
15 3
260 9
169 1
134 5
28 9
60 4
114 7
139 4
153 2
201 161
205 6
54 3
108 5
64 2
241 10
167 6
116 8
63 3
207 6
230 154
228 4
227 3
37 2
4 2
38 4
91 1
107 2
200 2
118 9
248 38
248 8
70 6
187 6
47 10
121 10
184 1
200 1
129 3
78 4
248 107
131 5
63 3
208 3
59 10
188 3
86 7
94 6
21 3
44 2
30 158
95 1
251 7
22 1
232 2
206 6
38 4
132 2
13 2
260 2
240 38
258 5
78 5
72 5
198 6
35 9
90 1
75 10
35 1
6 10
147 136
167 9
194 5
8 8
78 2
92 4
212 9
209 9
62 9
24 3
238 247
24 4
158 9
204 3
119 9
182 8
238 3
52 1
101 2
251 10
57 103
135 7
95 4
2 1
194 6
245 7
2 10
129 5
259 1
180 5
61 184
175 10
230 4
64 2
58 7
189 1
171 6
44 10
219 4
78 8
150 36
143 4
78 9
250 10
184 6
163 7
62 5
211 1
109 5
204 1
250 73
254 5
41 9
9 10
6 3
206 8
198 6
157 1
152 9
185 6
47 118
229 7
228 8
229 6
243 1
127 6
131 2
25 5
244 4
11 9
131 234
207 6
205 5
150 7
69 1
118 1
168 2
19 7
29 6
153 6
126 110
134 7
211 3
193 3
171 6
227 9
25 7
15 4
140 8
90 8
69 143
141 8
137 10
104 4
18 10
21 2
1 1
256 9
143 3
74 7
249 244
220 3
87 2
154 9
155 6
93 8
7 3
259 5
86 9
185 10
185 87
85 10
158 1
127 8
6 9
98 3
202 1
93 10
148 4
70 2
241 213
32 5
94 1
192 10
209 1
17 7
120 10
114 4
179 10
212 1
207 229
182 9
73 8
76 6
34 8
154 3
190 3
77 8
248 4
124 7
221 125
122 6
137 2
109 3
131 6
165 1
187 6
30 7
245 3
221 10
228 29
179 7
45 9
131 7
65 2
44 10
101 7
120 5
31 8
51 4
121 80
48 1
35 9
13 6
67 4
151 2
258 2
30 9
185 2
251 3
83 219
180 7
241 2
223 1
28 7
75 9
74 3
18 4
238 8
183 7
144 178
248 2
190 3
92 2
185 4
129 7
75 7
42 1
62 10
176 5
43 189
24 6
176 8
228 9
250 8
244 4
16 9
160 4
51 9
24 10
116 202
93 7
68 3
191 1
6 5
65 7
129 8
90 3
215 10
145 6
197 97
52 8
206 4
116 6
175 9
52 4
54 7
43 4
205 7
144 10
43 64
50 9
17 2
160 4
150 10
195 3
6 8
151 1
24 10
22 5
73 49
220 1
70 9
103 6
167 10
150 2
130 5
57 1
6 8
4 2
81 171
200 4
196 4
75 5
104 9
140 7
50 7
202 4
28 4
86 6
199 135
216 4
76 10
237 10
42 10
238 5
80 1
132 6
201 10
43 7
240 177
120 3
10 8
147 6
113 1
169 9
15 4
30 5
175 8
84 2
197 27
154 9
200 10
170 5
16 9
120 9
110 9
178 1
252 10
240 7
51 216
202 4
221 6
226 2
90 2
98 7
157 5
222 10
186 10
66 2
121 157
226 7
142 10
92 1
115 10
94 7
100 1
103 3
61 10
204 10
142 80
197 10
217 9
41 3
41 6
111 9
157 9
41 6
60 6
84 7
131 133
33 7
193 5
103 5
222 6
104 3
79 10
184 1
117 5
12 5
42 151
192 5
71 7
44 10
254 7
141 1
186 10
260 5
73 9
165 5
138 198
143 9
90 6
133 4
41 6
2 2
38 4
20 1
57 9
87 3
18 249
201 6
152 2
164 5
228 7
4 1
241 4
98 6
9 1
258 7
125 118
53 5
21 3
19 7
255 9
251 5
203 3
176 3
67 2
90 5
155 232
25 4
168 5
4 6
224 7
89 8
41 6
67 5
104 6
55 5
228 238
169 10
138 3
169 7
172 4
24 8
94 1
73 2
30 2
51 8
175 64
256 10
240 2
205 6
4 5
63 9
180 8
61 6
195 10
23 4
79 65
49 9
69 6
189 3
229 2
236 4
124 4
129 3
220 10
58 5
190 55
12 3
231 10
112 3
2 1
199 4
156 9
122 9
248 3
208 8
148 116
9 4
172 10
218 3
125 9
122 1
98 4
64 9
84 4
85 8
78 212
212 8
33 1
249 5
140 2
238 10
38 8
258 8
43 5
8 8
186 122
