373 1000
1 2
2 3
1 4
3 5
5 6
6 7
5 8
1 9
4 10
4 11
1 12
9 13
9 14
8 15
9 16
10 17
6 18
4 19
4 20
15 21
10 22
1 23
6 24
23 25
18 26
13 27
20 28
5 29
19 30
13 31
12 32
11 33
24 34
2 35
17 36
3 37
7 38
16 39
4 40
36 41
37 42
17 43
23 44
33 45
39 46
3 47
35 48
3 49
17 50
33 51
17 52
8 53
19 54
44 55
53 56
4 57
32 58
35 59
25 60
4 61
57 62
5 63
58 64
14 65
37 66
1 67
27 68
50 69
2 70
35 71
13 72
38 73
45 74
42 75
65 76
31 77
15 78
5 79
15 80
12 81
60 82
26 83
23 84
30 85
63 86
15 87
81 88
44 89
31 90
76 91
88 92
36 93
48 94
89 95
80 96
69 97
73 98
53 99
29 100
26 101
52 102
25 103
33 104
63 105
52 106
11 107
33 108
77 109
53 110
20 111
10 112
43 113
62 114
5 115
2 116
38 117
68 118
23 119
61 120
50 121
113 122
120 123
26 124
116 125
26 126
120 127
126 128
108 129
44 130
71 131
64 132
59 133
51 134
123 135
93 136
59 137
101 138
118 139
37 140
36 141
113 142
86 143
23 144
98 145
35 146
11 147
2 148
50 149
134 150
62 151
143 152
132 153
110 154
135 155
75 156
71 157
103 158
49 159
84 160
115 161
10 162
85 163
92 164
111 165
7 166
25 167
159 168
25 169
51 170
55 171
17 172
15 173
163 174
55 175
98 176
154 177
128 178
3 179
39 180
95 181
180 182
42 183
168 184
4 185
146 186
36 187
121 188
40 189
4 190
2 191
119 192
161 193
61 194
134 195
157 196
4 197
174 198
60 199
64 200
28 201
46 202
65 203
103 204
49 205
16 206
16 207
27 208
54 209
132 210
61 211
150 212
12 213
154 214
53 215
14 216
61 217
134 218
28 219
158 220
106 221
20 222
207 223
46 224
103 225
24 226
193 227
221 228
152 229
139 230
223 231
85 232
125 233
36 234
157 235
78 236
46 237
141 238
131 239
206 240
29 241
93 242
36 243
130 244
60 245
72 246
190 247
50 248
9 249
171 250
239 251
177 252
110 253
30 254
29 255
202 256
234 257
219 258
135 259
56 260
73 261
64 262
260 263
187 264
175 265
235 266
146 267
264 268
179 269
248 270
82 271
142 272
122 273
112 274
262 275
97 276
164 277
195 278
81 279
204 280
228 281
19 282
124 283
253 284
253 285
110 286
162 287
10 288
69 289
287 290
174 291
179 292
108 293
178 294
36 295
209 296
54 297
285 298
160 299
138 300
47 301
69 302
190 303
230 304
261 305
70 306
129 307
275 308
134 309
18 310
29 311
77 312
246 313
252 314
297 315
59 316
25 317
155 318
194 319
245 320
31 321
215 322
247 323
201 324
35 325
322 326
42 327
50 328
108 329
231 330
66 331
304 332
315 333
237 334
3 335
38 336
328 337
69 338
89 339
265 340
95 341
175 342
302 343
53 344
269 345
190 346
89 347
341 348
315 349
158 350
328 351
227 352
15 353
2 354
198 355
60 356
61 357
166 358
32 359
127 360
233 361
117 362
185 363
60 364
79 365
29 366
120 367
36 368
55 369
293 370
272 371
369 372
310 373
180 2
39 6
350 2
107 9
164 2
74 10
370 5
152 4
190 2
36 269
113 10
229 6
231 3
187 1
87 3
303 1
205 4
188 3
317 5
61 304
354 5
49 2
327 3
267 1
128 8
248 8
129 2
266 5
158 10
50 302
113 6
371 5
339 9
285 6
254 8
252 9
35 4
159 1
216 5
147 303
299 5
266 10
316 6
207 6
218 10
83 3
369 8
124 1
206 10
60 140
36 4
25 10
354 9
360 2
338 8
142 4
217 3
328 8
289 8
197 234
268 4
129 8
358 1
276 7
22 9
211 3
23 2
331 7
367 10
138 351
39 3
60 5
143 9
9 2
62 6
129 10
228 9
92 4
77 10
12 257
357 6
30 8
89 6
103 9
152 10
238 6
361 5
170 9
252 1
129 285
122 2
162 9
37 7
30 2
279 3
255 4
286 1
159 4
282 8
152 351
299 4
43 3
69 5
142 9
41 4
255 10
177 8
352 10
245 10
38 309
73 10
148 1
310 5
133 9
230 8
121 10
189 2
41 7
361 9
235 282
126 2
11 7
242 5
340 3
171 7
155 5
11 3
312 4
123 4
137 59
118 3
48 7
226 3
160 8
18 10
183 10
159 4
308 2
158 10
151 313
283 2
229 5
153 5
33 9
20 4
328 7
255 2
67 5
285 1
44 163
151 9
137 9
332 9
141 9
174 2
358 1
177 8
58 7
203 7
290 164
353 10
303 1
218 6
243 1
64 4
361 1
278 5
324 5
101 9
90 361
108 4
135 6
37 5
308 10
48 6
58 10
269 4
70 4
124 1
151 173
292 6
19 9
62 6
284 10
6 10
284 9
247 2
59 10
306 2
304 198
201 5
63 8
132 4
66 5
99 10
255 8
350 10
239 10
289 9
185 50
288 6
341 3
285 9
274 10
57 3
75 4
277 1
80 8
302 2
61 150
214 5
232 8
271 9
352 3
170 1
359 2
162 7
125 1
4 4
231 153
213 8
271 3
191 8
180 3
142 2
190 4
361 6
39 7
354 3
263 263
17 10
185 5
163 8
332 10
197 9
16 8
151 6
350 3
183 2
4 318
99 4
231 9
15 4
180 2
138 3
333 7
317 2
302 5
359 1
43 303
109 6
219 10
264 8
203 4
274 3
354 1
311 6
165 2
214 2
79 114
364 3
109 6
262 8
360 9
106 10
264 8
265 9
208 2
126 9
69 204
272 5
272 6
84 8
200 2
235 8
47 8
201 6
256 9
177 7
304 153
120 1
361 7
104 9
169 10
238 7
236 3
124 8
151 7
120 9
13 265
84 8
121 5
208 4
112 2
279 1
263 9
255 3
175 4
335 6
190 57
211 6
94 3
167 10
206 7
151 2
263 4
245 9
328 6
263 5
359 85
275 1
144 3
369 4
125 1
262 8
221 7
249 7
68 2
54 3
51 24
61 9
338 7
96 3
325 4
250 5
28 2
186 8
118 3
161 1
192 265
372 6
246 3
22 2
194 7
47 4
54 10
183 7
335 8
79 6
181 268
267 6
63 10
67 9
14 4
165 3
265 3
288 1
77 4
129 5
303 201
136 5
62 2
1 4
171 3
126 6
290 6
338 9
16 7
152 3
41 260
36 2
29 5
83 8
199 4
64 8
326 9
129 10
371 7
25 7
96 126
32 9
262 3
73 9
93 4
246 9
285 10
93 10
101 10
223 9
360 54
14 9
81 4
175 6
290 1
30 5
328 1
207 10
355 9
211 7
169 272
110 2
190 2
322 3
202 9
329 7
50 3
110 6
147 4
281 8
326 216
283 8
55 9
101 6
334 5
8 7
293 7
306 7
243 10
177 3
121 98
219 6
96 9
366 1
105 7
214 5
33 6
261 6
53 10
351 10
252 180
277 9
184 5
166 7
55 9
170 4
13 3
333 6
93 7
65 6
133 66
360 6
1 10
20 2
312 8
90 4
33 1
123 5
44 9
303 5
47 246
110 9
204 6
258 9
154 2
101 5
224 8
117 6
94 8
235 5
314 149
313 6
304 8
228 9
203 6
193 3
4 5
71 4
352 3
220 5
119 184
319 1
197 4
225 8
149 2
296 3
28 5
297 7
47 4
223 5
121 282
58 8
12 1
251 7
174 8
64 1
359 5
333 5
4 2
357 2
182 121
210 1
91 4
371 3
282 5
92 3
54 6
107 8
11 4
210 9
145 27
205 8
14 9
346 7
234 2
24 1
115 2
215 8
197 2
221 8
200 90
125 4
123 8
175 10
125 2
370 5
322 9
141 2
187 3
94 6
50 88
320 10
199 7
124 9
295 2
30 10
348 7
26 9
271 5
5 7
306 78
112 5
149 3
133 3
96 3
147 1
247 9
247 7
242 8
100 4
47 352
55 1
235 9
309 5
117 3
260 2
28 9
44 5
83 9
159 4
238 154
328 3
103 1
18 7
368 5
262 2
33 6
166 4
154 10
135 3
129 303
276 2
124 10
143 6
1 2
28 10
124 4
231 5
242 3
186 9
86 242
136 1
371 7
253 10
297 9
310 10
356 2
94 8
116 7
340 6
296 159
287 10
140 8
70 8
94 9
335 7
50 1
117 9
128 3
203 6
276 177
216 6
266 2
257 9
240 10
349 4
208 2
348 5
75 3
141 5
131 365
10 10
242 3
88 3
255 1
261 4
204 4
28 1
258 9
74 5
205 298
110 3
303 3
259 9
148 7
206 10
78 3
303 8
153 8
163 5
66 27
370 3
37 3
73 3
12 10
331 5
38 4
133 3
271 4
141 6
175 165
211 5
266 8
128 9
269 6
175 1
218 8
355 3
59 6
11 6
47 165
157 1
10 1
219 2
229 5
186 8
207 10
93 8
341 5
212 5
62 168
230 7
198 3
150 9
309 7
183 6
207 6
220 7
280 6
308 2
218 306
305 8
4 1
269 6
256 9
370 7
124 4
201 3
125 5
355 2
34 367
88 1
181 8
142 4
175 1
166 8
132 4
280 9
57 10
150 3
198 330
364 1
41 10
66 1
146 3
4 9
366 2
89 3
319 2
97 7
74 108
281 3
323 9
111 9
320 9
253 1
165 2
237 6
46 1
220 4
355 147
266 8
230 5
223 5
334 8
106 4
47 7
93 6
333 4
157 5
45 234
356 1
214 3
251 9
24 1
362 8
265 6
24 10
106 9
351 6
38 315
342 9
161 5
210 6
323 2
324 5
281 9
298 7
227 3
157 7
205 303
274 2
271 3
37 1
315 4
248 4
176 7
282 8
84 6
331 6
187 53
4 9
333 9
275 8
158 6
230 1
223 3
353 5
231 4
239 2
242 59
359 4
186 10
226 7
291 8
284 10
286 5
95 4
352 3
322 6
358 24
256 4
362 5
133 9
354 6
8 10
216 7
261 2
214 8
245 3
189 132
180 5
241 3
13 2
106 7
31 8
9 5
246 9
289 2
89 5
11 135
281 3
13 2
272 6
68 3
178 3
196 9
173 2
360 7
39 7
334 118
123 7
355 3
156 8
302 2
152 3
18 9
293 3
95 8
329 1
89 284
250 8
298 7
310 3
208 5
131 2
319 10
189 6
329 7
164 9
226 273
308 2
295 9
40 4
172 9
310 9
237 6
141 9
70 1
183 8
262 38
274 8
311 3
310 9
309 5
323 6
171 9
341 4
296 7
247 9
109 46
74 10
13 4
160 10
285 6
298 2
367 4
129 10
335 3
275 8
236 107
153 6
255 1
119 2
172 6
56 10
83 6
272 3
157 2
138 6
251 107
86 4
186 9
232 6
150 7
114 3
274 6
278 10
5 6
289 9
32 366
268 10
254 10
246 6
123 10
258 3
348 5
131 2
239 10
164 1
262 316
201 9
193 5
289 3
350 5
317 7
343 3
5 3
273 4
110 2
324 342
83 1
189 5
32 2
18 3
335 10
274 6
6 5
353 9
230 8
242 266
128 2
88 8
324 10
18 9
91 2
178 9
55 4
241 2
87 3
225 55
79 4
44 1
209 8
244 6
108 3
232 6
331 7
328 4
329 8
363 211
343 10
161 3
118 1
148 5
38 8
291 8
113 5
269 10
3 5
365 311
255 1
154 7
66 10
29 10
105 1
369 4
305 3
328 6
55 10
49 38
349 5
118 6
322 4
240 2
20 9
284 3
153 2
274 2
333 1
238 155
132 8
274 7
286 7
199 8
226 10
113 9
120 9
124 7
52 6
321 337
135 2
361 5
165 9
237 1
62 6
271 9
277 1
256 10
124 4
234 263
334 10
368 9
177 4
175 8
279 3
21 6
275 1
187 2
32 5
211 323
358 3
112 4
111 3
356 5
311 5
24 5
108 6
264 9
302 7
28 331
250 1
113 4
137 5
74 1
93 4
191 6
319 8
21 4
348 8
7 36
27 1
7 4
312 5
19 10
305 1
154 9
107 6
321 4
100 9
262 293
323 2
325 3
131 5
282 2
54 10
178 7
97 4
284 9
282 5
277 278
