826 1000
1 2
2 3
2 4
3 5
5 6
1 7
2 8
2 9
3 10
1 11
3 12
7 13
13 14
14 15
2 16
5 17
14 18
14 19
18 20
14 21
16 22
16 23
16 24
21 25
15 26
8 27
8 28
7 29
3 30
8 31
27 32
14 33
5 34
17 35
25 36
18 37
35 38
19 39
8 40
3 41
19 42
1 43
28 44
33 45
24 46
43 47
17 48
45 49
23 50
8 51
5 52
32 53
43 54
40 55
49 56
48 57
55 58
37 59
3 60
28 61
52 62
24 63
60 64
21 65
11 66
1 67
2 68
9 69
68 70
4 71
25 72
59 73
21 74
48 75
70 76
39 77
33 78
59 79
41 80
47 81
23 82
61 83
8 84
58 85
32 86
81 87
38 88
21 89
66 90
49 91
34 92
57 93
71 94
82 95
69 96
62 97
56 98
20 99
98 100
10 101
9 102
69 103
78 104
84 105
67 106
2 107
87 108
24 109
45 110
4 111
47 112
83 113
48 114
112 115
5 116
41 117
41 118
74 119
27 120
107 121
95 122
90 123
81 124
51 125
35 126
99 127
88 128
86 129
128 130
119 131
62 132
100 133
65 134
60 135
80 136
20 137
27 138
102 139
90 140
137 141
27 142
71 143
35 144
119 145
11 146
71 147
30 148
58 149
68 150
61 151
93 152
53 153
6 154
139 155
8 156
67 157
88 158
148 159
106 160
81 161
110 162
39 163
69 164
82 165
140 166
107 167
138 168
2 169
46 170
166 171
95 172
136 173
76 174
66 175
124 176
39 177
3 178
12 179
166 180
115 181
82 182
166 183
39 184
127 185
167 186
59 187
96 188
142 189
25 190
39 191
87 192
93 193
24 194
136 195
174 196
25 197
58 198
150 199
131 200
99 201
168 202
21 203
24 204
161 205
128 206
88 207
133 208
7 209
122 210
184 211
144 212
87 213
174 214
172 215
38 216
183 217
190 218
117 219
126 220
57 221
15 222
216 223
188 224
16 225
213 226
152 227
111 228
57 229
69 230
47 231
199 232
112 233
176 234
104 235
50 236
74 237
121 238
40 239
127 240
191 241
92 242
65 243
73 244
36 245
22 246
9 247
74 248
214 249
133 250
36 251
43 252
148 253
201 254
86 255
101 256
188 257
109 258
207 259
108 260
196 261
216 262
86 263
57 264
222 265
10 266
70 267
225 268
17 269
106 270
151 271
233 272
210 273
22 274
139 275
98 276
267 277
193 278
78 279
230 280
135 281
23 282
36 283
240 284
150 285
239 286
198 287
171 288
86 289
247 290
123 291
165 292
77 293
257 294
160 295
37 296
202 297
244 298
237 299
20 300
70 301
134 302
161 303
132 304
214 305
182 306
115 307
116 308
151 309
274 310
76 311
246 312
71 313
281 314
128 315
258 316
104 317
247 318
251 319
42 320
142 321
4 322
304 323
166 324
7 325
75 326
16 327
78 328
193 329
130 330
72 331
306 332
20 333
192 334
204 335
11 336
218 337
173 338
22 339
262 340
212 341
242 342
20 343
317 344
108 345
232 346
69 347
198 348
167 349
34 350
33 351
30 352
94 353
30 354
92 355
130 356
50 357
9 358
231 359
351 360
40 361
39 362
95 363
175 364
301 365
361 366
319 367
297 368
311 369
92 370
318 371
180 372
302 373
267 374
307 375
208 376
230 377
268 378
115 379
358 380
114 381
192 382
379 383
266 384
107 385
211 386
206 387
312 388
277 389
244 390
366 391
335 392
110 393
186 394
141 395
219 396
158 397
317 398
391 399
282 400
355 401
387 402
131 403
357 404
262 405
354 406
183 407
239 408
104 409
86 410
245 411
344 412
263 413
69 414
54 415
408 416
366 417
172 418
383 419
274 420
264 421
419 422
172 423
28 424
118 425
292 426
308 427
33 428
207 429
393 430
126 431
79 432
36 433
362 434
395 435
12 436
122 437
410 438
268 439
56 440
41 441
301 442
220 443
144 444
286 445
288 446
131 447
375 448
108 449
271 450
34 451
342 452
315 453
218 454
151 455
335 456
107 457
228 458
200 459
371 460
97 461
278 462
327 463
287 464
260 465
88 466
442 467
223 468
12 469
276 470
341 471
51 472
61 473
101 474
420 475
58 476
244 477
208 478
139 479
312 480
81 481
320 482
56 483
481 484
261 485
129 486
338 487
269 488
50 489
30 490
253 491
220 492
161 493
411 494
180 495
280 496
160 497
168 498
366 499
198 500
470 501
134 502
458 503
53 504
457 505
279 506
1 507
185 508
43 509
6 510
507 511
50 512
79 513
151 514
83 515
378 516
83 517
491 518
102 519
61 520
152 521
130 522
13 523
408 524
36 525
384 526
80 527
195 528
161 529
320 530
405 531
464 532
482 533
319 534
496 535
508 536
396 537
35 538
475 539
391 540
282 541
422 542
118 543
325 544
179 545
363 546
338 547
272 548
517 549
480 550
95 551
169 552
171 553
233 554
267 555
354 556
41 557
76 558
4 559
154 560
160 561
321 562
481 563
249 564
123 565
395 566
536 567
118 568
30 569
181 570
106 571
274 572
532 573
459 574
549 575
573 576
107 577
30 578
108 579
201 580
93 581
344 582
515 583
84 584
262 585
358 586
435 587
527 588
378 589
260 590
254 591
63 592
118 593
186 594
240 595
311 596
44 597
537 598
163 599
456 600
209 601
375 602
118 603
55 604
133 605
221 606
188 607
189 608
180 609
291 610
566 611
228 612
463 613
176 614
294 615
317 616
264 617
369 618
292 619
380 620
278 621
50 622
552 623
603 624
166 625
340 626
280 627
23 628
75 629
234 630
611 631
220 632
74 633
208 634
621 635
416 636
471 637
476 638
49 639
55 640
420 641
71 642
325 643
103 644
190 645
578 646
37 647
429 648
341 649
549 650
335 651
403 652
201 653
542 654
540 655
264 656
153 657
66 658
370 659
652 660
577 661
220 662
171 663
224 664
90 665
477 666
182 667
255 668
231 669
330 670
648 671
647 672
427 673
268 674
439 675
8 676
134 677
497 678
269 679
32 680
558 681
137 682
515 683
382 684
46 685
468 686
53 687
614 688
430 689
88 690
620 691
107 692
85 693
226 694
255 695
35 696
91 697
573 698
591 699
447 700
120 701
334 702
447 703
439 704
143 705
663 706
559 707
488 708
93 709
336 710
284 711
491 712
407 713
133 714
526 715
516 716
255 717
647 718
693 719
326 720
359 721
526 722
584 723
481 724
158 725
533 726
302 727
551 728
236 729
580 730
100 731
9 732
378 733
619 734
145 735
412 736
77 737
11 738
21 739
161 740
35 741
606 742
107 743
128 744
56 745
125 746
179 747
116 748
52 749
423 750
626 751
397 752
152 753
713 754
505 755
421 756
235 757
132 758
717 759
730 760
115 761
169 762
100 763
724 764
634 765
709 766
380 767
491 768
165 769
414 770
492 771
257 772
532 773
666 774
283 775
509 776
318 777
540 778
220 779
275 780
156 781
249 782
343 783
740 784
661 785
468 786
537 787
401 788
755 789
293 790
172 791
503 792
434 793
499 794
768 795
107 796
492 797
457 798
594 799
551 800
28 801
586 802
41 803
647 804
273 805
624 806
220 807
220 808
736 809
755 810
488 811
340 812
396 813
395 814
170 815
654 816
234 817
101 818
241 819
764 820
358 821
204 822
238 823
36 824
765 825
513 826
5 10
45 1
547 7
558 3
539 1
160 6
506 5
244 6
438 10
264 467
346 5
497 7
469 8
131 2
90 1
635 1
623 6
495 9
166 2
216 519
675 3
679 3
462 5
587 8
245 7
491 1
9 6
216 2
359 4
128 16
339 7
171 9
119 7
256 5
699 8
409 6
805 8
805 10
41 4
806 547
508 6
19 5
536 2
517 6
570 10
346 6
113 1
498 1
158 7
636 122
223 1
14 5
802 6
223 2
296 10
12 2
702 10
485 3
86 3
631 370
252 7
96 1
689 1
53 6
611 1
621 6
230 10
473 7
554 6
481 297
357 9
646 6
750 3
367 6
724 4
626 10
274 2
491 9
434 10
409 31
572 5
361 8
623 5
719 8
201 8
438 7
1 2
384 1
552 6
443 109
557 5
5 9
522 9
759 10
213 10
566 7
114 10
583 5
657 8
492 172
404 6
290 10
165 10
160 5
77 3
636 8
234 5
448 8
266 7
135 407
471 7
522 6
173 2
172 2
397 7
541 6
406 4
116 5
243 8
9 701
711 4
399 1
182 7
716 6
472 5
795 2
347 10
108 6
106 1
393 40
808 7
233 7
147 4
232 4
21 9
815 3
799 9
65 1
546 6
348 342
306 6
146 5
19 9
677 3
661 2
128 4
34 3
556 8
141 1
94 670
673 9
46 3
47 1
140 4
567 5
502 6
514 6
313 2
767 5
16 778
616 9
335 5
559 9
311 3
648 10
414 8
390 3
580 4
278 7
94 486
87 4
696 5
107 3
662 8
79 6
775 7
524 9
200 10
359 6
72 601
271 10
750 5
478 8
621 8
504 2
816 10
610 10
503 1
208 4
78 692
703 9
782 2
520 9
638 4
669 10
410 7
576 8
175 4
756 1
404 700
256 1
290 10
735 7
9 2
97 10
578 1
90 2
796 7
149 10
775 405
198 4
260 6
325 2
799 10
319 6
583 8
673 2
334 9
212 4
523 172
751 8
712 10
682 8
269 5
66 3
661 8
703 2
650 9
712 3
717 430
710 9
818 9
301 7
173 1
125 9
303 3
227 7
83 8
409 1
353 247
410 4
622 10
581 7
647 4
52 10
243 1
323 4
807 5
45 1
253 309
224 5
595 3
65 8
33 6
159 9
730 2
245 1
558 3
698 10
759 547
546 1
587 9
55 9
714 7
382 10
40 8
564 1
121 5
122 7
676 615
22 3
67 2
635 5
247 6
40 2
176 7
805 7
598 2
448 9
407 431
486 2
99 3
57 6
506 3
36 9
325 8
187 6
372 8
725 2
244 611
523 3
231 9
703 4
44 4
387 7
792 8
346 2
693 5
662 2
128 645
124 8
733 1
76 5
609 4
20 4
536 8
151 7
822 5
576 9
688 417
111 8
493 2
728 9
105 10
150 3
465 7
258 4
151 7
692 5
644 422
195 9
713 10
743 2
425 7
811 6
120 10
788 6
623 10
420 5
670 527
156 6
383 5
96 3
498 2
235 8
318 2
661 9
387 10
99 7
730 620
398 1
321 4
284 8
483 4
653 3
106 8
463 3
609 9
244 1
481 567
762 3
727 8
28 4
636 9
445 8
321 3
724 9
460 8
191 7
13 210
409 6
374 9
574 6
413 10
81 5
314 9
359 6
814 9
433 2
674 506
812 2
277 7
530 6
379 4
751 1
239 7
330 1
456 10
63 10
354 645
497 7
775 7
506 5
770 2
483 4
400 10
211 3
248 6
65 10
96 773
632 5
773 7
366 6
134 5
480 5
800 10
57 3
826 3
235 6
255 67
86 6
799 7
288 8
656 2
456 6
532 4
405 2
69 9
362 3
565 693
284 6
565 9
793 5
262 10
161 8
731 10
768 4
48 5
579 6
412 508
272 5
163 10
233 8
379 7
82 6
694 6
515 2
419 8
483 3
321 714
554 4
798 7
377 10
236 7
443 6
348 7
776 1
481 5
768 7
450 27
95 3
478 1
614 4
219 1
762 1
2 1
143 1
550 4
254 10
272 579
798 5
813 7
180 2
595 3
242 1
3 9
234 4
109 4
664 1
494 308
368 5
266 5
577 9
534 1
409 10
575 4
799 5
182 4
439 8
283 466
697 1
58 5
249 1
104 4
645 3
15 8
361 8
380 10
578 6
52 582
555 3
669 6
794 1
674 5
188 10
447 5
230 6
447 2
641 5
73 615
560 4
815 1
522 2
603 1
751 10
209 5
176 5
309 8
474 6
198 119
374 8
561 9
271 9
655 6
13 4
12 1
710 6
153 4
557 10
595 219
777 2
271 10
235 5
4 8
261 1
682 1
78 7
707 4
512 10
616 125
186 1
223 7
166 9
130 8
732 6
652 1
570 5
21 4
65 7
65 535
596 10
737 7
798 5
288 5
617 8
70 4
709 3
13 1
483 9
247 227
322 9
43 6
105 3
445 7
143 5
783 7
379 1
413 7
465 9
397 240
432 5
380 6
411 6
691 8
430 6
407 10
280 9
108 8
218 8
140 228
794 1
247 6
575 4
267 10
142 7
722 2
6 10
495 6
158 8
271 618
32 8
777 5
38 8
429 9
536 7
778 7
165 1
626 4
411 8
157 738
362 7
330 4
529 4
750 8
460 1
28 5
440 6
310 3
70 1
677 26
499 3
573 2
247 10
610 6
46 6
476 5
734 1
440 10
300 10
388 126
595 7
577 2
12 5
88 6
622 4
316 1
614 5
70 9
11 6
816 230
704 10
103 9
136 10
545 2
38 7
390 1
483 4
226 1
763 1
646 757
388 7
11 4
762 3
785 8
440 10
21 10
672 5
595 6
211 8
749 397
395 9
486 4
701 8
808 2
274 4
283 4
30 10
487 4
395 5
462 104
693 7
296 9
553 8
640 5
64 8
95 3
126 5
676 4
168 7
386 488
601 9
629 9
77 3
99 10
12 7
561 2
741 6
92 5
604 10
219 422
664 5
804 2
279 2
723 10
389 2
732 8
499 10
327 5
627 5
403 689
389 9
481 2
768 9
783 4
581 6
818 4
584 9
27 7
748 9
323 728
580 4
6 6
825 4
69 6
18 10
349 3
224 8
17 2
138 10
266 90
154 5
779 7
574 7
209 5
289 2
808 3
245 6
157 6
623 9
236 710
625 7
109 7
748 8
761 3
502 8
419 5
771 1
626 3
112 8
433 592
676 10
594 3
478 6
296 5
104 7
784 8
556 2
34 2
390 6
406 187
106 7
420 10
131 2
515 4
372 9
591 5
730 1
546 4
488 1
790 284
306 2
725 8
237 9
810 10
120 7
714 2
607 4
826 8
666 7
313 339
778 3
127 6
766 1
297 10
414 6
507 5
494 8
212 8
54 10
390 754
164 6
552 6
757 5
10 7
464 5
96 3
643 6
785 9
401 3
64 106
553 7
8 3
146 9
352 2
276 3
297 4
759 9
476 8
811 2
514 310
569 9
14 1
792 8
629 5
670 9
652 6
91 3
688 3
523 6
471 69
379 8
220 7
732 10
104 7
38 4
433 5
327 3
687 7
102 2
688 364
541 8
308 8
360 10
252 3
7 6
530 3
383 9
221 1
810 9
134 737
683 5
688 5
370 1
703 10
87 6
48 6
149 9
759 3
166 3
492 373
218 5
229 9
481 7
58 9
512 2
690 6
381 10
720 10
524 8
565 693
457 6
787 8
601 4
106 6
95 4
737 2
212 9
33 2
498 10
123 685
30 1
406 6
744 5
30 5
273 3
455 4
661 9
419 3
671 8
499 634
188 10
98 10
189 6
277 2
1 6
499 7
685 8
37 8
130 1
559 748
157 2
448 3
585 3
298 7
96 1
701 8
683 3
707 2
559 6
438 808
483 1
226 9
667 4
485 6
767 5
334 6
719 3
222 5
304 7
779 377
112 6
397 7
399 3
607 3
452 7
360 1
24 4
800 5
820 6
687 138
284 2
815 1
59 9
791 10
443 3
180 10
144 8
545 10
605 10
269 529
68 8
688 2
85 1
292 9
808 1
689 6
492 5
359 9
566 5
415 555
446 10
714 4
749 9
307 7
19 4
262 5
311 1
311 4
452 4
760 141
127 5
97 10
468 7
798 2
323 1
439 5
780 8
675 10
400 4
65 16
495 5
335 7
385 9
352 5
519 4
555 3
696 2
546 4
330 1
180 709
813 8
535 5
83 6
474 10
206 9
720 2
541 6
424 2
469 5
343 550
70 6
423 6
252 3
326 5
640 5
92 9
825 10
580 4
147 10
654 652
341 3
744 7
607 7
692 3
413 3
693 3
159 6
105 5
806 1
583 548
789 7
714 2
369 7
671 9
510 9
342 8
149 6
687 3
69 1
308 747
704 6
802 8
790 6
166 9
781 8
95 2
289 1
597 4
667 2
138 173
124 10
557 6
427 5
121 6
159 5
467 4
368 6
242 9
496 8
539 188
190 9
497 6
428 7
750 8
472 6
610 2
41 5
97 9
150 9
652 26
