902 1000
1 2
1 3
2 4
2 5
4 6
1 7
7 8
7 9
8 10
3 11
5 12
1 13
12 14
2 15
6 16
10 17
12 18
7 19
9 20
12 21
9 22
14 23
13 24
13 25
12 26
17 27
4 28
13 29
13 30
5 31
1 32
16 33
30 34
28 35
12 36
36 37
19 38
10 39
34 40
16 41
29 42
16 43
39 44
41 45
37 46
16 47
38 48
48 49
37 50
50 51
23 52
30 53
32 54
50 55
39 56
23 57
52 58
45 59
59 60
44 61
32 62
47 63
35 64
57 65
50 66
35 67
67 68
66 69
34 70
28 71
50 72
65 73
46 74
33 75
40 76
9 77
56 78
1 79
71 80
77 81
4 82
17 83
19 84
40 85
84 86
78 87
47 88
61 89
79 90
63 91
66 92
87 93
9 94
13 95
58 96
85 97
73 98
42 99
59 100
41 101
51 102
17 103
21 104
20 105
15 106
5 107
27 108
22 109
100 110
81 111
102 112
72 113
47 114
15 115
37 116
63 117
113 118
50 119
110 120
1 121
37 122
96 123
73 124
66 125
46 126
103 127
48 128
124 129
67 130
17 131
99 132
89 133
31 134
128 135
89 136
21 137
88 138
79 139
53 140
119 141
47 142
86 143
99 144
44 145
15 146
108 147
71 148
26 149
121 150
116 151
104 152
125 153
121 154
49 155
12 156
105 157
60 158
81 159
122 160
49 161
160 162
130 163
42 164
1 165
47 166
157 167
165 168
98 169
11 170
103 171
17 172
114 173
86 174
59 175
111 176
4 177
156 178
70 179
93 180
97 181
49 182
46 183
172 184
65 185
160 186
131 187
13 188
112 189
154 190
86 191
96 192
21 193
162 194
181 195
24 196
2 197
64 198
52 199
22 200
49 201
61 202
147 203
182 204
94 205
76 206
112 207
23 208
19 209
143 210
123 211
52 212
163 213
70 214
177 215
162 216
128 217
118 218
84 219
29 220
110 221
122 222
24 223
62 224
109 225
48 226
83 227
83 228
219 229
112 230
156 231
218 232
210 233
86 234
214 235
213 236
187 237
190 238
12 239
16 240
118 241
113 242
116 243
118 244
217 245
56 246
186 247
55 248
222 249
48 250
38 251
26 252
125 253
45 254
231 255
201 256
34 257
202 258
67 259
113 260
89 261
243 262
156 263
95 264
247 265
245 266
81 267
182 268
104 269
44 270
205 271
258 272
272 273
6 274
185 275
268 276
220 277
42 278
207 279
79 280
274 281
105 282
192 283
253 284
147 285
62 286
154 287
109 288
118 289
184 290
143 291
110 292
154 293
165 294
160 295
50 296
260 297
8 298
122 299
203 300
133 301
113 302
5 303
277 304
197 305
95 306
139 307
136 308
112 309
61 310
112 311
293 312
183 313
102 314
198 315
125 316
17 317
51 318
60 319
74 320
5 321
242 322
251 323
266 324
173 325
287 326
319 327
127 328
124 329
180 330
311 331
224 332
199 333
119 334
333 335
236 336
69 337
260 338
5 339
210 340
227 341
160 342
282 343
321 344
215 345
66 346
325 347
81 348
255 349
15 350
260 351
166 352
26 353
88 354
299 355
293 356
189 357
179 358
288 359
15 360
248 361
59 362
165 363
80 364
171 365
115 366
363 367
76 368
146 369
151 370
2 371
355 372
63 373
336 374
204 375
9 376
54 377
59 378
141 379
122 380
273 381
23 382
189 383
195 384
354 385
249 386
247 387
228 388
121 389
197 390
378 391
241 392
189 393
140 394
135 395
350 396
378 397
382 398
40 399
179 400
387 401
310 402
396 403
318 404
105 405
124 406
279 407
366 408
115 409
64 410
378 411
57 412
143 413
302 414
138 415
123 416
210 417
229 418
403 419
352 420
177 421
277 422
417 423
377 424
190 425
50 426
334 427
61 428
228 429
191 430
177 431
78 432
3 433
33 434
70 435
157 436
424 437
244 438
344 439
80 440
413 441
284 442
324 443
146 444
177 445
42 446
421 447
47 448
80 449
38 450
338 451
451 452
451 453
318 454
83 455
191 456
158 457
235 458
269 459
77 460
118 461
271 462
162 463
306 464
296 465
444 466
282 467
154 468
226 469
26 470
364 471
199 472
281 473
144 474
27 475
414 476
422 477
237 478
10 479
292 480
192 481
341 482
108 483
366 484
56 485
307 486
277 487
486 488
367 489
240 490
137 491
337 492
129 493
102 494
228 495
218 496
356 497
8 498
1 499
385 500
446 501
411 502
426 503
399 504
386 505
427 506
192 507
74 508
497 509
300 510
443 511
39 512
91 513
304 514
356 515
472 516
369 517
129 518
415 519
75 520
109 521
90 522
317 523
348 524
180 525
139 526
110 527
487 528
397 529
92 530
461 531
325 532
339 533
166 534
105 535
405 536
523 537
217 538
174 539
434 540
494 541
58 542
169 543
79 544
67 545
263 546
305 547
146 548
158 549
435 550
161 551
242 552
77 553
119 554
43 555
348 556
521 557
395 558
234 559
62 560
149 561
3 562
134 563
59 564
557 565
304 566
359 567
72 568
391 569
364 570
103 571
349 572
9 573
462 574
42 575
440 576
409 577
457 578
578 579
335 580
94 581
462 582
205 583
420 584
315 585
22 586
388 587
526 588
121 589
280 590
409 591
367 592
339 593
548 594
117 595
316 596
15 597
583 598
490 599
543 600
246 601
319 602
35 603
290 604
547 605
89 606
364 607
244 608
63 609
133 610
66 611
403 612
532 613
180 614
189 615
249 616
157 617
443 618
448 619
188 620
23 621
358 622
335 623
503 624
69 625
89 626
144 627
293 628
510 629
186 630
181 631
631 632
591 633
59 634
13 635
425 636
590 637
260 638
298 639
461 640
59 641
561 642
33 643
285 644
263 645
451 646
459 647
612 648
429 649
320 650
457 651
395 652
213 653
80 654
128 655
446 656
391 657
448 658
649 659
71 660
141 661
517 662
473 663
284 664
399 665
280 666
603 667
359 668
239 669
529 670
357 671
408 672
474 673
110 674
267 675
640 676
556 677
333 678
330 679
131 680
179 681
659 682
337 683
376 684
106 685
282 686
479 687
557 688
669 689
368 690
211 691
631 692
335 693
254 694
198 695
69 696
564 697
452 698
383 699
146 700
554 701
19 702
544 703
76 704
562 705
248 706
43 707
565 708
637 709
567 710
535 711
635 712
606 713
383 714
108 715
463 716
151 717
36 718
488 719
378 720
488 721
651 722
468 723
23 724
2 725
585 726
543 727
140 728
496 729
268 730
559 731
702 732
570 733
492 734
546 735
344 736
384 737
628 738
704 739
400 740
706 741
277 742
514 743
240 744
736 745
35 746
740 747
235 748
283 749
163 750
227 751
714 752
203 753
197 754
681 755
477 756
36 757
38 758
672 759
594 760
319 761
413 762
545 763
239 764
343 765
486 766
163 767
115 768
246 769
11 770
71 771
130 772
57 773
760 774
54 775
203 776
682 777
252 778
255 779
594 780
634 781
499 782
395 783
267 784
305 785
94 786
353 787
325 788
185 789
258 790
561 791
789 792
657 793
787 794
665 795
197 796
285 797
724 798
236 799
72 800
695 801
710 802
625 803
286 804
386 805
205 806
417 807
638 808
44 809
221 810
784 811
76 812
562 813
615 814
407 815
279 816
568 817
579 818
117 819
431 820
80 821
286 822
812 823
270 824
761 825
582 826
154 827
409 828
658 829
464 830
267 831
202 832
284 833
465 834
113 835
323 836
107 837
285 838
90 839
595 840
276 841
69 842
643 843
702 844
143 845
188 846
408 847
658 848
435 849
332 850
683 851
265 852
377 853
528 854
182 855
114 856
276 857
542 858
420 859
694 860
487 861
268 862
619 863
139 864
114 865
476 866
433 867
250 868
561 869
48 870
126 871
827 872
580 873
3 874
817 875
772 876
837 877
523 878
605 879
878 880
767 881
773 882
527 883
221 884
297 885
875 886
683 887
242 888
121 889
106 890
670 891
838 892
742 893
99 894
269 895
591 896
864 897
468 898
698 899
228 900
65 901
569 902
194 7
792 9
304 4
553 3
15 6
853 5
686 9
718 2
888 9
810 466
786 10
742 4
682 1
715 3
510 6
691 10
71 6
172 10
229 10
9 412
467 6
539 2
486 7
228 5
345 10
502 10
651 8
14 8
879 2
869 22
878 6
573 6
123 9
450 6
219 3
288 9
528 2
72 9
444 2
882 19
147 1
160 5
302 2
582 8
429 6
512 3
699 5
252 7
111 1
514 87
430 8
213 3
652 8
720 6
617 2
543 4
5 2
69 6
547 4
471 470
277 1
125 5
586 4
184 1
244 7
87 10
766 9
590 9
448 8
82 669
706 6
252 3
384 10
715 4
59 10
765 3
741 8
721 4
156 9
118 638
612 9
187 8
289 2
265 3
511 7
284 6
608 8
233 6
73 10
358 38
582 5
364 1
821 3
320 5
613 3
283 10
630 10
552 4
751 5
467 182
263 4
134 2
134 7
471 6
426 10
491 4
330 9
612 8
87 1
11 214
582 3
117 9
419 1
121 4
429 7
109 7
571 10
744 4
681 4
653 411
148 1
230 6
479 8
365 10
634 2
678 6
118 3
553 3
668 1
901 97
796 6
122 6
52 8
104 8
242 8
238 6
469 8
699 9
363 8
820 124
206 6
567 9
577 6
23 4
583 7
95 4
861 4
9 10
495 10
794 335
694 2
711 10
713 3
436 8
493 10
405 8
156 4
777 10
823 1
10 696
414 6
425 8
442 10
403 7
81 6
448 3
189 7
770 3
203 5
838 179
301 6
807 5
42 7
654 10
844 7
81 3
53 3
199 6
670 5
537 214
648 7
779 7
794 8
772 6
70 1
858 2
17 10
49 3
61 9
794 59
316 7
307 9
128 1
332 3
799 2
131 9
445 3
257 8
303 5
857 520
891 9
781 2
282 5
779 3
572 3
650 6
756 1
157 4
66 9
576 579
312 3
388 4
899 6
231 5
629 3
534 1
535 5
448 7
446 7
297 785
476 3
606 3
734 4
419 10
541 2
458 4
563 1
142 4
38 4
782 438
447 5
24 5
802 1
510 6
20 8
785 7
186 9
812 9
682 3
175 287
360 8
438 6
459 5
398 7
421 4
174 9
850 6
238 8
473 3
426 850
684 5
698 5
572 8
179 2
64 7
210 10
81 3
576 4
746 1
383 474
149 2
803 3
102 6
526 1
453 7
330 5
3 9
832 5
839 10
592 876
750 8
450 4
506 2
804 1
755 2
16 10
564 2
572 8
317 5
624 429
480 1
176 3
136 3
116 10
668 7
879 2
168 1
386 5
320 3
145 898
1 4
702 3
21 4
666 6
625 5
736 5
800 6
676 3
823 6
176 391
886 1
821 4
706 2
350 1
673 2
506 2
214 6
791 9
410 3
645 462
71 4
829 9
640 10
853 9
107 5
764 9
799 2
567 3
309 7
532 856
791 8
685 10
688 1
789 10
402 2
441 6
617 5
42 1
80 6
41 276
257 3
645 10
381 6
822 8
470 3
729 3
473 2
509 1
825 2
518 23
293 9
555 4
754 8
127 7
386 5
804 9
619 3
277 5
305 8
702 694
846 7
645 2
106 9
648 2
893 4
857 1
84 8
318 6
186 7
263 841
252 2
417 10
464 2
812 2
857 6
596 10
863 6
692 6
230 4
140 415
640 10
444 4
587 2
788 1
69 6
614 3
153 2
891 1
759 3
584 477
875 4
453 2
483 4
391 9
577 4
879 5
779 9
633 3
77 7
608 266
119 5
483 1
604 7
840 9
137 8
133 2
60 8
180 5
644 5
250 632
261 8
343 6
642 2
269 8
183 9
780 10
410 4
704 3
125 2
229 136
879 1
663 8
3 9
738 2
502 4
882 5
823 7
653 1
773 2
3 90
45 7
728 8
297 7
655 1
456 1
684 4
834 7
806 10
438 2
597 632
807 3
413 3
618 8
340 3
358 4
462 8
815 9
513 9
876 10
148 450
153 10
87 10
663 10
1 9
346 10
221 10
791 5
883 8
97 9
887 587
514 9
562 6
13 10
422 1
284 4
544 4
326 6
40 1
3 10
214 624
328 5
311 4
786 7
857 2
836 6
700 10
514 5
159 9
742 4
724 587
548 10
727 7
772 4
21 3
560 3
488 5
476 2
895 7
351 9
741 180
276 10
213 5
284 9
54 1
166 5
626 6
62 9
734 7
797 6
317 321
5 1
773 9
329 2
901 5
23 8
647 6
860 2
621 3
651 7
687 618
644 9
229 6
311 5
407 3
336 3
473 4
105 3
22 3
784 7
302 784
675 9
525 8
153 7
888 7
60 8
643 5
512 1
45 7
379 5
412 75
109 6
712 5
533 2
684 2
219 3
275 2
135 7
577 2
99 4
287 629
366 6
854 7
21 5
656 1
574 8
559 8
784 9
50 2
607 6
28 196
480 9
262 10
297 5
658 10
17 1
456 6
818 2
110 5
220 4
456 414
548 1
818 3
43 9
884 9
882 7
206 10
494 10
608 9
138 1
692 477
767 5
739 4
863 8
646 1
547 9
807 6
722 10
646 10
335 4
97 883
801 2
544 4
329 1
834 1
772 1
207 8
853 9
797 3
14 7
553 589
672 7
683 3
392 5
836 5
623 10
847 9
380 10
57 2
164 5
901 159
337 1
745 9
364 2
789 5
215 4
149 2
491 4
432 4
535 5
218 532
307 4
832 3
388 9
440 9
514 1
448 8
466 9
896 1
333 5
445 48
150 3
445 2
130 10
590 10
254 1
633 5
889 8
647 3
530 2
737 883
220 8
238 1
462 5
492 7
514 8
806 7
405 3
460 5
155 5
629 464
135 6
142 10
155 5
500 9
268 5
530 6
763 4
449 10
516 9
493 128
695 7
462 3
411 7
440 1
885 5
528 6
795 3
108 5
488 10
873 655
307 10
659 5
268 3
382 2
571 5
351 2
472 6
365 4
78 4
216 497
666 4
752 2
768 1
612 1
331 2
346 4
839 2
776 1
641 5
222 10
390 8
552 9
606 5
486 7
801 8
92 1
874 6
673 4
103 5
185 85
130 1
243 7
233 7
507 7
449 8
514 7
19 3
554 7
785 10
779 321
320 6
822 2
131 6
156 9
463 1
428 6
772 3
78 2
635 2
207 328
374 10
750 3
699 7
66 10
447 7
860 2
461 2
7 1
76 6
314 615
443 8
754 1
335 8
291 2
79 5
818 3
39 3
843 1
162 6
820 460
556 4
242 3
643 4
460 9
886 1
665 10
425 8
231 8
297 10
625 825
639 6
111 10
853 1
686 3
373 7
160 1
657 8
895 3
564 8
299 343
526 4
318 10
295 5
149 3
283 9
590 5
760 1
250 9
620 2
237 511
655 2
826 2
73 4
307 1
386 8
212 8
358 4
846 2
129 4
796 246
14 10
357 5
543 1
94 4
30 2
7 3
79 3
208 8
348 4
157 526
684 4
90 10
684 2
585 5
488 2
622 4
304 10
871 9
652 4
98 668
444 8
539 10
644 8
563 5
176 7
796 9
722 1
5 3
757 7
314 24
619 4
795 2
177 2
411 6
433 6
741 5
802 1
328 3
164 10
744 56
126 5
324 2
846 4
450 6
457 1
682 4
213 2
730 4
125 1
377 855
443 10
343 3
88 7
272 6
439 1
620 2
105 5
890 6
392 5
591 425
100 5
223 3
81 7
526 4
843 5
606 9
46 9
764 6
401 1
812 25
516 8
52 6
303 7
897 1
327 2
592 6
499 2
783 6
636 6
273 231
447 10
205 7
227 4
604 7
833 7
549 9
211 5
703 6
829 5
474 459
173 4
239 3
639 9
95 5
426 10
481 3
283 1
696 2
399 4
285 868
345 2
165 2
352 8
159 8
167 1
863 8
126 9
312 5
601 5
623 140
469 4
697 6
345 10
558 4
842 6
207 1
195 7
370 9
469 1
746 199
799 6
135 6
222 5
661 7
789 2
784 4
675 2
126 10
374 10
806 646
889 9
329 2
559 1
532 4
367 4
709 3
633 2
816 5
207 1
561 279
786 3
385 10
236 9
148 3
843 5
884 3
225 10
806 9
765 10
121 901
24 3
597 2
160 8
439 2
149 9
632 9
788 3
58 4
715 2
646 605
886 5
533 6
483 9
253 8
3 4
861 2
362 4
232 1
275 3
856 412
277 8
620 6
136 5
422 5
717 6
697 7
360 4
21 2
264 9
685 413
483 3
685 2
682 4
684 8
703 3
336 4
484 4
416 8
186 5
863 892
235 3
216 4
351 5
126 7
311 6
633 6
640 4
845 9
658 1
418 398
275 5
609 6
391 3
199 1
134 2
141 3
800 10
719 3
483 1
349 842
370 8
424 2
895 8
602 6
728 8
295 9
741 6
31 10
468 3
269 863
229 5
878 1
502 1
5 6
511 10
658 9
463 10
159 3
257 2
610 534
551 10
448 8
151 1
809 2
648 4
424 4
867 1
329 4
204 4
739 842
