330 1000
1 2
1 3
2 4
4 5
2 6
5 7
5 8
8 9
8 10
5 11
11 12
3 13
5 14
12 15
5 16
16 17
8 18
6 19
18 20
4 21
11 22
17 23
16 24
10 25
23 26
13 27
8 28
4 29
13 30
16 31
5 32
29 33
14 34
21 35
25 36
34 37
18 38
23 39
23 40
30 41
39 42
34 43
9 44
6 45
13 46
23 47
47 48
33 49
15 50
32 51
17 52
40 53
16 54
39 55
21 56
56 57
44 58
9 59
57 60
18 61
13 62
31 63
29 64
49 65
20 66
32 67
44 68
41 69
39 70
33 71
9 72
70 73
55 74
10 75
24 76
35 77
68 78
14 79
63 80
19 81
7 82
79 83
75 84
23 85
65 86
55 87
20 88
52 89
66 90
72 91
64 92
84 93
78 94
61 95
10 96
20 97
71 98
18 99
8 100
49 101
14 102
83 103
67 104
3 105
33 106
79 107
41 108
47 109
67 110
97 111
91 112
24 113
43 114
37 115
20 116
111 117
19 118
57 119
1 120
45 121
46 122
41 123
27 124
123 125
87 126
35 127
99 128
107 129
43 130
68 131
87 132
99 133
123 134
123 135
112 136
100 137
20 138
73 139
74 140
113 141
54 142
50 143
121 144
130 145
129 146
29 147
54 148
83 149
44 150
43 151
29 152
149 153
38 154
78 155
56 156
29 157
11 158
15 159
137 160
103 161
121 162
13 163
35 164
149 165
61 166
47 167
23 168
139 169
115 170
129 171
167 172
37 173
35 174
1 175
121 176
154 177
116 178
168 179
78 180
97 181
138 182
93 183
58 184
35 185
50 186
46 187
23 188
46 189
50 190
109 191
62 192
125 193
69 194
153 195
17 196
139 197
145 198
171 199
26 200
55 201
114 202
96 203
178 204
33 205
182 206
194 207
3 208
90 209
134 210
125 211
167 212
20 213
9 214
1 215
61 216
53 217
206 218
136 219
34 220
131 221
183 222
214 223
53 224
16 225
11 226
5 227
76 228
80 229
86 230
38 231
100 232
16 233
113 234
41 235
153 236
97 237
155 238
194 239
206 240
148 241
209 242
222 243
167 244
15 245
106 246
217 247
22 248
195 249
65 250
194 251
118 252
232 253
103 254
191 255
57 256
25 257
91 258
250 259
206 260
43 261
183 262
140 263
165 264
77 265
200 266
97 267
98 268
201 269
105 270
7 271
163 272
160 273
261 274
247 275
108 276
190 277
53 278
73 279
131 280
36 281
43 282
266 283
12 284
220 285
69 286
117 287
218 288
1 289
234 290
25 291
192 292
201 293
194 294
135 295
256 296
16 297
113 298
181 299
195 300
271 301
72 302
271 303
254 304
273 305
179 306
77 307
114 308
195 309
220 310
52 311
130 312
129 313
53 314
146 315
128 316
9 317
34 318
20 319
277 320
8 321
261 322
180 323
7 324
306 325
123 326
66 327
183 328
163 329
11 330
273 10
40 1
82 8
128 7
139 1
213 1
201 6
146 3
84 7
323 294
247 8
299 10
112 9
186 7
248 10
11 8
167 7
278 9
102 6
73 136
221 7
279 7
250 7
128 7
235 3
230 3
157 2
201 6
66 2
152 131
83 4
250 9
13 1
109 6
301 1
163 8
85 4
134 2
69 7
297 223
306 9
97 3
233 10
224 10
237 10
249 3
37 8
30 9
173 7
283 184
294 7
134 5
282 4
293 9
68 5
134 4
95 4
147 10
19 9
212 127
227 8
87 8
187 10
248 8
129 8
258 3
303 8
152 5
184 7
208 189
8 9
301 4
223 10
63 7
30 5
161 4
3 3
238 3
310 7
14 51
70 8
111 3
28 10
301 2
197 7
213 8
210 2
213 7
135 8
214 50
8 3
107 3
263 2
151 3
312 3
250 5
82 7
87 3
61 1
176 154
304 1
51 7
178 6
302 4
204 8
81 8
284 10
173 9
213 4
214 287
309 10
323 1
90 5
256 8
148 6
47 4
99 9
147 10
77 1
65 162
290 4
181 9
156 2
105 8
30 9
254 6
74 7
17 9
216 4
81 320
159 6
47 3
54 1
53 5
68 10
170 1
31 3
28 3
148 2
252 159
190 8
67 1
127 3
34 7
247 4
257 10
283 6
196 6
204 1
80 246
323 6
191 5
319 8
237 10
18 1
16 10
130 5
125 10
98 2
299 262
187 7
187 9
91 3
205 8
141 4
39 7
195 2
148 10
84 6
268 283
53 9
149 7
284 1
285 3
280 9
313 1
117 1
168 2
12 3
26 166
147 5
64 6
263 2
309 4
138 6
95 6
249 6
121 5
226 5
245 298
153 4
261 6
242 6
274 1
156 7
58 5
216 5
91 5
15 4
37 243
80 6
265 1
115 6
221 1
167 10
265 1
19 7
177 6
50 3
175 277
69 3
172 5
114 7
111 1
85 6
290 5
196 6
324 8
24 4
177 37
27 5
186 2
330 6
323 5
3 7
261 4
232 1
40 8
319 6
128 188
52 8
135 7
88 7
206 10
4 4
68 2
81 5
182 3
75 5
55 246
165 10
248 6
241 3
267 2
217 2
183 1
228 9
274 3
161 5
115 156
245 2
101 1
219 4
11 2
74 5
99 3
203 1
254 7
212 9
16 95
265 3
29 8
55 3
286 8
143 7
47 8
92 1
123 1
240 1
165 163
270 1
113 6
242 7
259 4
288 7
324 3
138 4
157 9
129 10
117 255
37 1
324 2
268 5
164 1
109 3
121 8
62 1
114 6
285 7
20 315
95 9
151 5
30 1
282 8
150 5
21 5
311 8
106 9
13 3
326 323
211 8
221 3
319 10
73 6
74 2
63 6
90 3
118 6
217 5
10 225
114 9
305 1
135 7
67 4
83 8
160 8
262 2
42 10
58 4
174 287
74 2
95 10
152 2
299 1
45 1
33 1
21 5
320 8
157 3
114 229
9 8
145 10
26 4
320 1
152 5
158 8
193 3
247 9
170 1
104 104
264 2
254 7
28 9
163 2
34 7
159 4
36 6
326 5
116 8
212 304
259 8
243 10
122 7
117 10
133 3
28 6
26 2
158 9
66 5
136 190
153 1
250 10
25 2
254 4
93 3
11 3
189 9
236 2
120 9
19 101
85 9
256 4
250 8
267 2
2 9
163 4
41 2
68 5
247 9
173 112
12 4
63 3
324 5
235 9
297 3
81 5
35 7
257 1
142 3
137 41
90 10
318 10
264 7
247 3
273 1
147 10
134 10
278 2
167 8
153 19
309 2
153 7
313 1
24 5
142 9
58 5
119 2
163 5
79 6
109 317
187 8
224 8
91 3
95 1
266 10
110 2
42 10
188 1
75 2
257 99
204 5
138 3
36 1
70 3
5 3
323 6
178 6
235 2
271 9
54 281
103 7
248 1
209 7
161 10
193 8
185 5
125 4
77 4
246 7
206 20
193 6
75 2
323 4
133 8
160 6
181 2
85 6
298 4
169 8
258 24
14 7
300 9
112 4
78 8
99 3
177 1
193 2
234 10
129 7
304 100
311 10
307 10
142 1
25 1
220 8
21 4
327 2
106 2
297 1
50 217
88 3
80 8
325 8
281 3
92 5
112 1
99 4
299 2
128 3
305 74
8 10
120 8
266 6
102 8
66 1
118 9
245 2
300 7
256 3
290 166
176 2
306 6
56 7
143 9
303 2
160 10
160 5
299 6
52 6
296 81
67 5
111 9
235 5
201 2
311 1
17 8
80 10
224 6
291 5
215 10
164 3
127 3
237 9
10 5
81 10
249 9
184 5
51 9
227 9
235 125
192 5
64 9
329 7
214 7
213 2
239 9
48 6
152 9
94 4
173 272
188 3
242 10
106 10
168 4
10 10
158 4
170 9
45 3
43 1
258 19
89 8
93 7
82 10
205 1
327 6
141 6
217 3
51 9
134 2
145 75
152 10
219 1
308 10
93 2
94 1
69 2
113 5
266 10
67 8
36 200
320 8
92 10
259 7
39 4
119 5
81 4
287 1
114 2
12 7
221 219
279 1
323 3
58 9
302 3
29 3
34 7
23 2
60 4
271 10
1 204
38 3
25 5
108 10
215 5
183 2
323 5
75 10
184 5
115 4
17 99
90 3
192 5
249 1
169 2
269 9
49 8
108 3
256 5
35 4
107 181
236 7
6 6
61 6
299 2
198 2
221 5
123 4
141 4
242 9
15 330
161 6
289 8
326 3
280 5
279 2
215 9
226 7
284 2
294 9
163 58
243 3
277 9
164 3
172 4
117 9
89 9
176 1
1 10
283 9
172 180
214 5
168 8
120 9
235 5
270 8
149 5
322 8
55 9
59 8
13 248
290 5
306 7
287 4
242 9
317 3
232 5
65 5
178 8
228 9
219 82
157 4
152 8
148 5
194 2
38 1
38 7
149 7
219 1
132 7
154 312
279 3
44 3
182 5
196 2
263 9
139 9
273 7
169 6
63 6
142 296
120 8
114 10
33 4
56 2
86 4
296 7
129 9
38 3
34 7
74 105
104 1
17 6
315 4
216 3
273 1
268 9
116 7
154 7
254 6
270 39
200 7
231 6
109 9
171 5
280 1
246 2
179 10
161 4
274 3
166 294
25 1
262 10
212 10
275 3
113 1
216 10
139 4
246 4
93 5
261 56
103 6
23 6
198 5
160 5
275 9
217 5
46 5
261 3
12 6
36 320
312 1
151 4
192 6
99 5
142 5
71 6
106 10
23 7
59 8
45 200
144 7
68 6
75 7
257 5
263 6
260 10
140 2
198 3
239 7
5 76
114 2
176 1
306 9
205 4
132 1
3 8
326 10
291 7
324 6
23 275
54 8
232 6
89 7
247 1
214 7
241 10
274 8
6 2
245 2
227 250
164 8
207 4
291 9
84 6
145 1
133 8
307 3
135 4
325 10
232 326
141 5
184 7
211 3
259 1
101 1
148 3
214 7
291 6
30 10
110 153
297 6
187 7
275 2
64 1
318 4
113 4
129 5
257 3
89 6
210 294
255 9
129 5
82 6
216 8
321 6
240 4
178 4
143 10
321 3
4 282
269 2
186 9
167 2
104 6
81 2
312 5
329 10
172 5
322 9
198 115
276 6
21 8
135 4
192 10
200 9
273 3
67 7
313 7
286 10
73 55
248 4
233 6
310 5
210 8
220 8
225 9
226 1
159 3
218 1
157 216
52 8
249 3
200 2
7 9
235 5
329 8
8 3
323 9
70 6
128 55
122 9
67 4
73 7
53 8
194 8
284 8
193 6
54 8
87 6
321 281
201 3
236 2
212 2
144 8
35 7
2 9
132 10
100 2
8 7
228 227
284 5
259 1
22 9
280 9
283 6
309 7
148 6
260 6
31 4
232 48
42 9
324 9
33 3
280 2
65 10
130 4
248 9
255 9
180 3
52 187
64 5
279 9
112 9
142 6
127 10
54 1
329 9
156 7
58 10
276 124
55 9
330 10
102 4
80 3
35 7
140 9
249 8
207 7
198 10
169 37
302 2
60 4
259 7
18 10
42 5
178 8
180 4
205 8
241 2
121 108
111 5
304 5
194 6
318 2
22 5
205 1
317 10
85 2
317 5
51 290
158 6
29 3
19 5
53 1
90 10
179 5
84 10
104 10
312 3
222 76
54 8
148 10
65 10
282 8
163 6
304 7
283 2
180 9
145 8
13 264
326 10
109 1
260 1
51 7
42 1
59 5
20 3
221 10
281 7
5 72
86 3
275 2
16 6
143 8
255 1
160 4
312 2
215 3
73 2
5 285
251 2
106 2
91 10
266 5
157 9
78 4
180 8
177 7
218 7
79 300
311 7
43 4
90 10
181 5
28 1
322 3
97 8
9 9
86 10
155 85
148 10
252 3
128 3
214 10
48 6
15 6
91 8
64 4
74 9
56 121
249 3
37 4
301 5
60 2
94 1
317 7
285 4
30 1
291 10
168 80
