606 1000
1 2
2 3
3 4
4 5
5 6
1 7
4 8
6 9
7 10
2 11
2 12
2 13
10 14
12 15
3 16
8 17
1 18
5 19
15 20
9 21
9 22
1 23
10 24
11 25
8 26
4 27
22 28
17 29
4 30
5 31
19 32
5 33
10 34
19 35
7 36
11 37
25 38
13 39
34 40
30 41
13 42
34 43
16 44
20 45
12 46
39 47
21 48
19 49
39 50
41 51
24 52
2 53
5 54
51 55
23 56
30 57
39 58
53 59
45 60
32 61
3 62
33 63
50 64
56 65
3 66
23 67
29 68
40 69
18 70
8 71
56 72
16 73
62 74
74 75
62 76
14 77
60 78
58 79
74 80
34 81
28 82
5 83
10 84
69 85
71 86
79 87
86 88
36 89
9 90
50 91
16 92
74 93
81 94
54 95
38 96
15 97
81 98
93 99
86 100
39 101
77 102
88 103
16 104
6 105
88 106
34 107
9 108
7 109
8 110
53 111
91 112
21 113
67 114
103 115
34 116
27 117
8 118
25 119
43 120
76 121
82 122
72 123
113 124
90 125
114 126
71 127
65 128
66 129
33 130
83 131
111 132
59 133
38 134
3 135
26 136
109 137
4 138
55 139
37 140
105 141
85 142
126 143
95 144
27 145
139 146
68 147
18 148
147 149
22 150
70 151
70 152
98 153
76 154
63 155
102 156
142 157
146 158
91 159
10 160
64 161
144 162
56 163
58 164
107 165
74 166
111 167
116 168
22 169
6 170
59 171
97 172
88 173
172 174
71 175
153 176
132 177
151 178
34 179
79 180
77 181
164 182
19 183
80 184
123 185
116 186
106 187
89 188
160 189
118 190
164 191
91 192
124 193
176 194
29 195
80 196
152 197
92 198
189 199
186 200
133 201
186 202
60 203
33 204
124 205
97 206
72 207
119 208
153 209
90 210
70 211
181 212
130 213
20 214
129 215
46 216
34 217
200 218
107 219
205 220
191 221
22 222
72 223
105 224
166 225
96 226
215 227
147 228
5 229
219 230
225 231
58 232
30 233
120 234
31 235
52 236
197 237
201 238
204 239
51 240
3 241
10 242
57 243
6 244
177 245
53 246
68 247
64 248
188 249
175 250
171 251
74 252
63 253
208 254
123 255
116 256
1 257
241 258
136 259
134 260
194 261
83 262
261 263
45 264
189 265
2 266
48 267
105 268
136 269
214 270
227 271
20 272
5 273
269 274
40 275
161 276
154 277
85 278
231 279
262 280
196 281
54 282
69 283
150 284
264 285
142 286
128 287
27 288
197 289
251 290
211 291
20 292
68 293
142 294
217 295
229 296
136 297
126 298
209 299
234 300
217 301
233 302
28 303
303 304
120 305
87 306
135 307
118 308
208 309
154 310
115 311
206 312
271 313
55 314
164 315
213 316
76 317
128 318
60 319
30 320
50 321
225 322
285 323
106 324
302 325
303 326
159 327
54 328
100 329
308 330
306 331
114 332
198 333
281 334
162 335
36 336
119 337
25 338
169 339
30 340
150 341
68 342
293 343
1 344
143 345
191 346
268 347
31 348
220 349
128 350
321 351
234 352
120 353
175 354
235 355
81 356
186 357
121 358
308 359
287 360
46 361
358 362
282 363
99 364
284 365
264 366
197 367
200 368
351 369
256 370
72 371
21 372
290 373
122 374
271 375
285 376
105 377
40 378
348 379
101 380
227 381
92 382
208 383
222 384
274 385
181 386
240 387
184 388
307 389
58 390
136 391
235 392
371 393
214 394
262 395
249 396
145 397
76 398
90 399
186 400
218 401
63 402
96 403
313 404
402 405
378 406
83 407
166 408
283 409
347 410
11 411
374 412
116 413
403 414
236 415
60 416
137 417
295 418
277 419
291 420
177 421
175 422
290 423
320 424
98 425
350 426
385 427
174 428
163 429
183 430
268 431
287 432
229 433
323 434
98 435
284 436
23 437
389 438
175 439
5 440
309 441
339 442
293 443
215 444
164 445
131 446
393 447
53 448
121 449
328 450
333 451
165 452
366 453
405 454
85 455
266 456
312 457
277 458
406 459
244 460
419 461
5 462
114 463
138 464
436 465
145 466
423 467
19 468
221 469
416 470
48 471
424 472
368 473
281 474
24 475
416 476
412 477
176 478
21 479
170 480
428 481
1 482
118 483
200 484
369 485
122 486
332 487
156 488
80 489
293 490
421 491
433 492
72 493
293 494
338 495
417 496
59 497
449 498
455 499
231 500
378 501
322 502
51 503
59 504
178 505
374 506
381 507
344 508
188 509
452 510
381 511
162 512
151 513
445 514
163 515
243 516
340 517
392 518
313 519
65 520
14 521
425 522
104 523
42 524
59 525
276 526
12 527
516 528
475 529
228 530
435 531
448 532
282 533
266 534
403 535
218 536
461 537
74 538
155 539
309 540
343 541
110 542
344 543
292 544
102 545
281 546
60 547
158 548
97 549
353 550
42 551
384 552
27 553
48 554
285 555
135 556
201 557
200 558
39 559
178 560
31 561
56 562
348 563
428 564
343 565
326 566
207 567
46 568
507 569
45 570
353 571
50 572
421 573
377 574
394 575
32 576
349 577
294 578
544 579
570 580
21 581
7 582
171 583
320 584
402 585
12 586
11 587
352 588
341 589
415 590
565 591
499 592
418 593
155 594
213 595
6 596
174 597
385 598
374 599
224 600
213 601
219 602
167 603
382 604
55 605
529 606
44 8
317 8
219 4
283 9
311 8
28 3
276 6
292 9
147 9
418 514
581 3
391 1
29 5
441 1
214 4
388 6
27 8
34 4
548 1
247 17
530 5
150 4
264 4
566 4
171 4
588 8
491 8
273 4
140 9
102 423
312 6
509 1
330 3
419 7
559 8
45 9
443 6
205 6
143 3
284 143
525 10
108 4
122 5
606 8
260 1
222 6
517 5
336 3
455 7
126 336
350 3
370 2
340 5
385 4
192 9
130 4
374 7
208 5
394 7
119 421
110 9
489 7
440 10
583 9
25 8
321 10
484 8
24 1
191 4
90 21
28 1
295 8
81 7
257 5
87 2
285 3
199 3
579 6
587 4
313 42
254 6
262 2
64 5
182 2
513 1
119 8
544 8
159 9
189 4
22 82
583 10
390 3
546 2
337 3
599 7
109 8
501 5
154 2
376 1
385 374
301 7
146 9
121 9
151 8
303 8
105 7
247 9
598 5
228 3
29 514
425 5
575 7
47 7
290 10
210 1
552 2
480 1
294 3
432 10
456 49
329 5
312 6
87 6
362 3
462 5
194 4
2 5
81 9
63 8
524 348
437 3
417 3
474 10
369 7
559 4
584 7
147 10
181 10
279 4
433 35
324 9
442 7
54 4
224 9
226 2
248 1
335 9
20 9
47 5
243 203
494 7
256 7
382 6
509 8
597 4
263 6
506 10
593 4
389 8
484 224
249 2
385 1
587 3
520 4
51 10
172 8
220 9
356 2
176 7
57 112
244 2
189 7
547 10
190 9
333 3
540 5
320 2
99 2
301 6
499 31
150 7
379 2
405 10
80 1
321 10
427 9
156 3
285 3
285 5
582 52
225 6
564 5
242 3
12 9
265 3
141 4
381 6
543 10
67 1
337 472
167 1
213 8
284 1
75 1
593 8
315 5
349 5
344 5
515 1
109 512
120 5
89 8
584 4
87 8
373 1
535 5
336 4
7 10
18 8
106 440
459 4
18 6
346 5
589 8
302 7
524 9
579 6
24 4
99 8
358 559
212 1
28 5
398 5
575 1
308 8
577 3
10 5
119 3
346 5
500 190
194 8
212 2
575 8
347 3
141 3
118 10
288 5
77 3
79 5
296 596
307 3
453 4
270 3
270 2
173 2
517 4
94 5
148 9
30 5
29 146
110 3
173 9
116 3
112 1
189 7
302 6
61 7
410 10
488 10
339 123
360 9
10 4
596 5
74 1
533 1
567 6
369 10
47 2
491 6
529 236
418 1
437 8
114 3
192 4
152 4
461 1
237 2
163 3
371 5
204 605
364 2
425 6
567 6
399 2
83 9
519 8
493 6
217 10
245 5
291 58
259 8
42 4
360 9
522 5
392 7
262 7
51 1
90 4
589 9
174 135
99 1
57 9
448 6
291 7
375 2
428 7
290 5
320 1
185 8
477 124
569 5
518 9
324 9
553 4
430 7
408 1
100 4
87 7
312 3
340 490
54 5
231 5
468 8
572 7
39 5
569 4
194 2
46 5
294 9
208 517
584 9
286 3
43 9
397 4
306 10
523 6
537 4
178 10
188 8
451 48
449 4
174 1
261 1
417 2
94 4
114 9
506 6
77 2
579 8
314 261
282 10
202 5
539 5
444 4
324 2
582 2
189 4
104 10
388 1
532 488
238 8
283 2
142 4
507 10
501 10
155 1
26 7
57 1
192 8
116 155
499 7
466 8
145 1
174 10
234 6
497 4
339 7
270 1
544 5
253 278
162 4
37 9
119 7
106 7
103 2
597 10
261 1
235 6
538 5
314 200
340 6
479 2
2 3
361 3
564 5
440 1
77 1
418 10
83 9
476 309
404 10
218 2
344 7
244 7
371 1
64 1
458 4
591 2
482 1
548 192
418 2
416 4
597 4
364 3
588 9
115 2
589 2
367 1
530 2
557 326
384 6
556 8
475 7
212 8
196 5
129 1
20 6
379 8
502 8
603 457
179 4
97 7
40 10
354 7
229 8
258 1
331 10
436 1
483 7
24 122
385 3
583 4
509 10
252 10
539 2
421 2
288 6
302 1
166 9
93 95
197 1
88 9
526 2
130 1
524 9
583 1
236 5
412 6
37 7
133 59
134 6
600 1
244 7
456 4
266 5
434 5
130 4
600 2
418 9
131 596
527 9
37 7
114 10
123 3
36 4
171 3
415 7
1 3
512 9
490 527
261 10
113 2
153 2
534 3
487 9
413 9
258 5
427 2
360 1
262 223
123 7
228 8
511 2
9 3
138 4
55 10
536 8
81 4
174 4
288 16
51 1
325 3
504 10
311 1
268 1
63 4
421 4
196 3
172 9
35 570
225 4
468 3
336 2
443 7
251 9
271 3
234 1
459 10
375 7
229 465
322 8
102 9
323 2
181 3
238 10
155 7
503 8
152 9
179 5
234 276
539 7
498 9
258 4
287 9
120 4
461 9
195 8
76 9
423 6
303 66
305 9
188 7
603 7
211 3
227 1
591 9
354 2
200 2
301 8
130 169
491 9
233 9
242 4
456 10
595 7
303 5
520 8
149 7
272 1
119 316
165 7
409 7
352 9
174 6
511 7
238 4
266 5
119 5
279 10
583 535
595 5
316 4
363 9
483 2
525 6
232 7
441 10
287 8
532 2
205 323
108 1
12 8
601 5
458 8
119 4
478 4
431 1
183 6
328 7
547 605
427 5
393 6
379 7
147 4
166 2
57 3
291 7
331 10
592 9
368 89
185 9
151 4
507 1
182 1
86 9
127 9
357 5
532 10
443 4
85 83
435 1
325 2
20 8
439 8
586 6
197 4
141 8
37 10
257 9
239 228
320 4
331 3
245 7
235 3
489 10
431 5
523 8
495 2
407 6
574 560
326 6
194 6
391 4
184 9
46 4
244 1
122 1
186 10
483 10
229 414
14 5
370 7
600 7
258 2
305 8
114 1
458 9
377 4
93 3
336 351
179 2
369 9
399 10
554 4
195 1
298 7
135 2
454 1
527 9
128 225
190 10
545 5
282 2
405 1
174 3
70 1
170 6
387 2
200 10
342 171
291 8
563 9
494 1
117 7
280 1
130 3
505 1
467 5
488 4
422 346
395 9
215 7
272 5
313 4
532 8
306 1
115 10
451 9
275 1
324 110
309 7
59 7
233 1
529 2
393 4
384 10
525 3
496 8
183 10
163 273
570 6
250 6
295 2
497 2
243 10
345 3
524 5
371 9
6 7
457 96
573 3
497 10
431 7
365 3
217 4
568 6
556 7
344 8
60 1
505 311
479 3
390 5
100 4
366 8
216 3
402 9
507 6
276 6
191 2
14 280
376 3
13 3
93 10
68 7
189 1
156 4
309 10
590 10
301 1
316 243
604 5
356 6
156 9
57 10
529 9
238 8
42 9
303 10
547 2
165 426
331 1
321 9
181 9
510 5
231 8
434 1
160 1
72 1
521 8
566 53
240 5
283 6
317 1
29 9
575 2
154 8
74 7
285 3
196 9
216 249
266 6
315 5
433 9
23 1
284 6
11 4
59 1
53 9
192 6
464 417
125 8
129 7
516 9
406 4
223 5
90 10
3 8
579 8
596 3
280 403
25 8
98 6
474 4
510 9
250 2
232 4
474 5
187 3
526 4
452 596
486 5
413 6
4 10
230 10
109 4
393 4
449 4
213 6
171 10
356 298
333 3
17 8
64 4
589 2
138 8
319 2
241 9
193 9
54 9
551 197
198 2
50 3
2 2
39 3
541 9
394 4
90 10
12 3
393 6
334 309
482 1
605 6
516 10
65 2
337 8
381 9
217 6
24 7
540 10
442 482
580 6
365 5
568 5
244 7
248 2
47 10
560 3
39 9
439 10
515 282
467 7
228 5
474 10
146 2
367 7
379 2
12 6
510 3
207 4
390 389
3 10
498 10
305 3
89 8
270 2
183 4
542 4
172 10
600 1
328 153
555 9
549 4
423 3
43 2
134 9
448 8
205 4
17 4
529 2
257 66
326 2
272 5
401 2
123 3
101 8
370 10
204 1
503 2
481 6
199 44
217 5
381 2
251 8
405 3
228 4
594 9
481 2
324 8
347 6
578 475
452 6
59 4
84 10
225 6
234 3
180 5
381 6
165 10
165 6
23 549
204 6
225 2
267 6
88 5
506 10
374 3
312 1
120 2
11 10
556 137
225 2
574 8
49 8
452 6
52 10
157 6
391 3
261 6
488 1
168 279
254 3
27 10
203 8
30 2
5 8
387 10
42 5
560 4
22 10
330 443
540 10
57 3
448 1
266 3
502 9
272 1
230 4
360 3
321 4
56 120
99 10
532 3
382 9
217 7
507 6
374 10
576 1
391 1
580 10
44 253
331 7
333 7
374 10
351 9
482 8
150 9
217 4
542 6
563 3
503 281
254 5
548 8
529 2
537 3
52 9
179 6
48 2
554 3
436 7
308 364
529 10
571 1
362 1
479 8
520 3
103 3
396 7
1 3
115 10
117 238
