940 1000
1 2
1 3
1 4
3 5
2 6
4 7
3 8
5 9
7 10
1 11
8 12
4 13
3 14
11 15
6 16
7 17
17 18
1 19
19 20
2 21
11 22
8 23
19 24
16 25
7 26
16 27
6 28
25 29
4 30
8 31
2 32
22 33
23 34
12 35
30 36
24 37
6 38
29 39
25 40
22 41
34 42
5 43
4 44
29 45
28 46
29 47
30 48
43 49
7 50
35 51
8 52
10 53
18 54
40 55
10 56
41 57
38 58
12 59
18 60
12 61
59 62
41 63
8 64
10 65
8 66
47 67
56 68
33 69
33 70
35 71
31 72
19 73
42 74
56 75
23 76
59 77
14 78
24 79
42 80
34 81
50 82
1 83
80 84
82 85
21 86
68 87
73 88
58 89
14 90
88 91
16 92
73 93
70 94
91 95
66 96
28 97
39 98
26 99
50 100
41 101
18 102
26 103
102 104
73 105
64 106
90 107
18 108
35 109
10 110
13 111
67 112
66 113
29 114
5 115
71 116
115 117
64 118
107 119
15 120
32 121
18 122
34 123
86 124
10 125
109 126
44 127
83 128
9 129
36 130
95 131
61 132
38 133
24 134
118 135
53 136
67 137
137 138
80 139
134 140
93 141
94 142
59 143
31 144
80 145
46 146
50 147
113 148
44 149
120 150
56 151
131 152
116 153
139 154
21 155
93 156
71 157
88 158
97 159
138 160
70 161
70 162
68 163
13 164
91 165
75 166
140 167
101 168
86 169
111 170
81 171
153 172
72 173
40 174
164 175
7 176
28 177
23 178
32 179
103 180
123 181
81 182
181 183
111 184
164 185
91 186
181 187
21 188
54 189
134 190
162 191
158 192
14 193
168 194
76 195
173 196
120 197
42 198
56 199
114 200
54 201
176 202
51 203
181 204
118 205
53 206
126 207
201 208
10 209
102 210
189 211
17 212
73 213
41 214
32 215
86 216
97 217
83 218
23 219
67 220
132 221
164 222
149 223
73 224
148 225
216 226
12 227
186 228
100 229
135 230
164 231
116 232
28 233
181 234
96 235
66 236
22 237
39 238
120 239
169 240
171 241
65 242
16 243
116 244
132 245
97 246
66 247
29 248
156 249
140 250
187 251
34 252
183 253
10 254
171 255
186 256
160 257
24 258
123 259
255 260
122 261
203 262
105 263
176 264
245 265
99 266
121 267
20 268
93 269
156 270
171 271
83 272
20 273
273 274
90 275
106 276
189 277
86 278
4 279
215 280
278 281
13 282
30 283
263 284
184 285
117 286
169 287
270 288
109 289
254 290
287 291
138 292
53 293
5 294
210 295
60 296
263 297
78 298
207 299
172 300
266 301
46 302
111 303
184 304
289 305
164 306
182 307
125 308
100 309
87 310
209 311
234 312
232 313
272 314
185 315
149 316
177 317
163 318
233 319
306 320
218 321
102 322
161 323
129 324
258 325
221 326
180 327
323 328
266 329
117 330
52 331
192 332
214 333
214 334
319 335
304 336
216 337
176 338
127 339
277 340
41 341
136 342
131 343
330 344
151 345
138 346
205 347
19 348
276 349
309 350
169 351
26 352
77 353
38 354
30 355
134 356
37 357
2 358
223 359
291 360
83 361
210 362
331 363
308 364
220 365
31 366
344 367
66 368
191 369
135 370
148 371
187 372
166 373
284 374
198 375
56 376
77 377
50 378
313 379
17 380
298 381
66 382
83 383
365 384
290 385
107 386
6 387
1 388
193 389
134 390
186 391
34 392
100 393
104 394
115 395
359 396
341 397
55 398
19 399
191 400
40 401
45 402
281 403
146 404
188 405
276 406
3 407
356 408
381 409
140 410
160 411
170 412
6 413
11 414
274 415
108 416
239 417
237 418
121 419
201 420
198 421
292 422
332 423
330 424
326 425
318 426
342 427
253 428
181 429
141 430
288 431
98 432
427 433
220 434
11 435
292 436
311 437
205 438
282 439
226 440
231 441
129 442
195 443
51 444
21 445
417 446
192 447
304 448
428 449
416 450
383 451
86 452
338 453
356 454
199 455
110 456
108 457
452 458
95 459
7 460
414 461
164 462
327 463
452 464
220 465
446 466
144 467
40 468
140 469
192 470
193 471
33 472
100 473
358 474
335 475
169 476
270 477
391 478
390 479
252 480
153 481
372 482
103 483
229 484
371 485
213 486
376 487
360 488
42 489
459 490
455 491
380 492
110 493
76 494
223 495
279 496
308 497
277 498
407 499
398 500
298 501
325 502
235 503
420 504
393 505
366 506
273 507
197 508
196 509
345 510
146 511
495 512
301 513
266 514
192 515
351 516
81 517
439 518
400 519
201 520
228 521
3 522
492 523
380 524
103 525
252 526
285 527
121 528
3 529
228 530
355 531
421 532
289 533
14 534
510 535
84 536
133 537
371 538
392 539
405 540
47 541
341 542
186 543
35 544
50 545
306 546
95 547
195 548
102 549
303 550
343 551
275 552
195 553
99 554
403 555
160 556
467 557
254 558
296 559
404 560
421 561
494 562
197 563
6 564
307 565
267 566
369 567
386 568
188 569
299 570
457 571
16 572
108 573
85 574
442 575
323 576
437 577
414 578
350 579
196 580
578 581
262 582
60 583
171 584
473 585
270 586
545 587
503 588
430 589
399 590
261 591
55 592
444 593
411 594
199 595
336 596
430 597
171 598
250 599
476 600
510 601
519 602
549 603
45 604
466 605
554 606
473 607
209 608
282 609
485 610
357 611
156 612
192 613
485 614
203 615
487 616
50 617
448 618
539 619
570 620
201 621
293 622
465 623
447 624
73 625
368 626
616 627
419 628
377 629
140 630
385 631
50 632
140 633
469 634
323 635
250 636
520 637
264 638
52 639
29 640
378 641
249 642
438 643
638 644
621 645
487 646
219 647
257 648
597 649
626 650
164 651
432 652
88 653
17 654
373 655
547 656
574 657
531 658
17 659
29 660
638 661
156 662
271 663
161 664
490 665
338 666
387 667
545 668
51 669
90 670
368 671
91 672
460 673
657 674
600 675
40 676
278 677
468 678
162 679
609 680
546 681
504 682
454 683
406 684
671 685
84 686
201 687
432 688
204 689
533 690
535 691
587 692
516 693
53 694
677 695
118 696
323 697
264 698
311 699
274 700
231 701
418 702
108 703
434 704
77 705
492 706
305 707
513 708
58 709
408 710
420 711
385 712
159 713
470 714
218 715
11 716
165 717
3 718
230 719
400 720
181 721
296 722
57 723
483 724
91 725
718 726
220 727
193 728
559 729
466 730
169 731
55 732
574 733
639 734
109 735
693 736
722 737
83 738
265 739
303 740
557 741
559 742
705 743
390 744
687 745
14 746
528 747
145 748
381 749
398 750
701 751
171 752
568 753
103 754
116 755
482 756
473 757
603 758
88 759
585 760
237 761
305 762
86 763
254 764
349 765
325 766
96 767
673 768
174 769
236 770
616 771
526 772
424 773
489 774
125 775
27 776
509 777
183 778
393 779
732 780
759 781
778 782
122 783
261 784
700 785
219 786
355 787
754 788
590 789
502 790
567 791
665 792
32 793
738 794
236 795
210 796
369 797
547 798
438 799
720 800
679 801
156 802
101 803
561 804
215 805
581 806
103 807
759 808
368 809
470 810
272 811
172 812
491 813
493 814
109 815
681 816
59 817
739 818
491 819
560 820
666 821
433 822
223 823
755 824
80 825
148 826
321 827
784 828
402 829
197 830
52 831
269 832
705 833
147 834
9 835
173 836
702 837
231 838
396 839
217 840
295 841
738 842
505 843
517 844
350 845
565 846
127 847
90 848
224 849
678 850
557 851
155 852
717 853
292 854
770 855
45 856
572 857
435 858
281 859
293 860
473 861
428 862
72 863
793 864
757 865
372 866
341 867
289 868
290 869
445 870
794 871
832 872
164 873
83 874
149 875
31 876
363 877
319 878
147 879
563 880
371 881
862 882
240 883
578 884
422 885
176 886
358 887
80 888
227 889
450 890
602 891
265 892
626 893
204 894
413 895
808 896
405 897
125 898
234 899
623 900
41 901
395 902
90 903
737 904
356 905
773 906
798 907
87 908
81 909
846 910
291 911
213 912
845 913
250 914
603 915
582 916
692 917
867 918
401 919
33 920
390 921
469 922
732 923
487 924
260 925
48 926
183 927
439 928
817 929
661 930
500 931
308 932
254 933
386 934
170 935
857 936
655 937
212 938
348 939
671 940
133 8
39 1
681 6
255 1
758 4
305 4
253 4
161 2
806 2
667 345
179 7
260 8
388 10
26 4
505 10
713 4
795 4
235 9
889 8
752 569
760 6
565 1
40 8
252 8
697 9
881 10
669 6
904 8
14 9
50 617
840 8
164 10
67 4
878 10
700 2
806 1
806 2
27 3
880 1
599 178
843 3
763 10
761 10
707 5
235 6
851 9
917 8
22 6
347 5
198 871
485 7
483 6
582 9
171 10
551 10
330 6
140 3
420 9
534 2
915 902
863 8
170 2
668 5
861 6
852 10
634 10
867 3
753 8
26 5
312 11
594 2
418 5
376 6
680 10
559 4
116 3
889 2
156 5
923 1
273 919
556 8
742 8
92 7
49 1
660 3
783 10
146 1
235 1
53 10
418 285
792 4
798 10
11 4
448 8
625 4
596 7
824 3
189 3
677 9
377 713
58 4
610 7
517 7
74 10
414 3
306 4
27 4
447 7
792 1
38 62
931 7
34 3
400 6
226 2
815 5
695 7
482 10
848 5
295 9
925 716
709 10
786 6
54 4
216 1
377 5
791 8
743 7
739 5
346 9
876 768
257 6
430 3
594 2
758 9
441 4
889 9
177 7
31 9
508 9
321 510
98 6
674 4
493 9
551 2
356 5
827 6
22 6
739 5
897 10
408 199
441 1
761 4
444 3
449 4
106 7
331 6
91 6
246 2
448 9
915 515
485 4
698 8
762 6
836 3
220 8
124 6
772 6
821 4
805 6
925 927
322 2
377 5
298 2
621 4
484 3
444 7
59 3
255 3
485 3
814 178
109 2
747 9
839 8
593 8
837 6
610 8
233 2
645 4
397 3
336 906
684 9
816 10
487 4
440 1
370 8
227 4
146 1
571 3
217 7
328 455
374 1
898 3
26 10
182 5
648 8
568 1
879 8
332 10
805 9
913 317
324 10
740 9
823 2
191 10
628 5
305 3
902 5
271 8
475 8
17 580
512 5
462 9
576 6
184 5
472 4
832 8
112 7
762 5
799 5
379 479
256 6
339 9
439 2
669 10
900 9
888 8
590 5
343 6
787 8
730 554
69 7
631 2
704 8
332 8
777 4
94 1
865 10
925 4
351 6
623 572
510 7
199 5
610 2
502 4
315 5
135 10
350 6
632 6
390 4
125 269
462 10
236 8
77 7
811 6
213 7
73 2
84 5
551 7
724 2
12 536
344 7
483 9
216 2
446 3
296 9
834 8
311 10
775 1
169 8
494 625
892 4
16 1
725 3
839 4
911 5
271 3
31 5
849 10
373 4
166 483
408 7
244 6
115 1
932 7
301 8
355 9
611 6
817 8
171 7
471 65
916 6
143 5
406 5
321 2
36 3
685 8
398 9
913 8
419 8
887 901
531 6
880 9
832 3
642 5
320 1
169 5
720 5
132 5
271 10
20 313
746 3
868 5
317 10
893 5
756 5
164 3
498 3
645 10
459 1
435 690
153 5
333 9
464 10
400 6
752 3
246 10
669 4
821 1
334 5
821 863
797 4
653 9
897 2
426 3
257 4
302 1
11 7
472 10
270 10
106 228
540 6
452 1
235 4
259 2
940 3
837 6
95 2
421 9
443 5
853 220
620 5
897 9
318 10
560 2
748 10
794 3
191 10
349 7
826 3
906 367
570 8
355 6
45 3
442 10
547 5
88 6
267 6
902 2
580 1
438 265
200 4
292 1
839 6
712 8
223 6
511 6
302 10
35 8
714 6
174 813
436 2
259 4
242 2
925 4
605 1
850 2
744 7
502 1
139 6
317 932
36 9
634 5
70 1
99 5
379 1
643 2
714 8
412 10
315 9
530 32
428 7
152 1
789 5
777 2
582 6
742 7
565 10
118 1
353 8
339 595
836 8
118 9
1 5
403 1
766 5
43 1
731 3
168 10
7 9
357 151
171 2
362 8
229 10
697 3
672 3
784 8
834 10
565 4
222 4
736 679
414 10
849 4
716 8
661 5
752 10
488 2
433 8
876 7
110 9
208 311
715 1
307 5
716 9
709 4
788 7
89 5
55 10
37 3
748 10
473 140
191 10
762 1
432 2
500 10
768 10
33 5
308 5
520 9
461 10
765 864
589 7
604 3
804 5
276 9
344 5
784 6
462 3
780 3
689 2
718 482
320 1
42 10
161 10
541 5
38 6
594 7
325 10
814 7
373 2
509 590
551 2
248 4
752 1
180 5
714 2
894 4
490 3
182 9
491 3
168 796
370 9
392 7
791 2
195 6
187 10
244 8
274 9
543 1
700 4
813 257
695 1
455 10
555 6
736 7
917 9
830 8
671 9
681 3
926 1
725 486
75 8
696 1
439 6
673 7
664 1
294 8
341 1
859 9
265 4
427 281
740 3
276 8
835 7
555 4
897 2
183 3
33 10
263 4
665 2
689 292
70 6
277 9
39 7
463 4
101 9
397 3
308 6
497 3
418 5
814 93
495 9
179 4
204 2
61 4
538 4
910 5
836 4
454 9
667 8
602 447
172 7
503 3
624 10
548 9
460 5
314 7
936 2
120 8
546 9
108 897
803 8
422 1
396 3
306 7
310 9
510 1
238 3
269 4
692 3
391 171
776 3
282 7
693 7
854 5
69 8
431 3
583 6
520 2
291 6
357 10
359 7
699 4
344 9
219 6
741 6
740 8
500 9
120 5
51 1
807 782
323 7
727 5
570 1
852 2
340 10
630 10
920 10
373 9
400 3
327 106
25 5
329 8
400 4
571 1
792 9
536 9
620 4
501 3
401 6
117 322
259 7
616 8
870 8
240 7
618 4
131 6
333 5
686 6
582 2
435 83
908 2
574 6
146 3
424 8
843 8
151 4
830 3
122 6
808 5
279 451
486 9
184 4
184 8
293 9
222 2
424 7
232 6
824 9
330 5
113 76
326 1
458 2
158 10
16 8
148 5
323 3
907 4
248 8
273 9
577 44
209 5
804 3
751 9
187 9
287 4
701 7
467 4
158 1
76 4
500 759
28 2
170 6
275 2
647 9
335 3
399 5
477 1
73 4
529 2
454 780
659 2
803 6
739 9
325 4
443 9
706 1
674 6
658 9
457 8
159 557
718 10
646 5
859 8
311 2
475 3
650 3
129 7
678 9
587 3
54 384
860 2
348 10
467 3
206 3
639 7
611 6
793 3
46 8
211 3
519 231
93 2
318 5
681 1
91 9
644 9
525 9
126 1
529 2
353 2
247 588
876 2
741 1
880 10
218 4
772 10
522 10
489 7
186 7
874 9
775 909
73 3
633 4
755 3
533 2
607 6
26 4
684 3
637 4
649 5
624 492
729 1
177 5
328 10
907 3
874 10
213 4
5 4
600 2
832 8
573 784
332 7
189 9
332 3
490 7
676 5
92 4
97 5
933 8
488 1
717 346
48 6
545 4
3 8
65 6
262 3
165 1
916 3
886 2
711 5
714 359
444 3
266 2
864 8
526 3
311 7
662 8
178 3
113 5
345 2
490 440
153 9
638 7
314 1
455 9
740 1
685 7
418 6
697 5
364 1
156 878
58 2
690 4
329 8
107 3
4 5
15 5
402 10
674 2
531 5
666 877
385 7
65 6
580 9
623 3
510 5
506 2
338 9
705 5
502 7
215 491
270 2
154 3
257 10
479 10
6 8
316 7
221 7
499 5
750 1
619 633
564 6
79 4
122 6
124 2
136 6
340 7
637 4
67 3
404 10
769 824
605 9
874 8
723 4
750 10
58 8
550 1
820 2
875 4
735 6
623 882
12 6
761 3
408 2
417 2
724 3
541 8
666 7
243 1
915 5
619 458
78 10
749 7
889 5
790 9
510 9
159 4
658 6
336 10
120 7
501 707
17 1
542 8
537 6
638 2
138 2
111 9
54 4
125 6
503 4
170 892
412 9
838 6
891 1
489 5
768 2
377 9
344 9
694 8
367 8
78 357
806 1
245 7
724 1
105 3
101 4
759 8
350 10
761 8
386 3
530 439
638 9
310 8
453 5
455 9
83 4
154 5
688 3
228 9
809 5
869 419
488 5
585 3
379 7
9 8
418 8
940 4
441 8
601 2
801 4
436 710
474 8
798 2
485 10
185 6
439 2
750 3
830 2
117 5
690 1
601 542
474 9
338 8
80 2
935 5
208 4
463 3
163 2
726 3
722 9
334 167
533 9
488 5
651 7
676 3
615 1
161 8
404 4
377 10
342 10
912 310
318 3
239 6
905 5
12 4
240 8
530 1
338 5
504 2
50 6
295 937
688 2
824 5
179 9
470 5
891 4
609 2
446 10
636 4
374 10
106 289
651 9
148 10
108 6
613 1
695 9
612 1
598 10
398 2
805 6
940 134
776 10
612 3
885 7
295 3
299 4
39 4
879 6
478 6
829 5
70 44
777 8
281 4
888 1
663 3
251 5
819 4
439 3
633 9
206 1
157 459
38 6
656 4
713 7
636 8
605 1
443 7
498 8
719 4
313 7
723 746
