460 1000
1 2
1 3
1 4
4 5
1 6
6 7
1 8
4 9
7 10
9 11
7 12
2 13
7 14
6 15
10 16
16 17
10 18
13 19
18 20
10 21
11 22
7 23
22 24
6 25
20 26
13 27
4 28
14 29
5 30
21 31
30 32
32 33
32 34
29 35
10 36
8 37
32 38
3 39
17 40
5 41
24 42
31 43
1 44
27 45
38 46
4 47
19 48
12 49
30 50
50 51
39 52
49 53
46 54
34 55
50 56
21 57
39 58
19 59
36 60
1 61
9 62
18 63
8 64
38 65
22 66
40 67
17 68
32 69
31 70
25 71
58 72
14 73
49 74
14 75
10 76
62 77
18 78
75 79
36 80
30 81
66 82
44 83
80 84
22 85
26 86
36 87
16 88
74 89
71 90
46 91
83 92
74 93
44 94
4 95
12 96
7 97
24 98
91 99
22 100
46 101
16 102
6 103
42 104
82 105
79 106
77 107
74 108
18 109
7 110
73 111
90 112
47 113
23 114
80 115
26 116
78 117
38 118
106 119
81 120
96 121
111 122
51 123
121 124
86 125
14 126
98 127
53 128
7 129
12 130
70 131
131 132
19 133
101 134
86 135
93 136
108 137
91 138
27 139
88 140
31 141
20 142
103 143
100 144
138 145
138 146
82 147
34 148
34 149
92 150
80 151
32 152
4 153
108 154
73 155
147 156
27 157
105 158
144 159
106 160
29 161
66 162
82 163
64 164
144 165
52 166
50 167
94 168
95 169
163 170
61 171
36 172
141 173
15 174
167 175
133 176
163 177
26 178
171 179
72 180
170 181
103 182
148 183
149 184
175 185
69 186
73 187
37 188
80 189
104 190
1 191
72 192
158 193
113 194
133 195
34 196
156 197
183 198
39 199
50 200
118 201
184 202
11 203
83 204
26 205
138 206
95 207
99 208
166 209
173 210
173 211
116 212
19 213
100 214
55 215
63 216
99 217
20 218
104 219
203 220
17 221
138 222
151 223
133 224
92 225
110 226
189 227
97 228
92 229
164 230
109 231
35 232
176 233
30 234
98 235
3 236
210 237
235 238
197 239
146 240
63 241
67 242
221 243
7 244
40 245
181 246
57 247
184 248
48 249
174 250
99 251
51 252
32 253
234 254
53 255
226 256
230 257
254 258
109 259
191 260
154 261
19 262
122 263
188 264
77 265
168 266
53 267
103 268
40 269
32 270
243 271
110 272
188 273
9 274
47 275
160 276
38 277
100 278
64 279
252 280
181 281
81 282
274 283
102 284
231 285
254 286
61 287
269 288
104 289
1 290
33 291
22 292
154 293
154 294
114 295
19 296
240 297
160 298
16 299
14 300
135 301
234 302
79 303
86 304
127 305
137 306
162 307
230 308
69 309
205 310
179 311
55 312
13 313
277 314
66 315
178 316
215 317
1 318
41 319
8 320
79 321
240 322
84 323
153 324
41 325
221 326
78 327
323 328
328 329
276 330
72 331
12 332
12 333
143 334
267 335
313 336
332 337
34 338
204 339
38 340
65 341
257 342
94 343
17 344
331 345
316 346
312 347
87 348
298 349
27 350
119 351
169 352
20 353
198 354
37 355
149 356
258 357
84 358
278 359
163 360
292 361
73 362
354 363
340 364
189 365
244 366
31 367
292 368
106 369
112 370
365 371
344 372
361 373
326 374
38 375
206 376
227 377
206 378
261 379
357 380
302 381
63 382
320 383
352 384
54 385
2 386
274 387
219 388
245 389
267 390
147 391
360 392
164 393
191 394
206 395
303 396
370 397
57 398
262 399
209 400
71 401
273 402
77 403
38 404
202 405
385 406
315 407
212 408
173 409
181 410
51 411
390 412
282 413
373 414
196 415
293 416
415 417
82 418
69 419
388 420
67 421
281 422
232 423
66 424
274 425
409 426
284 427
265 428
4 429
134 430
273 431
412 432
52 433
94 434
177 435
43 436
191 437
318 438
343 439
439 440
278 441
18 442
373 443
315 444
201 445
102 446
396 447
277 448
333 449
398 450
336 451
355 452
68 453
370 454
431 455
186 456
59 457
67 458
401 459
114 460
149 10
122 3
270 8
29 1
445 2
414 6
38 10
191 1
301 6
200 314
408 3
408 1
184 10
116 4
1 2
24 5
251 7
54 1
447 10
231 242
105 2
143 10
171 2
212 9
385 9
293 7
319 4
110 10
139 5
327 394
445 10
357 7
175 10
435 7
370 5
320 6
28 4
121 6
167 6
82 42
317 6
23 3
220 4
150 7
92 1
380 6
434 2
447 8
184 3
133 439
231 2
420 7
394 4
64 8
387 3
174 7
12 5
277 6
352 7
120 341
248 9
342 5
318 5
126 3
393 5
258 10
248 7
17 6
128 9
146 422
194 7
217 2
330 2
119 8
64 4
162 3
323 9
277 4
31 10
86 64
69 6
177 4
384 1
41 7
185 8
111 5
378 10
326 9
237 4
65 306
430 5
54 3
333 9
348 6
345 6
141 2
204 10
125 9
149 10
333 434
424 1
32 3
452 6
305 7
252 10
440 1
343 6
343 8
170 6
440 36
143 1
359 7
280 5
248 7
96 4
415 8
66 5
220 9
456 6
296 350
326 2
425 4
245 3
328 3
441 9
448 4
190 1
49 7
208 2
460 125
368 2
459 6
81 6
321 1
350 8
391 5
265 10
60 2
64 2
108 425
164 2
174 7
146 1
131 2
365 8
325 5
92 9
270 8
175 5
378 10
43 8
46 5
215 10
322 5
314 10
138 9
196 6
431 5
387 4
419 346
133 8
338 7
44 9
413 4
210 9
345 8
322 9
237 4
413 8
123 456
408 7
252 5
445 5
65 5
127 6
79 3
51 1
374 6
93 8
211 426
125 4
14 8
298 8
358 7
93 4
283 3
346 1
115 4
111 1
271 308
121 10
37 5
428 5
19 6
213 7
214 8
59 7
186 5
368 3
132 141
430 9
339 10
275 6
38 2
169 4
48 5
123 7
268 7
181 8
5 94
85 1
349 2
103 1
14 5
441 5
430 7
301 5
127 5
173 9
264 147
6 5
303 7
90 2
336 8
405 9
306 8
5 9
193 7
174 10
156 120
337 6
162 1
428 3
47 4
373 6
11 7
231 4
411 4
301 6
4 78
214 9
299 2
453 3
228 4
410 10
53 6
55 4
445 9
332 5
65 236
327 6
459 3
412 3
302 1
192 6
43 4
213 10
433 5
167 4
182 104
270 4
219 6
458 1
435 8
234 5
165 3
164 9
424 4
299 6
332 249
53 9
175 7
431 10
214 7
342 9
325 8
311 3
284 1
278 3
271 175
53 8
426 4
93 5
92 5
297 4
158 8
388 7
320 7
239 4
457 296
363 10
203 6
34 3
201 5
249 1
441 9
221 7
253 2
362 1
406 413
460 8
98 7
291 8
261 5
125 2
205 4
150 6
193 2
146 10
121 386
261 5
432 6
169 9
326 7
328 10
102 8
4 2
96 1
323 8
145 213
230 8
425 8
193 6
244 10
110 5
425 2
378 8
185 5
178 1
337 197
384 9
379 3
28 8
59 10
435 4
20 5
123 6
342 9
453 9
212 108
97 6
211 7
390 6
147 3
259 2
170 7
298 3
120 5
262 7
171 12
334 4
141 4
271 8
213 3
47 7
218 9
352 1
276 2
196 8
211 254
296 9
72 5
148 9
119 8
9 5
129 8
211 3
312 5
200 2
98 405
9 7
78 1
38 6
253 1
425 6
85 10
339 2
110 7
98 7
293 330
444 3
150 6
413 4
224 2
346 7
94 6
432 2
338 5
121 4
229 201
188 6
447 5
409 5
309 3
129 2
382 2
176 4
418 3
375 1
361 125
166 3
134 5
48 6
88 3
405 1
248 6
284 7
35 1
116 4
136 158
223 6
50 10
41 8
160 7
87 3
429 3
203 3
258 6
316 6
90 345
229 8
371 8
100 4
133 8
43 10
104 6
341 7
120 1
43 6
61 277
127 4
423 8
216 9
210 5
195 2
164 7
180 10
35 2
74 8
416 106
164 1
119 5
321 9
159 9
205 6
12 1
21 7
328 1
120 10
226 392
325 5
380 8
414 3
99 7
192 5
430 6
191 2
148 2
57 8
446 56
139 2
328 4
19 9
62 9
69 5
379 9
381 7
369 3
444 2
366 21
259 9
64 7
370 10
378 6
294 2
28 4
326 8
137 2
343 7
423 424
426 7
374 7
28 7
304 5
429 1
201 4
244 10
146 1
326 7
148 246
205 5
454 2
236 10
445 9
376 2
261 6
77 6
296 1
312 1
33 244
230 8
80 7
198 1
303 2
255 5
1 5
294 3
250 6
438 5
351 331
406 7
308 10
103 4
7 4
307 8
143 10
42 8
27 9
30 7
270 46
100 7
98 1
353 2
139 3
118 3
23 4
90 10
181 7
248 10
268 164
178 10
203 1
443 2
288 9
182 8
232 5
322 2
153 2
225 9
254 236
131 6
253 6
313 7
77 7
111 2
117 3
309 1
4 4
36 2
403 459
307 9
71 2
102 4
368 10
211 5
171 9
61 10
343 2
82 7
225 89
173 7
191 1
400 2
194 3
398 8
302 1
296 4
261 8
288 3
92 100
356 2
116 9
228 3
340 7
34 3
154 4
182 2
416 7
61 5
41 394
339 5
11 8
152 2
430 1
412 3
415 7
134 1
329 7
173 4
259 258
422 1
442 7
112 9
226 7
413 10
236 9
86 1
256 9
280 7
128 152
379 1
132 10
334 8
83 1
122 2
145 6
388 3
52 2
168 10
362 313
214 7
130 9
427 1
69 7
206 8
309 10
42 4
373 9
369 9
149 272
143 1
437 10
231 8
25 8
251 6
98 6
375 9
106 3
253 7
221 77
360 6
419 8
334 6
278 2
323 1
121 6
409 8
24 9
45 5
247 101
259 10
349 2
213 2
418 10
98 10
335 4
54 6
354 1
46 5
317 228
64 2
155 3
127 2
394 8
41 3
32 3
351 10
330 2
367 5
6 12
23 9
225 8
420 9
382 10
106 3
52 1
319 5
194 2
165 8
204 357
396 1
295 9
83 6
430 8
94 8
212 6
389 5
200 2
199 4
271 459
200 7
419 8
254 5
142 1
119 1
90 6
364 10
278 1
383 1
242 441
385 8
208 8
345 8
385 2
427 3
64 6
435 10
64 4
162 1
136 210
148 2
286 3
46 5
34 8
357 7
344 9
322 10
439 7
176 1
387 186
103 1
193 6
154 10
38 9
125 7
75 2
143 6
143 1
317 1
119 185
191 8
299 9
425 6
47 4
423 8
39 5
81 9
131 2
443 3
29 172
300 6
34 4
228 5
370 5
119 6
434 6
12 2
152 8
393 2
103 384
398 9
280 5
421 9
76 9
275 10
313 5
384 10
283 1
308 5
53 40
52 4
115 8
109 3
411 4
166 6
297 5
167 9
377 4
69 4
30 179
4 6
274 8
347 2
60 10
224 1
326 3
120 2
248 5
14 10
58 207
65 10
427 4
86 1
14 10
125 7
20 8
130 9
263 8
414 5
453 11
138 3
256 6
273 5
58 4
404 7
337 7
25 4
373 5
114 2
335 58
253 9
109 9
221 3
82 2
242 6
139 8
428 1
460 9
327 3
96 375
66 4
2 5
120 8
160 8
337 7
48 1
268 10
229 2
265 3
427 398
329 9
312 2
332 3
139 6
67 9
280 5
280 8
195 1
238 9
458 383
174 7
267 8
66 5
296 6
86 7
40 9
402 2
372 5
240 2
342 113
348 3
398 9
238 8
325 1
14 5
209 7
382 6
102 5
336 3
412 344
295 1
206 4
290 8
297 6
26 10
319 6
91 1
433 2
69 10
28 146
336 7
136 1
179 9
178 9
344 9
156 3
333 7
373 5
103 5
349 36
190 5
65 4
278 10
70 2
452 4
170 9
405 2
37 4
37 8
303 204
205 5
367 4
262 9
99 7
282 6
331 10
303 5
445 1
266 4
250 352
105 2
74 4
454 9
327 3
105 4
400 1
231 5
403 9
360 5
376 355
297 6
71 8
438 5
429 5
374 3
385 10
133 9
103 10
153 8
67 133
21 3
255 2
214 5
455 3
40 8
181 5
271 6
121 5
323 2
429 134
229 7
435 9
338 5
444 10
435 2
55 2
433 2
379 3
8 5
274 78
414 9
215 2
8 10
8 3
365 2
252 9
110 6
51 7
434 4
59 313
120 7
192 2
8 1
247 5
120 2
106 3
191 8
445 3
101 4
431 45
36 5
393 7
115 6
407 8
299 5
56 1
380 1
396 8
44 6
412 125
136 9
400 6
330 1
247 3
358 2
213 3
251 3
203 2
15 9
334 289
304 8
17 5
226 10
116 9
206 9
36 9
403 8
424 6
335 1
197 228
194 1
81 2
390 10
239 9
414 10
360 9
94 4
209 3
271 5
109 396
237 9
335 3
94 3
183 2
373 4
139 10
302 6
179 8
218 5
406 385
72 10
332 4
300 2
421 2
336 3
219 9
121 5
417 7
102 1
162 455
