916 1000
1 2
2 3
2 4
1 5
3 6
6 7
6 8
8 9
4 10
6 11
3 12
10 13
9 14
4 15
14 16
13 17
8 18
7 19
4 20
9 21
14 22
8 23
18 24
11 25
23 26
11 27
21 28
4 29
4 30
5 31
9 32
25 33
8 34
10 35
20 36
16 37
14 38
31 39
32 40
18 41
28 42
2 43
39 44
33 45
18 46
40 47
5 48
45 49
21 50
50 51
1 52
42 53
24 54
38 55
8 56
11 57
2 58
16 59
36 60
33 61
37 62
13 63
42 64
40 65
34 66
23 67
48 68
50 69
15 70
61 71
42 72
64 73
28 74
10 75
36 76
13 77
1 78
31 79
38 80
6 81
4 82
47 83
13 84
71 85
85 86
20 87
72 88
18 89
60 90
24 91
82 92
5 93
45 94
18 95
25 96
38 97
86 98
42 99
2 100
30 101
90 102
101 103
63 104
73 105
20 106
74 107
61 108
5 109
56 110
30 111
48 112
44 113
76 114
94 115
15 116
75 117
37 118
13 119
26 120
44 121
95 122
57 123
76 124
2 125
50 126
81 127
56 128
54 129
91 130
87 131
91 132
9 133
23 134
15 135
90 136
106 137
88 138
20 139
109 140
132 141
100 142
92 143
142 144
98 145
110 146
8 147
15 148
64 149
92 150
3 151
147 152
124 153
125 154
128 155
126 156
131 157
107 158
136 159
101 160
74 161
149 162
161 163
163 164
103 165
102 166
53 167
118 168
57 169
45 170
94 171
125 172
89 173
114 174
130 175
59 176
8 177
134 178
111 179
7 180
180 181
56 182
145 183
150 184
1 185
89 186
19 187
136 188
17 189
15 190
139 191
184 192
30 193
153 194
178 195
124 196
40 197
113 198
35 199
81 200
123 201
69 202
137 203
41 204
144 205
23 206
101 207
57 208
138 209
183 210
153 211
88 212
86 213
84 214
92 215
197 216
132 217
138 218
213 219
205 220
98 221
52 222
23 223
135 224
121 225
127 226
61 227
51 228
203 229
38 230
127 231
61 232
96 233
76 234
53 235
64 236
25 237
104 238
133 239
44 240
199 241
232 242
127 243
96 244
153 245
112 246
47 247
141 248
184 249
201 250
120 251
141 252
237 253
75 254
170 255
93 256
78 257
165 258
189 259
22 260
227 261
246 262
32 263
71 264
154 265
246 266
143 267
29 268
157 269
217 270
66 271
259 272
172 273
195 274
28 275
158 276
21 277
73 278
35 279
115 280
238 281
53 282
130 283
236 284
114 285
178 286
228 287
184 288
247 289
82 290
224 291
118 292
115 293
252 294
16 295
29 296
75 297
41 298
27 299
160 300
294 301
41 302
249 303
47 304
267 305
121 306
12 307
33 308
74 309
94 310
159 311
207 312
49 313
104 314
32 315
264 316
188 317
285 318
264 319
314 320
129 321
76 322
277 323
26 324
280 325
198 326
57 327
276 328
251 329
328 330
288 331
268 332
128 333
178 334
332 335
2 336
66 337
325 338
6 339
165 340
14 341
50 342
206 343
291 344
24 345
14 346
93 347
237 348
167 349
219 350
18 351
195 352
218 353
295 354
232 355
291 356
340 357
16 358
331 359
227 360
161 361
353 362
49 363
343 364
290 365
121 366
354 367
71 368
38 369
304 370
247 371
316 372
342 373
230 374
373 375
36 376
224 377
233 378
322 379
203 380
331 381
272 382
281 383
81 384
321 385
213 386
256 387
27 388
325 389
327 390
67 391
160 392
271 393
162 394
35 395
366 396
284 397
350 398
273 399
97 400
87 401
138 402
281 403
345 404
263 405
122 406
257 407
312 408
311 409
14 410
27 411
319 412
152 413
373 414
367 415
407 416
394 417
135 418
320 419
358 420
200 421
421 422
376 423
383 424
163 425
278 426
215 427
126 428
53 429
371 430
341 431
371 432
307 433
315 434
62 435
396 436
135 437
155 438
144 439
356 440
67 441
388 442
206 443
167 444
104 445
344 446
384 447
77 448
46 449
252 450
94 451
294 452
331 453
370 454
45 455
427 456
426 457
61 458
339 459
367 460
418 461
54 462
318 463
329 464
220 465
133 466
103 467
233 468
258 469
323 470
281 471
390 472
438 473
294 474
97 475
40 476
350 477
66 478
110 479
319 480
80 481
452 482
404 483
137 484
446 485
192 486
161 487
62 488
407 489
111 490
311 491
289 492
200 493
95 494
277 495
78 496
255 497
283 498
256 499
190 500
417 501
498 502
64 503
56 504
294 505
88 506
121 507
370 508
283 509
360 510
54 511
453 512
23 513
34 514
85 515
80 516
317 517
368 518
360 519
73 520
505 521
201 522
494 523
340 524
212 525
343 526
6 527
283 528
209 529
304 530
45 531
74 532
331 533
502 534
193 535
88 536
263 537
145 538
195 539
22 540
315 541
428 542
166 543
228 544
295 545
381 546
30 547
221 548
118 549
89 550
387 551
457 552
330 553
264 554
323 555
441 556
453 557
470 558
119 559
468 560
315 561
309 562
189 563
218 564
118 565
393 566
182 567
497 568
445 569
391 570
336 571
446 572
303 573
251 574
487 575
290 576
202 577
352 578
496 579
272 580
64 581
284 582
182 583
310 584
19 585
14 586
442 587
380 588
287 589
169 590
221 591
372 592
89 593
228 594
313 595
469 596
117 597
42 598
396 599
515 600
581 601
112 602
460 603
191 604
118 605
207 606
432 607
526 608
109 609
420 610
207 611
176 612
134 613
605 614
520 615
389 616
165 617
451 618
115 619
528 620
478 621
23 622
257 623
15 624
240 625
393 626
224 627
302 628
205 629
492 630
478 631
358 632
332 633
34 634
622 635
479 636
259 637
550 638
470 639
469 640
170 641
498 642
155 643
452 644
602 645
581 646
197 647
527 648
244 649
352 650
292 651
424 652
328 653
41 654
92 655
229 656
416 657
93 658
275 659
374 660
172 661
298 662
13 663
58 664
496 665
62 666
145 667
376 668
291 669
627 670
386 671
219 672
555 673
624 674
631 675
394 676
443 677
220 678
568 679
626 680
648 681
529 682
125 683
642 684
246 685
244 686
328 687
398 688
268 689
389 690
172 691
537 692
505 693
386 694
573 695
655 696
577 697
416 698
99 699
401 700
692 701
251 702
299 703
453 704
188 705
47 706
308 707
147 708
38 709
314 710
641 711
305 712
675 713
75 714
669 715
53 716
688 717
93 718
52 719
638 720
633 721
99 722
551 723
296 724
109 725
540 726
95 727
580 728
204 729
479 730
243 731
245 732
418 733
56 734
452 735
596 736
502 737
610 738
194 739
241 740
499 741
52 742
122 743
9 744
390 745
743 746
582 747
98 748
601 749
207 750
731 751
554 752
551 753
459 754
489 755
136 756
247 757
78 758
228 759
66 760
511 761
616 762
512 763
131 764
497 765
276 766
265 767
217 768
659 769
366 770
57 771
654 772
692 773
93 774
246 775
29 776
435 777
749 778
320 779
346 780
275 781
32 782
356 783
227 784
130 785
605 786
379 787
433 788
291 789
32 790
219 791
64 792
111 793
448 794
682 795
295 796
272 797
10 798
641 799
489 800
369 801
53 802
752 803
41 804
260 805
529 806
299 807
727 808
599 809
580 810
798 811
442 812
696 813
683 814
581 815
648 816
721 817
543 818
130 819
422 820
64 821
812 822
100 823
797 824
97 825
396 826
676 827
813 828
608 829
319 830
608 831
314 832
450 833
552 834
105 835
624 836
767 837
462 838
198 839
154 840
82 841
573 842
333 843
593 844
360 845
379 846
365 847
564 848
514 849
362 850
186 851
486 852
307 853
830 854
684 855
190 856
790 857
119 858
691 859
788 860
311 861
184 862
715 863
224 864
32 865
340 866
262 867
102 868
761 869
741 870
281 871
303 872
442 873
229 874
336 875
301 876
647 877
524 878
864 879
681 880
759 881
318 882
317 883
601 884
561 885
112 886
354 887
383 888
258 889
115 890
733 891
786 892
422 893
886 894
709 895
713 896
581 897
439 898
580 899
806 900
541 901
897 902
857 903
31 904
367 905
99 906
326 907
342 908
52 909
16 910
484 911
378 912
866 913
115 914
421 915
160 916
830 5
554 7
608 10
106 1
281 10
249 1
657 4
452 8
530 4
300 103
16 10
647 4
262 1
459 4
478 6
307 9
42 7
543 4
357 5
822 796
177 8
897 8
228 1
14 3
806 6
182 8
802 1
769 7
654 8
600 876
731 5
755 2
544 5
34 6
419 10
888 5
327 8
33 10
494 3
190 567
801 1
630 10
69 10
76 5
710 9
853 3
65 7
303 2
721 6
570 216
589 1
42 3
207 6
218 1
803 8
11 3
367 2
396 10
573 2
88 123
93 2
793 2
685 10
485 2
301 3
381 1
43 7
315 9
825 4
761 289
278 1
764 4
33 2
40 3
870 1
226 3
889 10
622 8
835 9
515 688
807 9
898 1
267 3
122 3
535 4
265 8
59 3
616 2
610 3
673 526
406 2
577 7
59 6
457 5
443 10
531 4
512 4
503 6
693 1
520 850
263 3
661 5
572 1
240 6
630 7
190 2
717 2
202 6
370 6
312 54
194 3
687 6
608 7
35 1
631 9
805 10
636 3
732 1
863 3
825 679
854 5
311 10
142 7
153 3
846 10
594 9
464 10
421 8
791 3
502 403
865 4
95 3
451 10
874 10
235 4
546 7
256 8
695 2
502 3
714 648
122 6
549 7
89 9
908 5
613 1
38 8
599 3
79 4
144 10
59 175
609 10
639 7
289 10
142 5
765 2
472 7
454 6
799 4
11 10
891 752
450 2
620 9
892 9
134 7
826 8
380 10
830 10
819 3
228 3
113 19
476 10
487 10
185 2
109 9
862 9
835 9
738 9
110 8
66 3
900 227
721 10
370 8
488 10
353 2
118 5
127 6
276 10
461 9
50 10
358 350
387 9
617 1
367 3
488 5
841 5
286 3
915 8
787 7
702 4
205 482
441 5
126 2
222 4
25 5
815 9
783 9
818 2
586 3
404 8
109 228
711 8
281 9
32 2
623 6
296 1
426 8
187 8
553 4
741 5
370 131
467 8
151 10
552 2
733 7
677 1
95 7
816 1
889 8
179 7
73 148
724 4
184 7
263 1
104 3
596 1
307 7
495 4
399 9
500 9
583 727
54 9
35 6
417 8
778 5
258 1
880 9
96 5
515 4
754 1
236 185
512 10
704 7
899 1
144 9
101 3
529 5
466 7
865 9
446 2
656 239
788 10
399 2
705 6
908 4
670 8
463 4
395 10
479 5
141 6
463 779
658 10
693 9
707 9
894 7
554 8
466 9
749 7
85 4
564 7
894 172
568 1
506 1
23 3
549 7
235 7
364 1
564 2
544 8
64 10
879 176
399 6
734 4
665 4
108 1
883 5
141 6
278 9
479 5
816 3
658 499
134 7
447 3
158 9
747 1
679 2
868 6
829 9
1 6
375 10
263 366
820 9
643 9
93 2
76 6
292 3
122 2
510 6
907 7
814 9
54 16
643 6
256 2
54 1
914 5
301 6
137 4
158 4
125 5
110 3
752 537
535 9
753 6
114 6
508 2
6 9
877 2
690 4
797 4
288 6
640 485
140 6
131 1
123 1
254 8
453 4
22 9
153 9
685 5
223 4
25 530
907 10
256 9
779 3
676 5
576 5
825 6
732 10
644 2
391 8
498 821
239 5
520 2
257 1
751 6
632 10
254 9
173 10
229 3
310 10
535 657
701 10
677 4
502 10
548 4
388 8
251 1
399 6
224 9
520 5
637 273
27 5
225 3
342 10
768 10
561 8
781 1
846 5
110 4
494 7
901 382
462 9
129 3
194 2
907 1
279 10
815 2
886 1
412 5
236 5
59 359
641 5
94 2
160 7
339 7
104 1
349 9
787 9
344 3
367 8
98 825
143 4
871 9
785 8
870 2
690 5
843 10
816 4
485 3
561 2
271 643
222 4
362 6
553 3
279 8
35 1
575 4
795 9
47 10
256 5
744 596
663 10
584 1
870 10
380 4
197 9
460 8
729 3
747 10
525 9
95 120
773 6
791 4
724 8
742 7
42 2
387 8
603 7
895 1
9 10
745 519
387 3
404 2
860 2
766 6
100 6
916 1
107 5
537 5
900 5
95 266
286 2
688 6
391 2
809 7
345 2
886 7
317 6
178 10
526 5
445 485
131 10
631 10
406 4
879 8
733 3
436 2
262 7
317 1
38 2
885 44
808 1
487 9
6 9
686 6
608 2
888 1
573 7
790 10
691 2
767 754
275 6
740 4
329 9
699 6
311 8
746 1
99 5
413 2
40 5
829 80
107 9
4 6
113 5
387 2
377 8
617 1
862 7
726 10
299 3
589 69
238 3
503 7
567 3
27 4
794 4
276 1
7 1
339 2
688 7
399 427
443 9
452 4
630 2
486 9
191 2
391 8
452 4
591 4
457 10
384 326
123 1
360 6
655 6
886 8
91 1
405 9
304 7
127 8
147 4
400 891
158 1
723 9
415 7
731 7
223 4
510 9
309 2
704 7
847 8
678 403
360 6
393 3
76 1
804 10
308 9
554 5
38 5
868 8
856 9
742 634
331 10
171 10
860 4
548 7
899 7
245 9
475 9
743 5
27 8
547 436
804 6
449 6
584 3
102 10
449 10
89 6
641 7
514 6
169 6
218 479
382 9
427 2
463 1
348 6
799 9
289 6
428 1
380 10
843 7
613 809
687 7
791 10
805 9
852 7
600 8
776 1
281 8
876 3
775 1
544 619
804 3
262 8
132 10
19 1
130 3
425 3
553 9
780 8
349 4
18 33
156 1
914 6
901 5
314 4
827 9
259 4
515 3
337 8
862 2
530 584
757 10
521 4
392 2
346 5
408 5
805 2
509 1
735 8
541 3
91 29
97 5
822 7
648 7
566 9
668 2
814 5
536 9
553 3
290 9
878 119
607 1
850 3
585 4
689 6
577 7
875 10
417 8
906 1
317 4
23 584
876 7
635 6
564 8
291 4
393 6
64 9
183 2
409 8
7 6
142 137
322 3
467 4
822 7
563 6
589 8
32 5
54 5
336 4
200 7
874 801
556 6
145 7
768 5
658 5
772 4
587 2
677 4
875 1
911 8
716 434
463 2
839 1
885 1
73 10
49 2
860 8
68 9
248 6
72 7
887 819
86 6
229 3
810 2
212 9
701 8
312 7
874 1
141 10
821 1
120 678
589 1
213 8
438 10
909 3
896 10
333 5
708 6
655 10
255 7
392 126
616 4
206 6
808 8
837 6
183 7
616 4
702 8
324 10
836 8
563 417
694 4
189 10
276 2
116 9
726 5
787 10
359 3
104 9
43 7
556 79
468 6
726 6
693 9
90 6
611 7
457 4
62 4
271 5
30 1
868 246
266 9
819 8
644 2
600 4
410 1
149 2
340 9
556 4
731 2
383 99
559 9
48 1
40 8
521 5
865 10
253 4
856 9
556 4
307 4
777 748
381 9
692 3
180 1
372 1
130 5
11 1
277 2
618 5
708 8
392 689
900 10
688 1
899 1
677 10
246 9
353 9
471 2
275 7
526 5
73 388
526 6
378 6
487 9
366 4
85 6
468 2
877 2
741 2
443 7
830 366
677 2
106 6
385 9
633 9
466 5
228 1
642 2
375 8
856 1
507 701
482 3
890 2
641 4
217 7
121 1
81 1
309 2
479 3
135 4
578 700
240 5
837 10
820 9
460 2
14 7
435 2
863 8
463 5
577 6
872 565
178 7
872 1
23 3
807 6
446 3
240 9
590 5
468 8
824 1
190 243
228 4
561 1
474 3
90 2
439 2
794 9
593 5
28 9
404 9
798 332
780 4
512 9
560 10
602 3
194 1
571 5
125 1
489 9
536 9
247 707
600 10
726 5
156 5
675 8
777 6
637 2
361 5
651 2
828 4
723 34
852 2
856 6
345 3
772 10
528 7
220 4
614 8
871 8
404 5
783 586
770 1
431 5
111 7
440 1
529 9
399 8
528 3
72 3
773 5
426 18
400 3
50 10
319 9
207 3
15 5
737 5
535 1
271 7
480 2
483 460
526 5
794 8
556 2
468 4
350 1
380 10
799 10
728 5
529 1
799 482
554 7
619 4
447 6
140 1
461 8
787 2
293 9
312 5
639 7
577 32
529 1
98 4
240 8
57 4
603 10
338 3
655 7
267 6
249 7
356 26
145 1
791 2
98 6
103 5
563 8
861 2
58 10
208 9
557 4
816 726
857 5
637 4
813 5
68 3
184 1
118 6
285 10
313 2
376 3
378 355
856 9
126 2
129 6
213 9
175 4
303 5
73 7
908 3
853 6
150 537
681 8
650 8
190 9
124 8
721 1
266 10
179 4
53 2
265 5
665 763
265 6
762 8
698 3
161 3
671 4
578 4
376 4
709 3
275 3
481 45
290 3
501 5
402 7
741 7
670 2
209 9
104 5
179 8
800 7
561 826
828 1
683 5
10 4
66 10
830 6
253 6
141 5
603 1
869 8
767 851
152 4
765 1
112 1
86 1
516 1
24 1
606 6
845 8
622 7
226 117
