221 1000
1 2
2 3
3 4
2 5
3 6
6 7
6 8
2 9
3 10
6 11
7 12
7 13
6 14
13 15
15 16
1 17
14 18
10 19
18 20
19 21
13 22
22 23
7 24
15 25
6 26
23 27
20 28
9 29
23 30
5 31
11 32
8 33
12 34
32 35
6 36
19 37
20 38
22 39
10 40
8 41
24 42
14 43
40 44
3 45
23 46
40 47
47 48
2 49
16 50
49 51
9 52
49 53
34 54
24 55
27 56
18 57
31 58
53 59
9 60
24 61
47 62
4 63
9 64
3 65
29 66
44 67
61 68
1 69
42 70
28 71
39 72
59 73
9 74
33 75
43 76
27 77
66 78
9 79
72 80
34 81
32 82
29 83
27 84
41 85
45 86
37 87
65 88
76 89
22 90
29 91
59 92
5 93
13 94
38 95
28 96
71 97
12 98
20 99
75 100
49 101
6 102
62 103
41 104
62 105
49 106
71 107
16 108
82 109
37 110
99 111
69 112
10 113
4 114
30 115
53 116
12 117
37 118
88 119
68 120
102 121
4 122
101 123
52 124
79 125
108 126
28 127
76 128
64 129
109 130
46 131
103 132
21 133
78 134
46 135
88 136
82 137
6 138
91 139
51 140
9 141
27 142
81 143
17 144
79 145
91 146
64 147
88 148
136 149
59 150
124 151
143 152
119 153
18 154
60 155
84 156
107 157
114 158
75 159
68 160
70 161
16 162
1 163
136 164
68 165
119 166
108 167
159 168
47 169
44 170
166 171
88 172
116 173
97 174
52 175
24 176
161 177
116 178
28 179
115 180
47 181
28 182
24 183
42 184
131 185
30 186
31 187
32 188
152 189
170 190
117 191
103 192
26 193
101 194
139 195
166 196
100 197
139 198
39 199
49 200
147 201
114 202
121 203
82 204
116 205
96 206
62 207
121 208
185 209
137 210
16 211
158 212
69 213
28 214
62 215
106 216
41 217
92 218
201 219
213 220
103 221
23 6
58 7
37 9
7 5
6 10
221 3
151 5
88 4
56 8
179 187
158 9
46 10
80 2
154 2
35 1
116 2
197 7
189 2
154 3
171 154
39 2
133 2
107 3
219 3
214 1
80 8
178 2
88 1
41 7
64 20
30 3
122 6
137 7
117 10
86 10
4 7
52 9
76 2
115 1
106 178
41 3
152 5
19 7
157 1
54 10
16 5
163 4
37 10
81 8
150 188
5 4
188 5
203 7
72 8
132 6
117 10
186 2
151 9
192 4
103 111
124 9
52 1
193 9
30 3
109 5
219 8
219 5
67 10
56 6
178 121
213 10
110 2
62 4
191 1
155 6
107 8
150 5
89 8
112 4
24 31
22 9
66 5
203 5
24 5
160 2
189 5
195 6
82 9
23 5
85 219
103 1
172 6
96 1
91 4
4 9
85 8
113 7
74 2
61 7
173 56
151 3
127 4
12 4
105 7
211 8
221 4
159 7
166 2
221 10
12 205
61 6
43 4
200 5
162 7
112 2
47 4
218 4
105 3
150 4
64 42
75 8
185 3
118 4
45 4
176 9
99 1
36 3
62 9
92 3
146 144
120 4
163 3
151 3
22 10
172 6
146 1
109 3
78 3
18 4
60 115
89 7
82 3
163 1
168 9
112 5
196 3
168 9
119 10
58 2
169 24
61 6
25 5
157 3
59 8
102 8
50 9
213 7
59 1
85 4
76 103
60 10
1 9
101 1
6 3
68 6
60 8
132 7
47 3
59 2
82 118
180 3
173 8
33 6
218 3
139 8
160 1
6 5
149 1
125 1
11 55
98 7
26 1
58 6
14 7
121 7
215 5
166 10
181 1
167 7
182 21
14 9
76 1
209 3
203 1
106 5
33 10
35 8
199 1
32 3
84 158
158 1
151 9
202 9
184 5
153 6
120 4
40 7
41 2
166 3
34 58
207 7
120 6
117 9
22 2
117 2
32 10
13 10
58 2
35 2
77 65
109 3
208 8
197 5
101 2
22 10
90 8
18 1
4 6
109 1
7 143
70 9
91 3
90 1
19 7
179 1
157 8
9 6
82 10
21 10
140 202
32 6
166 10
102 10
54 8
20 4
145 3
7 4
163 5
68 4
30 123
99 8
149 3
123 10
191 7
22 10
156 2
10 3
188 3
192 8
221 147
6 9
119 2
157 9
167 2
196 9
107 6
4 5
37 7
50 8
34 153
153 1
190 10
104 6
40 3
126 9
167 8
59 3
194 10
78 5
172 107
18 3
58 8
149 5
172 7
149 10
32 6
165 10
64 5
68 5
29 10
205 3
126 5
172 3
33 2
181 10
61 3
137 9
97 8
188 6
65 68
99 2
60 7
59 8
55 6
161 1
182 6
137 2
83 7
51 8
122 68
149 8
59 4
64 3
210 8
75 10
170 5
53 7
76 9
48 4
118 80
68 3
34 7
193 3
214 3
203 10
132 7
26 4
61 3
202 3
101 199
196 4
37 4
204 6
79 10
211 8
123 8
135 4
11 10
77 1
146 107
72 8
133 6
221 5
216 4
170 9
154 3
173 6
149 5
120 1
115 92
46 1
137 3
7 2
118 10
22 2
151 8
216 2
176 4
168 3
92 63
195 1
43 2
96 8
158 9
96 10
75 2
150 4
24 7
89 2
125 215
59 1
217 4
54 6
185 7
25 6
90 10
18 6
188 4
31 8
42 36
75 1
23 8
59 10
10 6
72 9
7 4
30 9
153 2
139 8
188 43
191 1
57 6
110 10
171 3
73 9
118 6
193 3
216 5
7 8
29 121
142 3
92 1
100 5
93 10
160 4
98 2
143 10
119 6
184 2
162 146
162 8
2 3
157 8
185 5
17 3
101 10
20 7
149 6
26 7
4 23
25 4
24 7
16 2
147 1
202 5
90 7
91 9
108 1
8 3
45 211
203 1
30 7
88 7
152 5
101 3
219 9
1 9
109 2
103 5
125 121
175 2
149 1
202 4
138 5
37 3
131 7
143 8
57 3
150 5
183 147
18 8
90 10
217 7
26 10
214 1
102 5
135 4
40 4
217 6
29 74
164 4
160 2
107 2
177 1
110 10
173 6
189 2
15 5
181 3
162 198
216 10
26 5
103 6
185 7
198 3
78 8
6 7
177 2
29 2
46 14
23 4
61 3
111 2
207 1
44 6
59 2
144 3
106 2
10 1
58 64
34 5
127 2
14 1
208 1
99 7
97 8
137 7
31 9
58 6
199 51
3 5
90 10
214 4
103 3
43 4
120 9
32 2
78 3
178 7
151 118
130 7
71 1
173 9
188 6
203 1
85 10
190 5
206 9
79 9
70 171
149 8
188 4
63 8
118 6
10 9
70 1
172 4
185 2
16 1
149 152
52 9
199 5
32 1
99 3
214 2
144 5
178 4
62 4
39 10
44 132
155 10
199 6
44 7
192 1
150 6
24 5
6 1
54 5
217 5
185 212
55 1
70 3
42 4
52 1
218 4
23 6
52 7
145 10
211 10
201 33
152 7
78 9
95 1
70 8
126 6
15 10
5 5
160 9
209 2
116 143
69 10
171 3
164 8
35 1
45 5
146 9
143 5
34 8
7 7
38 116
24 4
60 5
72 2
202 4
213 2
96 8
32 10
21 2
176 6
109 68
25 4
28 8
126 8
46 2
59 9
19 10
29 1
102 4
59 2
77 112
73 10
16 5
52 2
43 4
195 6
70 6
43 6
92 3
116 9
200 55
115 1
125 3
17 8
144 10
5 4
13 5
191 9
94 1
112 5
147 111
121 10
191 5
29 2
102 7
79 10
52 7
133 7
112 6
101 4
205 49
146 9
95 9
128 10
167 10
148 2
178 10
91 1
103 1
7 2
181 198
187 9
138 7
186 8
20 4
150 10
65 3
131 2
220 3
169 10
135 189
214 3
44 4
75 5
85 1
8 7
138 4
151 1
106 3
95 4
63 95
158 4
155 10
151 3
128 9
128 4
191 9
95 6
109 4
136 6
11 207
174 1
191 7
10 3
193 8
52 2
33 7
163 3
35 7
209 3
55 173
186 10
9 4
185 2
54 5
71 3
83 6
46 8
114 6
148 3
108 158
48 1
115 10
108 7
108 4
62 4
117 8
45 1
47 7
113 6
85 120
43 9
30 1
178 10
167 4
171 2
26 2
174 9
20 4
88 7
101 11
72 4
67 7
6 10
64 1
78 1
70 8
119 4
88 9
87 4
80 83
14 8
80 2
118 6
103 2
103 5
153 4
212 4
14 7
180 7
185 15
124 1
90 2
165 6
132 9
164 9
132 4
193 6
62 3
201 4
176 25
167 10
127 7
104 3
67 4
165 1
79 5
25 9
214 7
219 8
162 142
86 2
80 8
6 1
123 10
40 9
139 10
53 2
215 6
2 10
1 32
13 2
33 8
33 3
86 8
72 3
190 2
13 7
25 9
58 2
112 217
20 5
75 4
165 6
212 1
199 6
175 2
66 5
145 7
30 10
83 115
20 6
88 10
82 2
127 1
21 7
212 2
213 2
32 5
199 2
138 82
3 2
118 9
12 5
47 3
95 6
55 8
160 3
87 10
141 9
83 132
103 6
220 2
57 4
42 4
50 8
9 5
192 1
173 1
57 8
191 206
37 4
154 1
78 10
109 1
87 4
200 3
138 4
140 1
183 3
145 102
215 4
95 3
68 2
139 3
145 8
2 1
134 8
217 2
192 3
208 220
132 3
202 10
90 2
196 8
12 4
170 7
76 8
31 4
145 10
141 209
34 6
23 9
174 7
212 6
88 7
124 4
34 9
59 10
31 8
189 25
155 1
175 5
47 7
51 4
56 9
136 4
42 4
180 8
157 4
79 140
159 3
72 8
215 2
88 1
199 6
124 8
164 5
15 8
163 8
15 101
41 2
108 4
45 7
56 6
169 7
170 3
50 3
80 4
76 2
25 14
77 10
91 8
16 7
58 4
132 1
16 6
120 3
151 4
187 2
95 42
54 2
127 6
182 1
10 5
195 1
38 9
108 9
25 6
206 4
84 137
136 2
198 6
109 8
92 2
130 6
16 10
36 9
189 8
79 5
219 179
201 10
178 5
126 8
45 6
201 5
136 3
49 8
23 3
140 3
163 61
202 10
39 5
22 1
190 6
182 7
7 3
76 3
167 9
131 2
101 97
53 2
141 2
193 2
131 4
205 4
54 2
150 6
147 1
43 10
121 196
88 8
207 7
20 2
176 6
186 4
8 6
97 2
85 3
68 8
205 192
115 5
176 8
80 7
42 1
113 8
159 8
171 1
72 7
184 10
6 112
8 1
78 8
22 2
17 4
82 3
174 10
36 5
221 5
51 8
16 73
210 9
63 9
195 3
44 5
208 4
122 2
179 2
190 4
83 7
107 143
175 5
157 8
8 8
190 10
86 3
61 4
9 9
41 7
62 3
42 107
59 6
165 7
166 4
47 6
97 2
105 2
150 4
185 7
28 3
84 26
