861 1000
1 2
1 3
1 4
3 5
4 6
2 7
5 8
7 9
3 10
7 11
8 12
11 13
6 14
7 15
9 16
10 17
13 18
5 19
19 20
7 21
4 22
9 23
19 24
3 25
4 26
16 27
20 28
21 29
20 30
2 31
27 32
28 33
10 34
2 35
17 36
15 37
7 38
23 39
4 40
40 41
41 42
8 43
34 44
38 45
10 46
45 47
20 48
15 49
13 50
14 51
4 52
29 53
42 54
23 55
28 56
4 57
16 58
17 59
41 60
60 61
40 62
40 63
34 64
4 65
8 66
17 67
15 68
30 69
63 70
57 71
2 72
61 73
63 74
22 75
62 76
59 77
61 78
44 79
28 80
62 81
15 82
60 83
76 84
70 85
73 86
10 87
71 88
20 89
12 90
76 91
10 92
55 93
22 94
13 95
64 96
60 97
92 98
41 99
54 100
15 101
9 102
51 103
51 104
83 105
86 106
84 107
98 108
63 109
101 110
106 111
87 112
36 113
86 114
114 115
3 116
29 117
77 118
42 119
103 120
65 121
3 122
104 123
90 124
22 125
4 126
102 127
74 128
2 129
38 130
25 131
37 132
15 133
30 134
111 135
127 136
22 137
16 138
38 139
58 140
65 141
133 142
65 143
21 144
31 145
141 146
1 147
11 148
139 149
49 150
47 151
95 152
26 153
26 154
13 155
119 156
53 157
54 158
65 159
18 160
105 161
25 162
11 163
91 164
44 165
87 166
7 167
104 168
109 169
94 170
120 171
54 172
60 173
90 174
88 175
154 176
165 177
71 178
50 179
121 180
15 181
175 182
92 183
155 184
135 185
86 186
25 187
162 188
142 189
157 190
62 191
82 192
188 193
73 194
84 195
114 196
43 197
188 198
179 199
50 200
134 201
92 202
128 203
111 204
150 205
81 206
36 207
6 208
135 209
4 210
117 211
123 212
107 213
197 214
119 215
143 216
141 217
161 218
39 219
73 220
56 221
43 222
212 223
206 224
96 225
182 226
180 227
177 228
82 229
203 230
194 231
163 232
221 233
17 234
9 235
121 236
45 237
103 238
129 239
43 240
131 241
173 242
224 243
51 244
177 245
120 246
21 247
69 248
225 249
94 250
163 251
163 252
150 253
14 254
87 255
137 256
82 257
145 258
163 259
197 260
54 261
47 262
102 263
19 264
29 265
183 266
215 267
178 268
15 269
263 270
142 271
111 272
183 273
158 274
41 275
202 276
166 277
111 278
59 279
91 280
48 281
198 282
167 283
45 284
276 285
50 286
93 287
181 288
61 289
238 290
15 291
284 292
72 293
166 294
199 295
176 296
139 297
293 298
79 299
120 300
165 301
246 302
19 303
12 304
70 305
295 306
204 307
231 308
226 309
157 310
11 311
97 312
307 313
12 314
54 315
120 316
173 317
114 318
160 319
239 320
213 321
1 322
132 323
146 324
110 325
23 326
186 327
287 328
96 329
272 330
3 331
284 332
286 333
96 334
172 335
28 336
46 337
293 338
102 339
115 340
78 341
41 342
334 343
248 344
161 345
134 346
284 347
117 348
159 349
182 350
174 351
101 352
44 353
76 354
104 355
34 356
45 357
254 358
169 359
181 360
137 361
22 362
10 363
70 364
303 365
117 366
98 367
27 368
223 369
125 370
269 371
95 372
349 373
120 374
368 375
123 376
253 377
87 378
177 379
71 380
82 381
328 382
225 383
69 384
231 385
288 386
58 387
328 388
38 389
342 390
70 391
344 392
51 393
127 394
345 395
392 396
157 397
348 398
183 399
164 400
329 401
184 402
367 403
325 404
193 405
213 406
264 407
389 408
54 409
5 410
371 411
119 412
133 413
88 414
199 415
188 416
391 417
366 418
169 419
188 420
275 421
341 422
373 423
283 424
74 425
265 426
60 427
53 428
304 429
2 430
389 431
128 432
214 433
69 434
209 435
83 436
282 437
341 438
403 439
164 440
273 441
81 442
267 443
442 444
304 445
46 446
114 447
181 448
370 449
47 450
210 451
127 452
367 453
313 454
91 455
146 456
350 457
28 458
97 459
242 460
371 461
182 462
218 463
338 464
416 465
156 466
459 467
148 468
284 469
63 470
311 471
460 472
219 473
473 474
89 475
456 476
246 477
334 478
37 479
160 480
271 481
125 482
462 483
116 484
309 485
196 486
142 487
210 488
377 489
217 490
393 491
307 492
292 493
3 494
51 495
163 496
207 497
118 498
161 499
495 500
158 501
332 502
298 503
176 504
168 505
292 506
413 507
92 508
481 509
354 510
436 511
138 512
107 513
366 514
211 515
160 516
361 517
231 518
428 519
158 520
112 521
162 522
164 523
21 524
487 525
488 526
350 527
445 528
261 529
481 530
368 531
388 532
466 533
324 534
368 535
214 536
48 537
11 538
417 539
478 540
143 541
113 542
230 543
316 544
352 545
43 546
415 547
243 548
197 549
22 550
166 551
197 552
142 553
386 554
524 555
184 556
398 557
227 558
398 559
5 560
62 561
440 562
528 563
473 564
305 565
146 566
242 567
179 568
508 569
207 570
285 571
453 572
64 573
218 574
569 575
276 576
54 577
564 578
112 579
399 580
217 581
209 582
197 583
571 584
35 585
93 586
380 587
366 588
512 589
493 590
274 591
450 592
471 593
404 594
36 595
80 596
303 597
198 598
100 599
135 600
403 601
17 602
111 603
85 604
337 605
421 606
136 607
103 608
367 609
382 610
30 611
146 612
574 613
592 614
238 615
445 616
274 617
340 618
201 619
218 620
123 621
253 622
277 623
383 624
27 625
41 626
594 627
151 628
435 629
173 630
343 631
27 632
381 633
196 634
327 635
505 636
571 637
454 638
287 639
179 640
367 641
69 642
534 643
79 644
350 645
630 646
213 647
244 648
344 649
401 650
398 651
625 652
423 653
541 654
109 655
307 656
415 657
88 658
148 659
377 660
30 661
67 662
481 663
554 664
638 665
247 666
211 667
42 668
177 669
617 670
208 671
368 672
223 673
655 674
188 675
610 676
19 677
315 678
494 679
200 680
87 681
349 682
649 683
113 684
317 685
251 686
248 687
377 688
412 689
524 690
110 691
274 692
333 693
141 694
23 695
185 696
249 697
259 698
279 699
116 700
180 701
561 702
299 703
320 704
18 705
567 706
538 707
365 708
243 709
316 710
389 711
165 712
64 713
691 714
83 715
592 716
140 717
175 718
175 719
379 720
702 721
454 722
316 723
604 724
538 725
412 726
113 727
323 728
534 729
583 730
642 731
192 732
321 733
542 734
728 735
176 736
520 737
617 738
410 739
700 740
115 741
509 742
246 743
11 744
695 745
643 746
463 747
149 748
235 749
583 750
43 751
684 752
279 753
242 754
216 755
458 756
528 757
74 758
578 759
667 760
624 761
63 762
319 763
300 764
11 765
641 766
101 767
664 768
755 769
650 770
252 771
220 772
26 773
521 774
53 775
393 776
384 777
710 778
613 779
51 780
158 781
331 782
373 783
766 784
89 785
32 786
547 787
390 788
50 789
201 790
353 791
676 792
541 793
302 794
428 795
310 796
369 797
622 798
379 799
70 800
339 801
322 802
519 803
520 804
13 805
803 806
750 807
368 808
544 809
526 810
601 811
185 812
47 813
186 814
278 815
552 816
454 817
514 818
815 819
533 820
642 821
798 822
73 823
699 824
143 825
26 826
210 827
305 828
197 829
779 830
400 831
104 832
713 833
764 834
509 835
419 836
742 837
561 838
405 839
279 840
399 841
701 842
22 843
398 844
31 845
142 846
37 847
720 848
657 849
145 850
521 851
791 852
605 853
742 854
180 855
335 856
62 857
392 858
504 859
774 860
829 861
773 5
662 1
511 4
649 6
779 4
270 5
325 6
551 2
362 10
491 568
143 10
587 3
834 1
712 4
117 1
64 6
216 4
25 1
162 6
737 500
458 1
747 4
722 6
746 6
315 1
764 10
333 8
803 6
180 3
6 167
200 10
773 2
424 1
392 2
486 3
519 10
780 9
380 1
535 3
774 269
166 3
861 2
57 4
700 4
361 8
595 8
801 2
174 1
861 3
73 620
181 5
520 9
53 8
328 1
156 6
545 7
635 1
214 8
267 4
40 276
536 8
239 8
787 9
609 6
128 6
607 8
659 2
139 6
661 8
609 530
687 6
234 8
849 10
164 7
476 9
101 7
736 7
835 1
202 8
712 62
552 8
855 3
52 2
268 9
157 6
514 9
627 6
42 4
372 10
682 55
13 5
739 5
108 4
452 6
130 10
164 8
28 10
790 2
224 2
405 364
193 7
150 1
644 4
206 10
404 2
245 1
491 5
731 8
295 6
828 732
271 4
568 6
668 8
485 7
426 7
478 9
258 7
56 7
418 3
497 338
133 5
23 4
420 9
298 10
848 7
83 8
98 2
716 6
714 7
749 316
166 8
359 7
222 6
580 1
654 3
557 2
329 6
771 9
512 8
24 793
797 4
443 4
438 6
611 5
145 9
629 2
238 6
705 9
323 3
180 574
662 9
478 1
639 3
418 10
330 1
334 8
19 10
44 10
293 3
449 490
837 4
589 7
243 7
497 8
767 6
654 10
480 9
664 9
420 4
450 497
795 9
270 4
615 4
459 9
125 3
292 6
72 1
269 1
695 3
253 309
25 3
541 3
172 3
733 5
836 6
98 5
333 3
360 9
670 6
818 58
728 3
787 7
49 10
717 7
838 7
55 2
45 6
422 8
604 5
103 734
282 2
784 4
172 1
358 3
223 5
847 4
546 1
359 3
289 8
669 656
21 6
447 1
540 9
532 5
611 4
567 10
734 10
191 4
234 6
821 754
495 8
63 2
454 4
26 2
304 3
466 9
397 9
792 6
408 3
464 87
592 7
629 3
312 6
248 4
302 1
223 3
282 8
706 4
373 1
814 682
344 9
468 9
396 6
316 4
855 10
214 5
593 4
739 9
482 8
245 762
112 3
657 1
641 6
160 7
102 10
302 7
256 6
525 10
508 4
19 644
238 1
619 4
351 3
847 8
15 4
683 4
164 7
673 7
252 6
562 832
720 10
672 3
40 4
154 2
43 5
683 10
401 9
95 9
77 2
712 447
742 2
414 5
358 3
111 2
84 1
543 9
845 10
759 5
423 2
366 150
494 1
652 9
150 8
464 1
596 7
600 9
262 2
312 5
861 4
90 810
739 3
177 10
332 1
852 5
206 8
512 1
229 10
273 6
97 5
755 11
432 8
225 2
432 9
235 10
21 6
735 1
45 9
825 4
296 4
776 673
463 5
175 2
709 8
512 8
737 9
753 6
599 8
75 4
202 10
32 834
558 1
763 1
660 4
212 4
753 4
425 3
566 6
498 3
782 5
15 401
193 8
38 9
109 1
483 7
458 5
828 3
755 8
737 1
390 4
337 711
168 10
451 9
148 3
274 9
39 6
485 8
758 2
221 8
284 2
477 59
187 5
728 7
819 2
556 9
824 4
382 8
268 10
693 9
647 8
506 765
684 10
828 8
525 6
673 7
259 5
12 9
55 10
427 5
296 4
792 440
209 9
747 6
839 4
116 9
545 8
420 1
387 6
128 6
841 9
370 573
496 8
674 2
776 9
588 10
781 7
591 1
238 6
136 6
402 9
261 483
190 5
292 9
353 10
390 2
151 3
785 1
675 7
245 9
202 9
37 405
373 8
197 2
503 5
781 6
659 7
145 7
856 5
564 6
268 1
536 514
495 6
307 4
784 8
42 6
555 1
785 9
261 4
382 8
654 5
294 91
43 2
223 6
248 8
635 4
96 5
751 7
315 2
89 4
261 10
733 832
764 4
497 1
791 4
198 2
71 4
224 10
13 9
544 6
544 2
411 412
183 6
691 1
386 1
562 5
695 9
575 1
646 10
655 6
770 9
777 90
39 3
582 3
242 9
300 6
70 10
486 1
785 2
4 10
364 9
457 776
663 5
71 4
675 8
17 6
695 8
448 5
627 1
610 10
529 10
713 286
305 9
565 9
238 7
377 4
648 5
164 8
124 4
541 4
774 8
834 230
736 9
46 4
825 10
228 3
686 1
270 8
773 10
250 2
543 9
341 250
592 4
821 5
384 7
213 2
772 6
761 5
692 9
657 1
344 2
779 61
719 8
331 6
503 5
421 8
496 6
280 10
280 7
648 8
791 4
462 257
18 8
409 9
679 3
536 1
756 5
131 2
547 9
659 9
137 6
811 414
77 7
574 10
588 10
615 6
851 10
748 9
484 1
682 2
194 1
515 98
11 8
163 8
827 5
93 8
817 10
303 6
119 5
829 6
389 6
293 555
17 3
735 9
564 10
335 5
675 5
825 5
142 4
309 7
747 4
86 634
424 10
207 6
46 2
581 9
316 1
206 10
66 5
290 1
179 5
386 412
330 5
322 10
588 2
823 6
274 6
645 10
531 2
323 7
172 6
741 540
642 3
714 4
490 10
354 4
454 9
604 6
264 2
305 9
296 8
572 659
47 5
398 1
704 3
96 7
349 9
308 3
518 5
91 5
28 8
472 344
541 6
603 8
530 5
96 5
848 4
334 10
829 2
114 3
450 1
8 147
397 7
388 5
178 7
146 8
306 6
102 9
719 4
6 3
233 9
747 673
406 3
785 1
619 3
142 3
307 4
74 2
776 10
527 8
43 6
408 35
691 6
327 5
370 10
32 4
401 5
252 5
88 7
642 7
757 2
355 36
509 3
227 4
312 7
447 8
608 10
335 5
541 8
100 8
818 6
277 759
19 5
536 8
833 2
364 1
334 6
299 2
491 5
616 8
470 1
159 97
855 7
208 8
372 8
100 7
563 9
703 8
726 3
584 7
215 4
531 345
375 8
842 10
674 3
133 4
826 8
161 5
29 3
790 8
82 1
539 531
392 3
151 2
661 8
521 7
694 6
659 2
67 1
355 9
658 7
705 400
495 3
96 1
111 6
569 7
587 7
491 7
760 9
365 4
598 4
248 149
674 9
38 2
678 10
530 2
389 8
426 10
105 10
572 8
819 3
611 339
841 5
29 6
598 10
195 6
202 5
92 6
622 10
737 7
722 3
321 97
469 4
686 1
19 3
69 6
103 3
318 5
241 9
69 8
631 8
171 451
65 2
22 10
22 10
156 10
326 2
572 5
65 9
531 9
650 1
383 776
677 3
53 4
569 9
145 3
94 9
786 3
673 2
670 1
817 2
447 439
176 9
103 3
57 4
688 10
364 4
597 3
612 8
361 4
180 2
390 316
327 10
845 2
394 7
380 2
303 2
395 1
367 10
85 3
72 4
261 536
321 4
370 2
574 6
751 6
185 5
725 2
239 5
396 10
809 7
719 275
678 1
298 3
276 6
124 3
527 6
710 2
649 7
517 1
771 1
447 694
510 5
587 10
526 5
631 2
149 8
198 5
756 2
622 8
633 1
669 300
394 1
121 1
216 7
533 1
169 7
371 2
433 5
817 6
444 10
648 705
342 3
758 1
110 10
199 1
232 7
105 5
208 7
223 3
268 10
480 488
776 2
153 6
533 1
290 6
247 3
649 8
178 6
285 2
786 8
426 737
488 9
232 10
651 1
70 8
442 6
317 10
678 1
63 3
46 9
15 740
498 10
206 9
570 2
330 1
775 4
823 7
422 5
156 1
118 1
333 716
58 1
517 5
816 10
421 7
829 3
624 3
141 10
152 8
607 8
441 643
821 5
313 6
81 8
559 2
306 3
758 8
271 3
798 4
189 8
838 516
87 7
148 6
649 1
678 9
522 6
199 1
29 9
425 10
6 10
341 349
853 10
248 6
602 5
322 4
642 4
306 8
596 8
241 1
712 9
498 520
755 1
352 4
853 7
94 5
752 2
858 10
606 6
89 8
452 3
13 271
114 2
858 3
560 2
285 9
70 8
228 6
684 10
410 10
544 5
103 383
322 1
103 4
761 6
377 8
322 1
307 5
790 2
153 10
770 3
593 284
647 3
577 5
314 2
169 4
97 8
151 2
162 9
151 2
30 3
338 824
29 6
184 3
756 9
645 8
634 1
641 1
493 10
240 10
410 3
517 545
590 7
764 5
689 10
521 1
213 10
179 10
659 1
178 4
27 3
607 467
341 1
131 7
563 4
302 5
453 9
511 6
309 4
670 4
437 3
75 860
736 5
801 7
315 7
641 1
507 6
686 3
479 5
785 4
563 8
489 854
734 5
447 4
202 8
379 1
319 3
744 4
245 9
183 1
120 8
14 812
82 3
196 4
322 10
843 2
774 3
174 4
805 6
169 3
133 4
827 294
296 8
474 8
54 7
318 7
68 4
779 9
760 4
613 5
515 1
7 136
