857 1000
1 2
2 3
2 4
4 5
4 6
5 7
6 8
4 9
4 10
3 11
9 12
10 13
4 14
11 15
6 16
10 17
10 18
10 19
5 20
4 21
16 22
14 23
20 24
17 25
13 26
12 27
4 28
21 29
21 30
28 31
20 32
28 33
6 34
22 35
4 36
27 37
25 38
22 39
33 40
15 41
7 42
40 43
15 44
36 45
26 46
39 47
8 48
13 49
38 50
12 51
9 52
12 53
33 54
3 55
46 56
37 57
18 58
50 59
42 60
59 61
53 62
49 63
16 64
58 65
51 66
22 67
51 68
52 69
50 70
9 71
16 72
41 73
24 74
21 75
29 76
60 77
51 78
17 79
23 80
24 81
28 82
62 83
31 84
35 85
72 86
73 87
32 88
70 89
75 90
68 91
25 92
85 93
37 94
73 95
26 96
58 97
13 98
86 99
1 100
65 101
60 102
40 103
37 104
60 105
42 106
61 107
45 108
91 109
64 110
82 111
11 112
19 113
67 114
18 115
40 116
67 117
93 118
65 119
65 120
10 121
17 122
61 123
120 124
67 125
14 126
4 127
113 128
58 129
47 130
88 131
94 132
12 133
46 134
26 135
104 136
109 137
90 138
124 139
7 140
130 141
135 142
64 143
108 144
85 145
101 146
64 147
134 148
47 149
65 150
78 151
142 152
97 153
96 154
98 155
73 156
146 157
103 158
96 159
122 160
23 161
134 162
43 163
19 164
144 165
137 166
58 167
108 168
60 169
40 170
81 171
79 172
83 173
39 174
7 175
74 176
96 177
56 178
58 179
145 180
23 181
77 182
3 183
144 184
141 185
116 186
82 187
112 188
65 189
187 190
142 191
53 192
141 193
161 194
171 195
74 196
182 197
112 198
177 199
35 200
68 201
123 202
164 203
27 204
37 205
130 206
37 207
135 208
189 209
70 210
62 211
86 212
118 213
157 214
89 215
80 216
8 217
90 218
16 219
79 220
98 221
130 222
110 223
7 224
21 225
199 226
171 227
82 228
36 229
105 230
94 231
89 232
154 233
104 234
62 235
79 236
107 237
85 238
100 239
187 240
214 241
202 242
117 243
140 244
74 245
154 246
113 247
31 248
108 249
35 250
33 251
103 252
78 253
89 254
100 255
54 256
54 257
114 258
82 259
38 260
109 261
48 262
87 263
97 264
258 265
114 266
17 267
224 268
45 269
227 270
154 271
244 272
234 273
216 274
161 275
197 276
154 277
92 278
211 279
232 280
266 281
12 282
35 283
268 284
272 285
71 286
95 287
147 288
94 289
90 290
247 291
276 292
208 293
220 294
108 295
265 296
146 297
116 298
281 299
115 300
81 301
281 302
214 303
133 304
6 305
280 306
17 307
202 308
125 309
45 310
90 311
238 312
86 313
216 314
23 315
179 316
87 317
292 318
116 319
120 320
9 321
188 322
222 323
151 324
254 325
17 326
242 327
208 328
64 329
103 330
310 331
185 332
35 333
184 334
62 335
324 336
82 337
315 338
185 339
1 340
311 341
253 342
270 343
326 344
176 345
261 346
197 347
44 348
265 349
314 350
111 351
171 352
335 353
79 354
138 355
176 356
2 357
196 358
25 359
139 360
105 361
335 362
305 363
214 364
364 365
173 366
315 367
169 368
72 369
369 370
148 371
256 372
78 373
179 374
165 375
356 376
313 377
142 378
73 379
82 380
92 381
371 382
130 383
177 384
366 385
57 386
120 387
173 388
106 389
369 390
51 391
238 392
291 393
114 394
136 395
242 396
153 397
181 398
240 399
79 400
264 401
200 402
216 403
183 404
33 405
330 406
153 407
13 408
271 409
267 410
325 411
352 412
203 413
203 414
344 415
12 416
22 417
224 418
391 419
32 420
360 421
415 422
152 423
408 424
104 425
375 426
177 427
172 428
5 429
213 430
5 431
233 432
1 433
5 434
6 435
70 436
424 437
402 438
253 439
208 440
377 441
163 442
378 443
432 444
267 445
263 446
136 447
21 448
175 449
339 450
139 451
74 452
389 453
228 454
233 455
361 456
51 457
162 458
127 459
142 460
151 461
179 462
382 463
425 464
134 465
387 466
161 467
387 468
349 469
377 470
153 471
393 472
347 473
432 474
140 475
45 476
50 477
204 478
112 479
387 480
287 481
49 482
362 483
116 484
362 485
29 486
175 487
347 488
462 489
473 490
460 491
375 492
468 493
177 494
81 495
453 496
369 497
338 498
349 499
486 500
283 501
338 502
157 503
7 504
9 505
217 506
351 507
71 508
380 509
209 510
44 511
89 512
340 513
74 514
445 515
168 516
7 517
134 518
388 519
504 520
482 521
206 522
416 523
145 524
8 525
35 526
87 527
312 528
405 529
422 530
46 531
506 532
276 533
383 534
491 535
88 536
105 537
23 538
242 539
223 540
284 541
526 542
33 543
228 544
363 545
121 546
191 547
263 548
133 549
431 550
227 551
452 552
5 553
78 554
136 555
116 556
394 557
530 558
276 559
466 560
285 561
39 562
253 563
500 564
221 565
377 566
235 567
83 568
37 569
142 570
246 571
491 572
495 573
467 574
153 575
166 576
202 577
573 578
506 579
538 580
321 581
144 582
168 583
354 584
103 585
469 586
94 587
89 588
509 589
98 590
363 591
401 592
514 593
125 594
252 595
85 596
466 597
550 598
118 599
497 600
201 601
444 602
61 603
288 604
366 605
463 606
42 607
340 608
514 609
254 610
239 611
336 612
439 613
398 614
191 615
136 616
258 617
472 618
46 619
226 620
265 621
543 622
596 623
460 624
336 625
137 626
43 627
132 628
483 629
468 630
257 631
463 632
174 633
592 634
136 635
474 636
456 637
601 638
183 639
72 640
165 641
158 642
311 643
139 644
453 645
29 646
227 647
608 648
313 649
382 650
582 651
186 652
354 653
272 654
29 655
270 656
596 657
652 658
638 659
5 660
165 661
240 662
525 663
541 664
446 665
600 666
335 667
169 668
385 669
336 670
657 671
40 672
190 673
115 674
189 675
525 676
174 677
262 678
652 679
186 680
677 681
630 682
298 683
46 684
426 685
212 686
486 687
629 688
254 689
236 690
263 691
255 692
684 693
90 694
630 695
482 696
510 697
156 698
342 699
169 700
132 701
642 702
271 703
204 704
513 705
530 706
580 707
260 708
681 709
410 710
78 711
216 712
64 713
496 714
181 715
216 716
687 717
245 718
681 719
193 720
130 721
334 722
697 723
239 724
414 725
500 726
166 727
542 728
299 729
611 730
649 731
518 732
646 733
715 734
354 735
302 736
86 737
639 738
721 739
267 740
441 741
42 742
111 743
163 744
290 745
225 746
647 747
579 748
458 749
642 750
283 751
225 752
83 753
379 754
419 755
664 756
120 757
593 758
9 759
190 760
177 761
181 762
285 763
425 764
670 765
292 766
213 767
79 768
143 769
548 770
324 771
446 772
706 773
733 774
389 775
121 776
223 777
184 778
101 779
674 780
560 781
455 782
582 783
250 784
505 785
534 786
539 787
509 788
726 789
332 790
419 791
620 792
168 793
74 794
276 795
519 796
269 797
287 798
403 799
250 800
67 801
662 802
636 803
353 804
598 805
796 806
384 807
25 808
624 809
515 810
374 811
526 812
386 813
595 814
447 815
207 816
486 817
150 818
88 819
323 820
9 821
103 822
564 823
749 824
456 825
547 826
667 827
478 828
584 829
552 830
486 831
233 832
535 833
113 834
231 835
811 836
473 837
285 838
461 839
23 840
370 841
228 842
170 843
234 844
483 845
817 846
422 847
551 848
525 849
86 850
228 851
514 852
361 853
445 854
132 855
694 856
450 857
481 3
841 10
804 8
158 5
255 8
448 8
478 9
312 2
814 6
850 11
455 8
317 6
316 10
780 8
634 7
114 2
237 5
449 5
28 4
255 835
446 1
319 10
604 2
240 8
205 6
479 5
610 5
264 6
679 9
545 230
226 7
359 9
752 2
825 8
694 9
175 6
674 7
67 8
734 10
521 715
639 8
371 8
832 6
701 5
384 2
56 6
685 9
832 10
340 7
369 712
350 9
493 1
206 4
616 2
540 2
459 9
676 5
708 10
68 8
757 792
467 3
695 6
577 5
339 4
436 4
382 7
50 1
529 2
15 4
572 302
48 8
246 3
491 2
558 3
412 1
732 2
224 2
842 6
178 6
80 475
341 7
136 10
473 4
387 2
665 9
214 1
18 3
585 8
773 8
223 47
564 7
828 2
499 5
391 2
357 1
97 4
610 2
470 6
606 7
58 651
100 3
585 9
196 5
770 10
510 6
607 3
720 5
19 6
690 7
362 370
64 7
368 6
105 4
474 8
590 9
322 9
257 5
173 6
528 9
28 301
255 2
656 8
219 1
523 6
92 10
678 8
602 7
368 6
260 3
515 458
94 2
608 8
597 10
573 1
431 8
627 6
739 4
231 9
535 9
492 695
270 2
821 4
54 5
683 4
244 8
515 5
297 8
189 6
305 4
787 123
448 4
390 6
616 7
521 1
753 4
394 5
788 6
105 4
628 5
147 457
269 10
222 4
510 5
677 1
776 5
498 7
131 8
15 9
749 5
71 46
797 8
240 9
556 10
114 6
854 8
42 2
465 6
835 1
111 9
758 770
776 7
128 7
469 1
507 1
791 3
534 2
120 6
390 5
552 7
461 404
207 10
423 3
247 1
374 3
726 5
132 1
72 7
711 5
311 1
565 522
86 2
145 4
492 10
478 4
734 5
307 5
824 1
214 3
249 7
331 647
798 9
729 9
772 7
251 10
565 5
305 10
39 3
578 5
174 5
203 650
822 10
80 9
434 9
701 1
431 7
274 6
763 3
310 5
789 2
723 70
523 5
562 3
384 9
297 1
154 9
98 3
19 9
736 8
663 10
792 596
698 4
279 6
118 8
310 5
432 9
336 2
456 2
108 2
23 3
692 552
272 3
540 9
524 1
347 1
565 10
754 3
353 5
77 5
685 6
700 67
758 4
696 5
388 6
276 6
511 7
260 7
10 10
503 5
179 4
429 167
480 4
61 4
503 1
765 1
16 1
450 5
54 9
679 7
58 4
757 267
479 8
801 9
496 9
177 10
537 1
757 1
144 9
39 9
786 10
597 353
727 6
569 7
416 10
162 8
309 9
721 7
497 6
278 6
456 9
64 489
139 10
629 6
695 9
56 8
92 3
649 2
401 2
756 1
497 8
522 667
435 8
772 4
435 3
271 10
374 3
134 9
498 9
302 3
317 1
696 157
12 1
687 9
556 5
164 7
155 9
728 8
221 2
803 3
1 6
666 554
416 2
366 9
642 6
26 10
795 5
426 1
795 9
261 10
463 8
425 346
582 3
84 1
751 8
577 10
372 4
128 5
27 10
761 4
661 1
18 808
711 6
121 5
395 2
572 9
96 5
140 7
794 9
386 10
306 2
131 753
501 2
647 4
189 8
27 3
695 1
519 4
28 8
480 4
775 6
217 316
857 7
95 7
565 4
139 3
801 3
842 10
573 6
48 3
514 10
520 513
642 2
98 8
226 4
335 5
244 1
157 3
670 7
529 8
11 4
151 849
701 8
520 2
343 4
289 9
655 3
78 7
719 4
679 10
162 3
780 242
253 1
661 3
478 3
646 6
461 1
653 8
503 5
781 9
457 2
443 725
58 4
401 5
32 7
208 6
393 1
460 4
670 6
70 9
74 3
383 554
354 6
550 9
398 1
70 9
349 9
829 9
693 4
555 10
672 3
221 84
108 8
536 4
663 5
369 9
194 1
558 2
378 9
297 4
262 10
361 356
582 1
526 10
795 9
515 2
242 8
795 9
415 9
773 7
772 3
47 824
742 4
280 6
504 3
586 3
129 2
756 2
138 3
65 9
768 9
533 13
782 3
80 4
76 9
717 5
547 6
504 8
100 2
1 6
192 10
265 801
59 3
166 10
359 4
177 9
244 10
66 6
706 6
277 5
802 2
476 51
251 10
658 5
73 7
215 2
58 9
135 8
60 1
210 3
93 1
397 75
107 8
244 3
771 7
503 8
193 1
284 6
128 10
412 7
425 10
697 393
19 2
644 6
679 7
767 4
841 8
714 3
545 9
795 9
88 9
103 533
205 10
685 5
121 1
199 1
458 1
520 1
149 9
165 8
202 9
25 853
519 8
708 9
96 5
600 9
543 9
673 6
189 7
37 3
291 2
822 445
660 1
105 1
539 9
265 8
426 4
141 1
746 10
516 4
526 2
118 179
174 2
153 5
71 3
190 5
7 2
612 1
200 8
182 8
361 7
501 795
572 9
327 1
205 4
597 6
776 1
71 2
275 6
140 4
819 4
703 120
754 1
817 3
796 5
236 4
659 1
518 1
659 6
90 1
418 1
278 120
552 9
428 3
313 4
126 4
788 8
697 4
282 3
35 6
401 3
754 21
589 5
253 8
254 5
768 4
565 10
591 10
660 6
324 7
313 9
459 440
49 6
431 9
335 3
717 1
714 6
629 9
650 3
98 4
808 6
324 472
21 2
102 9
641 1
488 1
17 5
855 10
432 5
462 8
621 8
445 151
807 9
582 9
78 6
413 10
387 9
189 2
824 9
517 2
521 6
226 257
220 8
74 1
203 7
548 8
108 8
552 5
499 8
785 1
107 4
258 655
734 8
752 8
103 6
493 4
629 5
651 8
156 7
810 1
113 4
423 141
545 6
811 2
423 1
410 2
612 7
345 8
753 6
200 3
355 7
737 229
408 1
738 3
412 6
572 1
502 6
563 1
777 2
741 3
766 9
209 750
421 3
278 9
799 2
439 2
802 8
165 8
222 9
681 5
339 7
90 349
278 8
502 1
38 2
453 4
470 5
477 1
551 8
341 7
231 5
652 488
306 10
668 8
480 9
201 2
470 7
621 7
73 1
686 8
369 1
182 154
461 3
822 10
723 8
826 4
464 2
412 4
142 4
519 4
597 10
416 852
592 10
358 7
800 4
657 3
578 8
224 6
344 8
457 7
736 6
770 497
103 4
161 6
457 8
497 10
146 2
224 5
349 10
414 2
471 4
306 261
324 4
276 5
671 10
76 7
92 7
647 1
276 7
273 9
619 9
320 729
175 3
231 5
616 9
778 10
639 1
250 5
52 6
581 10
282 7
410 162
679 5
195 5
348 5
503 7
150 10
185 7
153 5
449 1
157 3
562 413
404 6
166 3
818 3
521 4
667 8
502 6
421 10
290 5
162 1
595 196
514 5
595 10
641 7
75 8
123 7
395 10
482 10
194 7
248 4
409 16
394 6
353 2
464 5
767 10
297 8
699 9
498 1
571 4
497 8
715 694
670 8
286 7
816 8
275 10
685 3
702 8
494 5
224 4
736 8
702 818
473 7
503 9
38 10
830 2
90 7
286 2
118 10
397 8
347 1
329 764
809 10
290 4
316 5
778 7
52 7
637 3
657 10
143 1
772 9
762 521
358 9
12 2
589 1
126 8
382 9
337 10
727 10
635 10
691 2
623 351
831 3
236 3
845 7
594 9
247 8
461 1
782 4
713 5
95 6
77 92
479 8
422 8
502 1
61 7
600 5
801 7
312 4
28 5
591 3
203 28
149 5
294 4
4 6
92 8
215 3
344 2
102 8
826 7
462 7
370 617
376 5
216 3
484 1
787 5
306 1
446 6
251 2
682 9
550 2
756 691
409 1
19 9
442 9
164 10
571 1
139 2
55 9
814 7
179 5
240 335
659 1
673 1
530 2
14 4
794 5
174 5
813 8
390 5
687 3
107 784
759 1
537 1
142 6
154 8
105 10
141 4
652 3
28 5
571 9
158 460
366 3
672 1
740 3
480 9
523 7
802 3
329 9
23 10
352 5
216 110
699 2
267 2
221 4
295 1
382 6
661 10
785 1
113 8
706 10
803 847
197 2
79 4
387 1
155 1
14 7
551 1
244 8
695 2
658 4
735 633
769 10
500 2
200 1
766 9
119 10
318 6
838 1
673 8
690 1
428 195
99 3
490 2
1 9
360 10
650 9
164 7
739 2
117 5
450 7
127 745
255 10
437 10
388 5
721 4
773 2
405 1
793 2
305 8
509 9
155 138
350 9
288 4
202 1
309 9
93 5
541 5
442 6
521 9
737 5
535 799
59 6
613 1
629 4
279 7
160 5
849 10
676 8
564 3
745 9
587 304
633 10
744 6
290 3
445 2
48 8
175 7
746 3
135 5
23 6
750 573
620 9
22 10
315 10
75 8
297 1
252 7
207 6
45 10
30 2
448 80
554 4
315 1
740 4
182 4
739 7
152 6
135 1
426 7
277 6
81 39
