213 1000
1 2
1 3
2 4
1 5
1 6
5 7
5 8
2 9
4 10
8 11
6 12
7 13
9 14
14 15
10 16
8 17
13 18
5 19
9 20
4 21
11 22
12 23
16 24
7 25
25 26
11 27
10 28
17 29
28 30
25 31
22 32
28 33
19 34
5 35
20 36
29 37
20 38
6 39
16 40
15 41
3 42
4 43
1 44
42 45
2 46
24 47
22 48
43 49
10 50
2 51
7 52
48 53
53 54
45 55
36 56
18 57
33 58
46 59
46 60
35 61
51 62
58 63
51 64
23 65
55 66
61 67
39 68
31 69
13 70
37 71
34 72
14 73
70 74
46 75
70 76
2 77
17 78
2 79
78 80
42 81
46 82
79 83
39 84
22 85
24 86
48 87
77 88
70 89
87 90
80 91
90 92
72 93
65 94
19 95
11 96
30 97
40 98
13 99
65 100
26 101
12 102
36 103
46 104
75 105
72 106
1 107
75 108
87 109
87 110
14 111
41 112
28 113
77 114
114 115
57 116
99 117
17 118
111 119
51 120
12 121
72 122
19 123
6 124
77 125
17 126
80 127
89 128
86 129
79 130
43 131
67 132
75 133
73 134
125 135
30 136
22 137
119 138
67 139
57 140
38 141
19 142
68 143
143 144
58 145
2 146
137 147
16 148
16 149
41 150
42 151
8 152
96 153
109 154
143 155
67 156
124 157
80 158
110 159
150 160
107 161
47 162
91 163
7 164
135 165
110 166
95 167
163 168
129 169
60 170
108 171
142 172
25 173
166 174
19 175
152 176
98 177
21 178
170 179
2 180
91 181
171 182
21 183
104 184
7 185
39 186
157 187
168 188
169 189
133 190
22 191
68 192
6 193
5 194
194 195
105 196
108 197
53 198
95 199
155 200
138 201
41 202
177 203
83 204
30 205
143 206
173 207
192 208
196 209
29 210
52 211
171 212
92 213
13 1
30 8
69 1
15 2
187 4
198 2
73 5
138 6
48 9
180 110
149 9
174 3
113 9
85 10
50 5
17 6
21 2
176 5
79 1
132 25
171 6
150 8
196 10
157 3
98 7
165 10
154 3
112 2
24 6
105 78
112 4
76 4
135 1
197 9
148 7
180 10
66 10
113 10
119 9
88 120
178 10
112 9
9 10
70 2
49 2
81 8
180 3
189 1
182 4
166 64
105 8
200 4
26 4
22 7
63 7
65 9
141 4
44 5
164 7
114 150
212 8
110 5
165 8
171 6
73 2
67 6
68 2
54 3
195 8
37 146
60 6
81 10
206 8
35 1
163 9
21 1
105 4
203 7
110 1
107 86
95 1
87 8
172 4
140 6
65 10
36 3
194 6
82 5
30 9
104 203
120 9
211 2
112 9
148 1
124 10
53 4
45 4
173 2
206 1
111 155
65 2
85 4
32 7
72 5
109 6
126 4
208 10
161 4
146 9
56 131
7 2
202 6
152 9
194 7
87 5
115 5
212 4
10 10
140 9
169 126
42 7
75 7
188 10
45 1
27 3
166 9
89 3
93 2
149 10
126 83
27 4
203 9
90 2
26 1
107 10
43 3
190 5
55 8
31 3
110 212
200 4
12 3
10 2
168 1
73 7
11 1
93 2
90 3
63 6
142 148
68 7
104 7
16 5
99 2
42 7
211 3
97 1
193 7
196 2
171 51
150 8
68 6
61 4
45 6
57 7
58 4
190 10
191 9
68 9
26 71
199 10
148 3
185 2
6 4
9 8
209 7
131 1
106 4
35 9
135 175
50 7
183 3
53 6
75 9
73 8
207 2
195 7
208 2
39 9
69 110
23 9
76 10
198 3
34 10
192 1
1 6
99 8
179 10
42 3
170 78
201 10
108 7
168 9
129 6
165 4
99 3
158 10
26 3
189 8
74 58
113 10
32 9
66 3
41 2
168 5
120 2
86 3
105 6
67 3
13 172
61 4
81 10
79 9
63 3
198 1
212 8
87 3
19 8
14 7
42 50
94 9
188 7
84 10
143 10
168 10
54 2
165 4
31 5
162 9
165 169
159 8
113 9
29 5
143 4
41 6
17 6
118 3
49 9
192 4
193 188
146 1
197 10
26 8
146 10
33 10
83 10
77 10
47 10
54 1
184 192
144 7
130 6
188 9
75 7
161 2
46 10
115 8
15 4
151 4
139 128
42 3
70 5
20 5
54 2
142 5
198 3
205 8
48 1
24 8
131 109
26 4
76 9
130 4
139 4
70 5
65 2
113 7
177 7
132 9
186 23
16 6
36 2
15 4
183 2
195 9
158 2
193 3
98 9
19 8
98 30
69 5
119 9
67 8
175 3
116 1
137 5
78 2
18 10
101 5
133 114
153 9
140 3
191 4
119 1
58 3
20 3
148 4
112 4
202 9
98 164
104 9
101 4
131 2
38 1
185 4
134 6
173 7
43 5
135 5
8 78
24 4
162 3
30 8
136 2
194 3
205 7
29 7
197 3
188 5
198 64
5 5
67 2
100 8
6 4
76 3
157 10
110 4
201 3
152 10
92 113
170 7
68 4
52 4
28 7
171 6
179 3
129 3
43 2
87 7
22 50
117 3
75 8
89 10
35 5
55 5
161 2
197 10
76 4
57 9
146 195
26 9
67 10
161 10
78 8
68 6
183 7
75 4
203 2
8 10
159 36
80 7
29 10
60 8
58 2
152 8
154 7
151 8
30 6
80 6
175 66
176 4
115 4
143 5
196 3
193 10
67 5
176 10
35 2
61 5
38 162
181 8
206 8
134 2
150 10
35 6
10 9
199 8
31 1
106 9
62 109
11 1
47 3
177 10
193 7
105 8
124 2
33 2
43 3
41 2
40 37
76 3
80 3
93 10
136 8
153 7
54 1
186 1
84 3
85 9
118 184
81 10
51 1
2 3
159 9
162 5
131 4
11 7
190 3
35 8
144 63
127 9
202 5
146 6
47 1
64 8
157 9
166 8
167 8
116 7
182 125
82 2
164 2
34 4
111 3
145 10
45 6
86 4
30 8
53 2
113 206
20 9
209 4
79 8
205 3
193 9
133 1
42 3
144 3
188 10
71 201
96 2
34 3
69 2
106 9
117 3
94 8
57 6
116 5
120 3
57 78
181 8
45 2
21 9
199 3
140 2
139 10
159 1
35 6
119 10
124 13
28 1
160 1
148 4
130 9
137 7
209 9
85 10
24 1
145 3
110 99
83 5
135 9
202 9
37 8
128 2
170 10
203 3
156 5
36 2
153 120
206 6
203 1
152 3
94 8
7 2
89 2
159 4
5 6
156 10
75 198
159 2
167 6
2 3
145 9
31 10
158 9
108 4
7 1
20 9
108 178
41 2
190 2
26 4
127 9
178 7
62 6
145 10
196 5
162 9
198 198
105 8
151 6
139 1
32 7
176 1
103 10
148 6
65 5
174 9
128 179
176 2
131 6
181 4
90 4
8 5
112 2
81 5
55 9
190 7
7 211
98 9
44 8
136 8
179 3
101 3
50 2
107 4
54 6
12 5
89 31
95 5
106 9
115 2
17 7
32 8
127 1
179 5
35 10
59 2
73 51
12 10
120 5
156 5
58 1
99 10
23 4
48 10
17 2
160 6
3 206
135 9
209 6
25 4
33 8
66 7
213 10
2 7
111 6
164 7
138 169
125 6
37 2
108 10
45 9
160 4
120 2
82 5
204 6
194 7
202 131
146 6
133 9
209 10
179 6
18 10
50 6
154 3
33 7
132 7
54 145
122 2
128 3
145 9
61 10
33 5
172 9
159 2
40 1
128 6
14 143
112 10
57 5
140 10
97 8
34 10
202 9
179 4
67 5
1 9
190 11
10 6
71 1
163 2
20 8
23 1
81 9
92 9
10 3
213 3
20 210
144 4
146 8
26 6
63 10
186 2
128 6
185 10
15 2
155 9
180 90
53 5
191 3
69 6
160 8
202 7
20 2
50 10
182 9
150 2
123 187
163 5
130 2
90 1
185 4
197 7
62 7
210 2
35 7
19 10
29 212
53 4
152 5
14 4
118 8
198 8
202 3
182 6
180 3
199 5
50 88
118 9
147 2
113 8
122 7
180 3
173 2
19 6
3 10
124 1
27 83
171 7
112 7
121 10
24 2
119 10
127 10
151 5
43 3
57 4
98 29
179 2
156 5
160 5
20 2
170 10
135 4
137 1
104 4
124 1
110 167
110 6
4 9
140 7
136 4
21 4
108 2
23 3
199 7
97 2
156 149
118 10
63 10
113 5
80 6
192 4
47 1
90 7
107 9
26 1
129 125
137 8
64 3
203 2
41 4
90 1
15 1
68 8
29 1
212 9
166 145
15 5
134 9
135 1
207 10
177 4
180 3
34 9
193 10
34 3
202 26
77 8
189 3
181 8
72 1
150 8
94 8
123 9
133 4
9 8
144 28
41 6
197 1
24 7
108 5
130 1
208 1
128 3
98 1
205 3
24 171
107 5
36 9
43 3
24 8
138 3
209 4
195 8
21 1
37 9
212 187
13 3
14 3
42 10
25 2
15 7
76 6
93 6
139 3
40 1
164 199
193 9
163 7
38 7
171 5
197 2
190 1
112 1
104 3
168 2
155 49
81 1
25 4
108 5
100 2
93 5
7 3
127 3
38 8
185 2
137 144
164 1
191 9
185 5
30 8
194 7
81 8
213 10
205 2
72 1
204 164
192 6
61 1
32 3
30 3
12 7
196 1
146 3
197 3
127 7
180 137
45 2
179 3
83 5
120 4
92 2
23 7
130 9
200 5
28 9
71 20
96 4
191 8
85 6
162 3
118 8
207 3
92 2
119 4
206 10
47 100
168 6
115 9
138 4
196 10
200 4
88 5
14 4
192 5
141 6
195 166
208 7
159 7
120 5
131 6
33 2
204 10
198 3
58 5
1 7
131 84
2 2
30 2
58 10
132 3
8 1
148 8
9 4
52 2
147 3
189 176
98 2
34 10
183 7
200 10
67 5
212 7
80 3
71 1
158 1
78 124
149 3
202 7
37 3
53 8
156 2
50 8
147 7
127 9
2 1
176 89
124 1
188 8
160 10
85 1
69 3
178 2
1 8
14 5
108 2
34 187
70 1
90 9
74 6
150 4
90 2
64 10
138 1
78 4
176 4
169 196
164 9
115 7
59 1
190 2
142 10
71 10
139 8
83 3
4 8
125 164
133 5
6 4
113 8
144 1
65 5
186 8
107 7
121 6
200 10
38 11
66 10
4 2
88 7
176 2
73 3
145 7
108 5
177 10
200 9
130 29
18 6
23 8
169 2
87 5
6 6
134 2
194 7
182 4
169 8
143 31
176 3
80 2
132 3
51 6
177 7
72 1
86 8
135 2
81 7
78 182
61 3
121 6
206 9
118 2
167 6
81 2
126 10
169 3
96 7
87 50
40 1
192 2
127 2
7 9
197 9
137 10
105 3
76 3
107 1
122 109
