521 1000
1 2
1 3
1 4
3 5
3 6
6 7
3 8
7 9
6 10
4 11
3 12
7 13
3 14
11 15
3 16
3 17
7 18
12 19
3 20
14 21
16 22
22 23
22 24
11 25
1 26
10 27
13 28
25 29
28 30
19 31
11 32
22 33
15 34
26 35
25 36
33 37
20 38
12 39
7 40
34 41
13 42
34 43
22 44
4 45
4 46
3 47
34 48
13 49
13 50
27 51
47 52
48 53
23 54
40 55
54 56
15 57
30 58
8 59
29 60
31 61
46 62
58 63
43 64
1 65
60 66
25 67
64 68
35 69
66 70
35 71
24 72
67 73
27 74
69 75
13 76
9 77
27 78
30 79
3 80
77 81
50 82
78 83
10 84
5 85
59 86
49 87
51 88
22 89
34 90
13 91
35 92
51 93
43 94
53 95
58 96
42 97
74 98
77 99
13 100
87 101
8 102
12 103
31 104
53 105
47 106
47 107
13 108
19 109
61 110
47 111
5 112
96 113
93 114
21 115
38 116
87 117
100 118
27 119
1 120
49 121
64 122
112 123
64 124
13 125
18 126
29 127
95 128
123 129
50 130
130 131
42 132
85 133
126 134
42 135
54 136
113 137
6 138
1 139
9 140
132 141
47 142
69 143
141 144
76 145
1 146
56 147
147 148
147 149
29 150
4 151
117 152
82 153
95 154
124 155
140 156
102 157
87 158
71 159
77 160
18 161
11 162
78 163
44 164
141 165
138 166
143 167
54 168
65 169
29 170
63 171
5 172
69 173
17 174
96 175
99 176
80 177
65 178
11 179
34 180
42 181
142 182
162 183
3 184
158 185
172 186
63 187
171 188
33 189
104 190
179 191
27 192
116 193
47 194
164 195
98 196
170 197
161 198
173 199
3 200
151 201
17 202
40 203
120 204
59 205
181 206
38 207
176 208
91 209
165 210
113 211
64 212
121 213
22 214
33 215
59 216
143 217
162 218
179 219
129 220
140 221
143 222
159 223
97 224
166 225
42 226
47 227
180 228
89 229
82 230
47 231
35 232
5 233
204 234
28 235
83 236
57 237
182 238
223 239
210 240
52 241
60 242
97 243
212 244
99 245
32 246
243 247
141 248
84 249
112 250
131 251
25 252
81 253
67 254
7 255
241 256
255 257
95 258
247 259
238 260
98 261
6 262
37 263
106 264
178 265
230 266
97 267
211 268
93 269
182 270
164 271
107 272
165 273
122 274
26 275
46 276
160 277
185 278
161 279
241 280
12 281
217 282
91 283
176 284
255 285
277 286
237 287
268 288
180 289
146 290
38 291
275 292
74 293
223 294
82 295
129 296
101 297
250 298
32 299
208 300
130 301
22 302
16 303
58 304
184 305
161 306
127 307
19 308
148 309
134 310
310 311
306 312
129 313
19 314
224 315
92 316
188 317
303 318
156 319
37 320
116 321
219 322
112 323
244 324
280 325
60 326
67 327
297 328
111 329
150 330
205 331
227 332
328 333
169 334
249 335
57 336
257 337
218 338
8 339
19 340
285 341
207 342
132 343
275 344
123 345
133 346
64 347
250 348
329 349
151 350
327 351
233 352
46 353
31 354
92 355
218 356
224 357
149 358
317 359
26 360
289 361
36 362
335 363
323 364
315 365
358 366
195 367
137 368
107 369
82 370
96 371
61 372
264 373
22 374
240 375
373 376
176 377
176 378
356 379
86 380
96 381
214 382
224 383
368 384
273 385
105 386
158 387
287 388
219 389
30 390
324 391
212 392
12 393
221 394
269 395
217 396
312 397
356 398
240 399
65 400
24 401
11 402
8 403
400 404
378 405
360 406
71 407
149 408
141 409
219 410
348 411
319 412
260 413
140 414
356 415
129 416
140 417
71 418
39 419
3 420
86 421
363 422
360 423
68 424
210 425
75 426
140 427
279 428
397 429
368 430
191 431
100 432
351 433
294 434
399 435
348 436
153 437
46 438
406 439
42 440
430 441
318 442
349 443
326 444
80 445
286 446
155 447
337 448
343 449
305 450
411 451
87 452
253 453
107 454
238 455
30 456
31 457
135 458
17 459
9 460
10 461
178 462
421 463
448 464
73 465
450 466
370 467
211 468
446 469
264 470
388 471
162 472
205 473
410 474
385 475
17 476
402 477
17 478
25 479
275 480
22 481
105 482
64 483
352 484
80 485
364 486
398 487
400 488
310 489
293 490
26 491
238 492
225 493
34 494
231 495
50 496
446 497
51 498
357 499
32 500
370 501
21 502
201 503
482 504
372 505
455 506
294 507
22 508
347 509
356 510
483 511
429 512
174 513
75 514
21 515
308 516
335 517
416 518
59 519
322 520
305 521
59 3
249 2
19 1
23 7
520 1
337 4
213 7
94 8
54 8
436 300
413 9
341 6
425 9
128 2
32 5
259 9
334 5
381 9
238 4
318 458
223 3
109 8
473 8
282 1
248 5
335 9
241 2
268 1
138 6
322 270
326 3
197 5
512 3
456 2
311 9
189 2
452 4
357 9
234 6
280 225
312 10
163 8
347 2
168 7
421 7
186 10
105 3
164 5
16 7
48 398
24 9
488 2
25 5
402 5
226 7
307 3
363 6
165 7
503 5
2 160
228 7
55 2
328 5
265 4
65 1
56 8
494 6
94 2
487 2
185 339
417 3
275 3
77 4
50 5
215 3
270 7
94 1
439 3
287 6
346 145
74 1
94 5
1 4
188 3
429 1
223 3
322 10
35 5
505 7
351 436
153 5
391 6
434 7
367 6
275 3
192 8
36 5
451 5
331 2
430 113
398 5
77 2
41 10
126 8
348 6
2 7
58 7
514 6
94 3
158 422
383 2
197 8
39 5
2 10
161 2
322 3
318 2
252 8
8 9
412 315
10 6
5 3
19 7
377 6
440 9
225 9
83 4
167 4
131 4
439 519
108 10
282 9
39 8
446 9
393 8
485 6
242 2
231 3
46 5
513 10
350 8
272 1
172 6
21 3
506 3
307 1
45 5
448 4
133 7
36 453
487 9
405 6
475 4
226 6
338 6
391 4
228 7
360 3
432 9
8 295
372 2
246 7
33 2
115 4
87 9
245 10
220 9
110 4
335 2
458 379
95 7
355 3
20 8
496 8
220 2
408 1
366 7
395 5
227 8
438 437
264 6
354 9
234 5
294 10
458 7
293 3
469 4
506 2
428 8
13 201
125 8
15 8
29 10
412 5
503 10
245 6
41 6
12 7
453 10
122 48
138 4
469 10
19 8
320 1
103 3
391 8
349 5
307 2
291 5
241 359
338 6
103 5
161 6
46 5
291 9
119 1
421 3
311 1
11 8
121 111
509 10
338 8
455 4
140 9
84 10
238 7
267 5
483 6
165 5
42 279
70 9
273 2
124 2
223 2
340 3
337 3
339 5
421 7
347 2
497 112
264 9
317 8
380 9
338 7
457 3
59 2
484 5
55 8
6 2
224 484
417 10
211 9
412 4
485 8
483 8
505 8
375 8
87 5
292 10
460 364
85 5
301 4
222 6
172 10
379 6
360 9
150 1
110 2
233 3
415 258
272 2
164 8
293 9
371 1
274 1
5 5
514 6
55 6
497 3
34 480
238 9
66 6
441 1
416 7
98 3
334 3
94 10
255 9
437 2
2 14
84 2
3 1
119 8
118 8
505 7
307 1
448 2
158 8
110 6
211 253
301 8
395 3
265 10
364 6
477 10
129 7
132 9
258 8
452 10
421 404
110 5
469 3
518 4
77 7
187 2
165 3
344 8
170 5
370 9
494 301
55 4
88 6
289 6
444 1
262 8
464 9
392 7
423 7
511 4
63 223
132 1
471 9
216 8
162 2
302 10
160 10
415 6
428 10
218 1
171 344
493 1
11 6
279 5
398 2
241 10
40 6
399 9
340 5
206 5
255 451
398 8
511 8
490 4
493 7
177 8
240 2
75 10
429 4
166 7
383 81
72 9
221 7
44 9
485 8
274 7
158 3
373 1
48 10
48 5
346 393
254 4
385 6
516 5
448 7
395 10
499 1
79 5
85 10
42 4
75 441
44 5
208 1
240 1
244 5
94 2
324 10
38 10
406 8
294 10
295 382
260 8
382 2
422 4
11 1
73 7
76 6
393 8
209 2
103 5
136 385
365 6
298 9
356 1
384 5
197 5
242 5
53 4
248 4
50 9
182 393
67 9
469 7
191 5
251 6
437 4
338 10
412 10
267 2
20 8
429 185
79 7
24 8
147 5
217 3
442 4
78 10
197 4
46 3
257 10
23 421
3 3
444 5
195 10
234 9
477 5
186 4
413 5
37 6
68 2
57 379
355 5
40 3
192 5
447 1
337 8
502 5
134 6
132 4
248 5
370 31
409 4
23 2
458 5
243 8
466 3
68 3
487 7
325 7
169 8
386 421
163 5
340 2
240 6
183 3
107 10
388 6
153 7
114 5
469 3
279 345
461 2
218 2
278 10
497 9
363 7
202 5
500 8
95 1
287 3
101 359
386 3
305 7
272 8
264 10
231 9
518 10
234 9
429 5
484 6
305 365
264 7
377 1
11 9
52 2
323 2
321 3
234 3
464 4
257 10
464 320
517 2
443 9
31 7
507 4
401 2
19 8
234 4
358 1
34 4
275 481
277 7
377 5
419 10
261 10
110 3
60 1
244 6
412 3
60 1
284 43
43 5
256 10
314 2
332 9
319 2
478 8
360 8
1 10
370 2
69 383
224 2
105 6
413 3
330 1
174 7
127 1
504 4
284 1
243 5
283 304
37 10
516 4
474 3
73 10
397 10
233 5
191 8
255 7
58 3
157 329
155 7
145 1
256 2
153 7
242 8
320 9
43 7
108 9
380 9
9 432
278 10
223 3
54 7
78 7
302 4
396 8
321 6
309 1
250 1
469 434
181 6
94 1
180 9
154 5
17 9
302 4
439 10
437 5
377 6
232 122
164 4
478 7
225 1
472 3
424 2
27 3
68 8
197 4
125 9
361 432
263 1
305 6
352 7
484 9
337 9
411 4
417 6
250 9
106 3
455 120
369 4
345 6
214 6
379 5
336 3
201 9
386 5
281 1
442 8
183 233
443 9
318 10
269 8
329 2
284 6
385 9
510 6
263 7
413 2
70 488
428 8
454 4
211 10
237 10
228 9
282 2
316 1
128 5
200 5
48 107
328 7
397 2
98 8
199 5
493 6
207 7
114 7
428 8
21 1
317 291
366 5
185 8
412 8
44 7
305 7
274 1
16 5
277 10
266 2
93 457
118 3
146 5
130 8
67 7
446 7
493 4
194 7
419 2
224 1
328 129
258 10
242 4
464 2
33 2
238 2
47 3
61 6
35 9
71 3
196 250
291 7
10 8
284 9
103 5
506 4
153 3
44 4
276 5
494 5
471 89
27 10
274 2
404 4
318 2
293 2
306 3
228 8
455 1
179 2
200 434
353 10
437 10
386 9
498 6
17 7
125 4
372 3
338 2
58 6
101 228
289 8
305 4
168 4
219 8
284 7
206 6
84 3
502 6
364 7
39 391
520 10
360 8
341 2
282 2
180 6
40 4
388 10
22 4
285 4
352 217
440 4
320 9
233 7
96 4
77 5
37 6
495 3
209 2
491 10
385 352
507 8
400 9
377 4
449 2
367 10
316 1
393 7
70 8
478 4
387 509
301 3
433 5
61 4
277 3
421 8
429 3
226 1
214 9
20 8
509 484
116 5
184 1
313 2
487 3
265 6
449 4
10 8
238 8
344 6
317 151
313 9
61 4
220 3
212 1
309 7
292 2
132 8
346 3
102 1
41 108
86 9
383 8
312 2
305 4
95 2
274 2
44 8
390 8
233 8
128 275
449 10
395 8
115 9
250 7
389 9
199 8
344 9
350 5
264 3
330 186
38 2
429 5
297 1
326 8
39 10
79 1
491 9
67 2
408 5
473 327
31 6
226 9
51 7
103 7
246 6
377 1
245 6
118 9
164 1
244 190
316 10
341 5
275 10
137 7
333 3
414 10
267 10
395 1
22 4
119 377
361 2
206 10
365 8
241 8
350 6
42 8
332 3
319 2
378 8
475 237
68 8
40 7
361 9
200 9
197 7
164 4
93 1
239 7
85 6
12 457
105 5
84 6
45 6
323 1
57 9
254 6
210 10
59 4
252 9
516 395
289 4
18 2
415 6
353 1
307 5
194 1
456 1
484 6
211 2
347 486
138 7
153 6
354 8
207 6
510 1
472 6
441 1
68 5
472 6
126 174
193 9
300 6
110 6
60 7
287 10
388 1
100 7
153 4
53 5
252 293
89 8
221 3
157 8
494 10
199 5
354 7
220 10
104 1
314 4
89 514
328 3
226 7
288 2
131 2
217 6
502 3
27 8
237 8
493 7
472 369
387 4
394 3
465 8
69 2
307 2
319 9
340 7
490 6
79 8
165 469
472 1
104 3
56 8
189 10
201 4
367 1
378 3
131 5
249 4
471 150
350 3
300 3
246 9
384 10
353 8
255 5
327 8
61 4
396 10
259 257
62 1
481 4
190 4
349 8
134 5
494 6
140 4
156 3
370 4
458 230
66 6
289 10
406 6
89 3
245 6
233 10
436 10
369 5
221 5
9 339
275 9
456 1
308 9
62 3
334 3
452 2
305 4
143 6
282 4
386 169
267 6
146 9
6 10
187 6
204 7
429 2
314 7
194 3
85 3
469 123
120 5
408 9
214 1
518 9
41 1
32 6
58 10
417 8
338 3
425 306
70 4
266 1
510 6
143 9
39 4
220 5
369 8
405 6
201 4
33 463
146 10
395 8
408 9
320 9
474 3
183 8
61 8
396 3
468 2
249 288
